0.000000000000000000e+00 3.051757812500000000e-05 3.051757812500000000e-05
0.000000000000000000e+00 3.051757812500000000e-05 3.051757812500000000e-05
0.000000000000000000e+00 3.051757812500000000e-05 3.051757812500000000e-05
0.000000000000000000e+00 3.051757812500000000e-05 3.051757812500000000e-05
0.000000000000000000e+00 3.051757812500000000e-05 3.051757812500000000e-05
0.000000000000000000e+00 3.051757812500000000e-05 3.051757812500000000e-05
0.000000000000000000e+00 3.051757812500000000e-05 3.051757812500000000e-05
0.000000000000000000e+00 3.051757812500000000e-05 3.051757812500000000e-05
0.000000000000000000e+00 3.051757812500000000e-05 3.051757812500000000e-05
0.000000000000000000e+00 3.051757812500000000e-05 3.051757812500000000e-05
0.000000000000000000e+00 3.051757812500000000e-05 3.051757812500000000e-05
0.000000000000000000e+00 3.051757812500000000e-05 3.051757812500000000e-05
0.000000000000000000e+00 3.051757812500000000e-05 3.051757812500000000e-05
0.000000000000000000e+00 3.051757812500000000e-05 3.051757812500000000e-05
0.000000000000000000e+00 3.051757812500000000e-05 3.051757812500000000e-05
0.000000000000000000e+00 3.051757812500000000e-05 3.051757812500000000e-05
0.000000000000000000e+00 3.051757812500000000e-05 3.051757812500000000e-05
0.000000000000000000e+00 3.051757812500000000e-05 3.051757812500000000e-05
0.000000000000000000e+00 3.051757812500000000e-05 3.051757812500000000e-05
0.000000000000000000e+00 3.051757812500000000e-05 3.051757812500000000e-05
0.000000000000000000e+00 3.051757812500000000e-05 3.051757812500000000e-05
0.000000000000000000e+00 3.051757812500000000e-05 3.051757812500000000e-05
0.000000000000000000e+00 3.051757812500000000e-05 3.051757812500000000e-05
0.000000000000000000e+00 3.051757812500000000e-05 3.051757812500000000e-05
0.000000000000000000e+00 3.051757812500000000e-05 3.051757812500000000e-05
0.000000000000000000e+00 3.051757812500000000e-05 3.051757812500000000e-05
0.000000000000000000e+00 3.051757812500000000e-05 3.051757812500000000e-05
0.000000000000000000e+00 3.051757812500000000e-05 3.051757812500000000e-05
0.000000000000000000e+00 3.051757812500000000e-05 3.051757812500000000e-05
0.000000000000000000e+00 3.051757812500000000e-05 3.051757812500000000e-05
0.000000000000000000e+00 3.051757812500000000e-05 3.051757812500000000e-05
0.000000000000000000e+00 3.051757812500000000e-05 3.051757812500000000e-05
0.000000000000000000e+00 3.051757812500000000e-05 3.051757812500000000e-05
0.000000000000000000e+00 3.051757812500000000e-05 3.051757812500000000e-05
0.000000000000000000e+00 3.051757812500000000e-05 3.051757812500000000e-05
0.000000000000000000e+00 3.051757812500000000e-05 3.051757812500000000e-05
0.000000000000000000e+00 3.051757812500000000e-05 3.051757812500000000e-05
0.000000000000000000e+00 3.051757812500000000e-05 3.051757812500000000e-05
0.000000000000000000e+00 3.051757812500000000e-05 3.051757812500000000e-05
0.000000000000000000e+00 3.051757812500000000e-05 3.051757812500000000e-05
0.000000000000000000e+00 3.051757812500000000e-05 3.051757812500000000e-05
0.000000000000000000e+00 3.051757812500000000e-05 3.051757812500000000e-05
0.000000000000000000e+00 3.051757812500000000e-05 3.051757812500000000e-05
0.000000000000000000e+00 3.051757812500000000e-05 3.051757812500000000e-05
0.000000000000000000e+00 3.051757812500000000e-05 3.051757812500000000e-05
0.000000000000000000e+00 3.051757812500000000e-05 3.051757812500000000e-05
0.000000000000000000e+00 3.051757812500000000e-05 3.051757812500000000e-05
0.000000000000000000e+00 3.051757812500000000e-05 3.051757812500000000e-05
0.000000000000000000e+00 3.051757812500000000e-05 3.051757812500000000e-05
0.000000000000000000e+00 3.051757812500000000e-05 3.051757812500000000e-05
0.000000000000000000e+00 3.051757812500000000e-05 3.051757812500000000e-05
0.000000000000000000e+00 3.051757812500000000e-05 3.051757812500000000e-05
0.000000000000000000e+00 3.051757812500000000e-05 3.051757812500000000e-05
0.000000000000000000e+00 3.051757812500000000e-05 3.051757812500000000e-05
0.000000000000000000e+00 3.051757812500000000e-05 3.051757812500000000e-05
0.000000000000000000e+00 3.051757812500000000e-05 3.051757812500000000e-05
0.000000000000000000e+00 3.051757812500000000e-05 3.051757812500000000e-05
0.000000000000000000e+00 3.051757812500000000e-05 3.051757812500000000e-05
0.000000000000000000e+00 3.051757812500000000e-05 3.051757812500000000e-05
0.000000000000000000e+00 3.051757812500000000e-05 3.051757812500000000e-05
0.000000000000000000e+00 3.051757812500000000e-05 3.051757812500000000e-05
0.000000000000000000e+00 3.051757812500000000e-05 3.051757812500000000e-05
0.000000000000000000e+00 3.051757812500000000e-05 3.051757812500000000e-05
0.000000000000000000e+00 3.051757812500000000e-05 3.051757812500000000e-05
0.000000000000000000e+00 3.051757812500000000e-05 3.051757812500000000e-05
0.000000000000000000e+00 3.051757812500000000e-05 3.051757812500000000e-05
0.000000000000000000e+00 3.051757812500000000e-05 3.051757812500000000e-05
0.000000000000000000e+00 3.051757812500000000e-05 3.051757812500000000e-05
0.000000000000000000e+00 3.051757812500000000e-05 3.051757812500000000e-05
0.000000000000000000e+00 3.051757812500000000e-05 3.051757812500000000e-05
0.000000000000000000e+00 3.051757812500000000e-05 3.051757812500000000e-05
0.000000000000000000e+00 3.051757812500000000e-05 3.051757812500000000e-05
0.000000000000000000e+00 3.051757812500000000e-05 3.051757812500000000e-05
0.000000000000000000e+00 3.051757812500000000e-05 3.051757812500000000e-05
0.000000000000000000e+00 3.051757812500000000e-05 3.051757812500000000e-05
0.000000000000000000e+00 3.051757812500000000e-05 3.051757812500000000e-05
0.000000000000000000e+00 3.051757812500000000e-05 3.051757812500000000e-05
0.000000000000000000e+00 3.051757812500000000e-05 3.051757812500000000e-05
0.000000000000000000e+00 3.051757812500000000e-05 3.051757812500000000e-05
0.000000000000000000e+00 3.051757812500000000e-05 3.051757812500000000e-05
0.000000000000000000e+00 3.051757812500000000e-05 3.051757812500000000e-05
0.000000000000000000e+00 3.051757812500000000e-05 3.051757812500000000e-05
0.000000000000000000e+00 3.051757812500000000e-05 3.051757812500000000e-05
0.000000000000000000e+00 3.051757812500000000e-05 3.051757812500000000e-05
0.000000000000000000e+00 3.051757812500000000e-05 3.051757812500000000e-05
0.000000000000000000e+00 3.051757812500000000e-05 3.051757812500000000e-05
0.000000000000000000e+00 3.051757812500000000e-05 3.051757812500000000e-05
0.000000000000000000e+00 3.051757812500000000e-05 3.051757812500000000e-05
0.000000000000000000e+00 3.051757812500000000e-05 3.051757812500000000e-05
0.000000000000000000e+00 3.051757812500000000e-05 3.051757812500000000e-05
0.000000000000000000e+00 3.051757812500000000e-05 3.051757812500000000e-05
0.000000000000000000e+00 3.051757812500000000e-05 3.051757812500000000e-05
0.000000000000000000e+00 3.051757812500000000e-05 3.051757812500000000e-05
0.000000000000000000e+00 3.051757812500000000e-05 3.051757812500000000e-05
0.000000000000000000e+00 3.051757812500000000e-05 3.051757812500000000e-05
0.000000000000000000e+00 3.051757812500000000e-05 3.051757812500000000e-05
0.000000000000000000e+00 3.051757812500000000e-05 3.051757812500000000e-05
0.000000000000000000e+00 3.051757812500000000e-05 3.051757812500000000e-05
0.000000000000000000e+00 3.051757812500000000e-05 3.051757812500000000e-05
0.000000000000000000e+00 3.051757812500000000e-05 3.051757812500000000e-05
0.000000000000000000e+00 3.051757812500000000e-05 3.051757812500000000e-05
0.000000000000000000e+00 3.051757812500000000e-05 3.051757812500000000e-05
0.000000000000000000e+00 3.051757812500000000e-05 3.051757812500000000e-05
0.000000000000000000e+00 3.051757812500000000e-05 3.051757812500000000e-05
0.000000000000000000e+00 3.051757812500000000e-05 3.051757812500000000e-05
0.000000000000000000e+00 3.051757812500000000e-05 3.051757812500000000e-05
0.000000000000000000e+00 3.051757812500000000e-05 3.051757812500000000e-05
0.000000000000000000e+00 3.051757812500000000e-05 3.051757812500000000e-05
0.000000000000000000e+00 3.051757812500000000e-05 3.051757812500000000e-05
0.000000000000000000e+00 3.051757812500000000e-05 3.051757812500000000e-05
0.000000000000000000e+00 3.051757812500000000e-05 3.051757812500000000e-05
0.000000000000000000e+00 3.051757812500000000e-05 3.051757812500000000e-05
0.000000000000000000e+00 3.051757812500000000e-05 3.051757812500000000e-05
0.000000000000000000e+00 3.051757812500000000e-05 3.051757812500000000e-05
0.000000000000000000e+00 3.051757812500000000e-05 3.051757812500000000e-05
0.000000000000000000e+00 3.051757812500000000e-05 3.051757812500000000e-05
0.000000000000000000e+00 3.051757812500000000e-05 3.051757812500000000e-05
0.000000000000000000e+00 3.051757812500000000e-05 3.051757812500000000e-05
0.000000000000000000e+00 3.051757812500000000e-05 3.051757812500000000e-05
0.000000000000000000e+00 3.051757812500000000e-05 3.051757812500000000e-05
0.000000000000000000e+00 3.051757812500000000e-05 3.051757812500000000e-05
0.000000000000000000e+00 3.051757812500000000e-05 3.051757812500000000e-05
0.000000000000000000e+00 3.051757812500000000e-05 3.051757812500000000e-05
0.000000000000000000e+00 3.051757812500000000e-05 3.051757812500000000e-05
0.000000000000000000e+00 3.051757812500000000e-05 3.051757812500000000e-05
0.000000000000000000e+00 3.051757812500000000e-05 3.051757812500000000e-05
0.000000000000000000e+00 3.051757812500000000e-05 3.051757812500000000e-05
0.000000000000000000e+00 3.051757812500000000e-05 3.051757812500000000e-05
0.000000000000000000e+00 3.051757812500000000e-05 3.051757812500000000e-05
0.000000000000000000e+00 3.051757812500000000e-05 3.051757812500000000e-05
0.000000000000000000e+00 3.051757812500000000e-05 3.051757812500000000e-05
0.000000000000000000e+00 3.051757812500000000e-05 3.051757812500000000e-05
0.000000000000000000e+00 3.051757812500000000e-05 3.051757812500000000e-05
0.000000000000000000e+00 3.051757812500000000e-05 3.051757812500000000e-05
0.000000000000000000e+00 3.051757812500000000e-05 3.051757812500000000e-05
0.000000000000000000e+00 3.051757812500000000e-05 3.051757812500000000e-05
0.000000000000000000e+00 3.051757812500000000e-05 3.051757812500000000e-05
0.000000000000000000e+00 3.051757812500000000e-05 3.051757812500000000e-05
0.000000000000000000e+00 3.051757812500000000e-05 3.051757812500000000e-05
0.000000000000000000e+00 3.051757812500000000e-05 3.051757812500000000e-05
0.000000000000000000e+00 3.051757812500000000e-05 3.051757812500000000e-05
0.000000000000000000e+00 3.051757812500000000e-05 3.051757812500000000e-05
0.000000000000000000e+00 3.051757812500000000e-05 3.051757812500000000e-05
0.000000000000000000e+00 3.051757812500000000e-05 3.051757812500000000e-05
0.000000000000000000e+00 3.051757812500000000e-05 3.051757812500000000e-05
0.000000000000000000e+00 3.051757812500000000e-05 3.051757812500000000e-05
0.000000000000000000e+00 3.051757812500000000e-05 3.051757812500000000e-05
0.000000000000000000e+00 3.051757812500000000e-05 3.051757812500000000e-05
0.000000000000000000e+00 3.051757812500000000e-05 3.051757812500000000e-05
0.000000000000000000e+00 3.051757812500000000e-05 3.051757812500000000e-05
0.000000000000000000e+00 3.051757812500000000e-05 3.051757812500000000e-05
0.000000000000000000e+00 3.051757812500000000e-05 3.051757812500000000e-05
0.000000000000000000e+00 3.051757812500000000e-05 3.051757812500000000e-05
0.000000000000000000e+00 3.051757812500000000e-05 3.051757812500000000e-05
0.000000000000000000e+00 3.051757812500000000e-05 3.051757812500000000e-05
0.000000000000000000e+00 3.051757812500000000e-05 3.051757812500000000e-05
0.000000000000000000e+00 3.051757812500000000e-05 3.051757812500000000e-05
0.000000000000000000e+00 3.051757812500000000e-05 3.051757812500000000e-05
0.000000000000000000e+00 3.051757812500000000e-05 3.051757812500000000e-05
0.000000000000000000e+00 3.051757812500000000e-05 3.051757812500000000e-05
0.000000000000000000e+00 3.051757812500000000e-05 3.051757812500000000e-05
0.000000000000000000e+00 3.051757812500000000e-05 3.051757812500000000e-05
0.000000000000000000e+00 3.051757812500000000e-05 3.051757812500000000e-05
0.000000000000000000e+00 3.051757812500000000e-05 3.051757812500000000e-05
0.000000000000000000e+00 3.051757812500000000e-05 3.051757812500000000e-05
0.000000000000000000e+00 3.051757812500000000e-05 3.051757812500000000e-05
0.000000000000000000e+00 3.051757812500000000e-05 3.051757812500000000e-05
0.000000000000000000e+00 3.051757812500000000e-05 3.051757812500000000e-05
0.000000000000000000e+00 3.051757812500000000e-05 3.051757812500000000e-05
0.000000000000000000e+00 3.051757812500000000e-05 3.051757812500000000e-05
0.000000000000000000e+00 3.051757812500000000e-05 3.051757812500000000e-05
0.000000000000000000e+00 3.051757812500000000e-05 3.051757812500000000e-05
0.000000000000000000e+00 3.051757812500000000e-05 3.051757812500000000e-05
0.000000000000000000e+00 3.051757812500000000e-05 3.051757812500000000e-05
0.000000000000000000e+00 3.051757812500000000e-05 3.051757812500000000e-05
0.000000000000000000e+00 3.051757812500000000e-05 3.051757812500000000e-05
0.000000000000000000e+00 3.051757812500000000e-05 3.051757812500000000e-05
0.000000000000000000e+00 3.051757812500000000e-05 3.051757812500000000e-05
0.000000000000000000e+00 3.051757812500000000e-05 3.051757812500000000e-05
0.000000000000000000e+00 3.051757812500000000e-05 3.051757812500000000e-05
0.000000000000000000e+00 3.051757812500000000e-05 3.051757812500000000e-05
0.000000000000000000e+00 3.051757812500000000e-05 3.051757812500000000e-05
0.000000000000000000e+00 3.051757812500000000e-05 3.051757812500000000e-05
0.000000000000000000e+00 3.051757812500000000e-05 3.051757812500000000e-05
0.000000000000000000e+00 3.051757812500000000e-05 3.051757812500000000e-05
0.000000000000000000e+00 3.051757812500000000e-05 3.051757812500000000e-05
0.000000000000000000e+00 3.051757812500000000e-05 3.051757812500000000e-05
0.000000000000000000e+00 3.051757812500000000e-05 3.051757812500000000e-05
0.000000000000000000e+00 3.051757812500000000e-05 3.051757812500000000e-05
0.000000000000000000e+00 3.051757812500000000e-05 3.051757812500000000e-05
0.000000000000000000e+00 3.051757812500000000e-05 3.051757812500000000e-05
0.000000000000000000e+00 3.051757812500000000e-05 3.051757812500000000e-05
0.000000000000000000e+00 3.051757812500000000e-05 3.051757812500000000e-05
0.000000000000000000e+00 3.051757812500000000e-05 3.051757812500000000e-05
0.000000000000000000e+00 3.051757812500000000e-05 3.051757812500000000e-05
0.000000000000000000e+00 3.051757812500000000e-05 3.051757812500000000e-05
0.000000000000000000e+00 3.051757812500000000e-05 3.051757812500000000e-05
0.000000000000000000e+00 3.051757812500000000e-05 3.051757812500000000e-05
0.000000000000000000e+00 3.051757812500000000e-05 3.051757812500000000e-05
0.000000000000000000e+00 3.051757812500000000e-05 3.051757812500000000e-05
0.000000000000000000e+00 3.051757812500000000e-05 3.051757812500000000e-05
0.000000000000000000e+00 3.051757812500000000e-05 3.051757812500000000e-05
0.000000000000000000e+00 3.051757812500000000e-05 3.051757812500000000e-05
0.000000000000000000e+00 3.051757812500000000e-05 3.051757812500000000e-05
0.000000000000000000e+00 3.051757812500000000e-05 3.051757812500000000e-05
0.000000000000000000e+00 3.051757812500000000e-05 3.051757812500000000e-05
0.000000000000000000e+00 3.051757812500000000e-05 3.051757812500000000e-05
0.000000000000000000e+00 3.051757812500000000e-05 3.051757812500000000e-05
0.000000000000000000e+00 3.051757812500000000e-05 3.051757812500000000e-05
0.000000000000000000e+00 3.051757812500000000e-05 3.051757812500000000e-05
0.000000000000000000e+00 3.051757812500000000e-05 3.051757812500000000e-05
0.000000000000000000e+00 3.051757812500000000e-05 3.051757812500000000e-05
0.000000000000000000e+00 3.051757812500000000e-05 3.051757812500000000e-05
0.000000000000000000e+00 3.051757812500000000e-05 3.051757812500000000e-05
0.000000000000000000e+00 3.051757812500000000e-05 3.051757812500000000e-05
0.000000000000000000e+00 3.051757812500000000e-05 3.051757812500000000e-05
0.000000000000000000e+00 3.051757812500000000e-05 3.051757812500000000e-05
0.000000000000000000e+00 3.051757812500000000e-05 3.051757812500000000e-05
0.000000000000000000e+00 3.051757812500000000e-05 3.051757812500000000e-05
0.000000000000000000e+00 3.051757812500000000e-05 3.051757812500000000e-05
0.000000000000000000e+00 3.051757812500000000e-05 3.051757812500000000e-05
0.000000000000000000e+00 3.051757812500000000e-05 3.051757812500000000e-05
0.000000000000000000e+00 3.051757812500000000e-05 3.051757812500000000e-05
0.000000000000000000e+00 3.051757812500000000e-05 3.051757812500000000e-05
0.000000000000000000e+00 3.051757812500000000e-05 3.051757812500000000e-05
0.000000000000000000e+00 3.051757812500000000e-05 3.051757812500000000e-05
0.000000000000000000e+00 3.051757812500000000e-05 3.051757812500000000e-05
0.000000000000000000e+00 3.051757812500000000e-05 3.051757812500000000e-05
0.000000000000000000e+00 3.051757812500000000e-05 3.051757812500000000e-05
0.000000000000000000e+00 3.051757812500000000e-05 3.051757812500000000e-05
0.000000000000000000e+00 3.051757812500000000e-05 3.051757812500000000e-05
0.000000000000000000e+00 3.051757812500000000e-05 3.051757812500000000e-05
0.000000000000000000e+00 3.051757812500000000e-05 3.051757812500000000e-05
0.000000000000000000e+00 3.051757812500000000e-05 3.051757812500000000e-05
0.000000000000000000e+00 3.051757812500000000e-05 3.051757812500000000e-05
0.000000000000000000e+00 3.051757812500000000e-05 3.051757812500000000e-05
0.000000000000000000e+00 3.051757812500000000e-05 3.051757812500000000e-05
0.000000000000000000e+00 3.051757812500000000e-05 3.051757812500000000e-05
0.000000000000000000e+00 3.051757812500000000e-05 3.051757812500000000e-05
0.000000000000000000e+00 3.051757812500000000e-05 3.051757812500000000e-05
0.000000000000000000e+00 3.051757812500000000e-05 3.051757812500000000e-05
0.000000000000000000e+00 3.051757812500000000e-05 3.051757812500000000e-05
0.000000000000000000e+00 3.051757812500000000e-05 3.051757812500000000e-05
0.000000000000000000e+00 3.051757812500000000e-05 3.051757812500000000e-05
0.000000000000000000e+00 3.051757812500000000e-05 3.051757812500000000e-05
0.000000000000000000e+00 3.051757812500000000e-05 3.051757812500000000e-05
0.000000000000000000e+00 3.051757812500000000e-05 3.051757812500000000e-05
0.000000000000000000e+00 3.051757812500000000e-05 3.051757812500000000e-05
0.000000000000000000e+00 3.051757812500000000e-05 3.051757812500000000e-05
0.000000000000000000e+00 3.051757812500000000e-05 3.051757812500000000e-05
0.000000000000000000e+00 3.051757812500000000e-05 3.051757812500000000e-05
0.000000000000000000e+00 3.051757812500000000e-05 3.051757812500000000e-05
3.817138671875000000e-01 3.051757812500000000e-05 3.051757812500000000e-05
9.999694824218750000e-01 3.051757812500000000e-05 3.051757812500000000e-05
9.999694824218750000e-01 2.250061035156250000e-01 3.051757812500000000e-05
9.999694824218750000e-01 2.697448730468750000e-01 3.051757812500000000e-05
9.999694824218750000e-01 2.697448730468750000e-01 3.051757812500000000e-05
9.999694824218750000e-01 2.697448730468750000e-01 3.051757812500000000e-05
9.999694824218750000e-01 2.697448730468750000e-01 3.051757812500000000e-05
9.999694824218750000e-01 2.776489257812500000e-01 3.051757812500000000e-05
9.999694824218750000e-01 2.750244140625000000e-01 3.051757812500000000e-05
9.999694824218750000e-01 2.750244140625000000e-01 3.051757812500000000e-05
9.999694824218750000e-01 2.842407226562500000e-01 3.051757812500000000e-05
9.999694824218750000e-01 3.263244628906250000e-01 3.051757812500000000e-05
9.999694824218750000e-01 3.592224121093750000e-01 3.051757812500000000e-05
9.999694824218750000e-01 3.605346679687500000e-01 3.051757812500000000e-05
9.999694824218750000e-01 3.592224121093750000e-01 3.051757812500000000e-05
9.999694824218750000e-01 3.881835937500000000e-01 3.051757812500000000e-05
9.999694824218750000e-01 3.934326171875000000e-01 3.051757812500000000e-05
9.999694824218750000e-01 6.342163085937500000e-01 3.051757812500000000e-05
9.999694824218750000e-01 7.302856445312500000e-01 3.051757812500000000e-05
9.999694824218750000e-01 8.486938476562500000e-01 3.051757812500000000e-05
9.999694824218750000e-01 9.302673339843750000e-01 3.051757812500000000e-05
9.999694824218750000e-01 9.986877441406250000e-01 3.051757812500000000e-05
9.999694824218750000e-01 1.000000000000000000e+00 3.051757812500000000e-05
9.880065917968750000e-01 1.000000000000000000e+00 3.051757812500000000e-05
9.745483398437500000e-01 1.000000000000000000e+00 3.051757812500000000e-05
9.730529785156250000e-01 1.000000000000000000e+00 3.051757812500000000e-05
9.625549316406250000e-01 1.000000000000000000e+00 3.051757812500000000e-05
9.610595703125000000e-01 1.000000000000000000e+00 3.051757812500000000e-05
9.610595703125000000e-01 1.000000000000000000e+00 3.051757812500000000e-05
9.610595703125000000e-01 1.000000000000000000e+00 3.051757812500000000e-05
9.326171875000000000e-01 1.000000000000000000e+00 3.051757812500000000e-05
8.667602539062500000e-01 1.000000000000000000e+00 3.051757812500000000e-05
7.050781250000000000e-01 1.000000000000000000e+00 3.051757812500000000e-05
6.691589355468750000e-01 1.000000000000000000e+00 3.051757812500000000e-05
6.691589355468750000e-01 1.000000000000000000e+00 3.051757812500000000e-05
2.694396972656250000e-01 1.000000000000000000e+00 3.051757812500000000e-05
2.140502929687500000e-01 1.000000000000000000e+00 3.051757812500000000e-05
2.140502929687500000e-01 1.000000000000000000e+00 3.051757812500000000e-05
2.140502929687500000e-01 1.000000000000000000e+00 3.051757812500000000e-05
2.140502929687500000e-01 1.000000000000000000e+00 3.051757812500000000e-05
2.140502929687500000e-01 1.000000000000000000e+00 3.051757812500000000e-05
2.080688476562500000e-01 1.000000000000000000e+00 3.051757812500000000e-05
2.050781250000000000e-01 1.000000000000000000e+00 3.051757812500000000e-05
2.050781250000000000e-01 1.000000000000000000e+00 3.051757812500000000e-05
2.050781250000000000e-01 1.000000000000000000e+00 3.051757812500000000e-05
2.050781250000000000e-01 1.000000000000000000e+00 3.051757812500000000e-05
2.050781250000000000e-01 1.000000000000000000e+00 3.051757812500000000e-05
2.050781250000000000e-01 1.000000000000000000e+00 3.051757812500000000e-05
2.050781250000000000e-01 1.000000000000000000e+00 3.051757812500000000e-05
2.050781250000000000e-01 1.000000000000000000e+00 3.051757812500000000e-05
2.050781250000000000e-01 1.000000000000000000e+00 3.051757812500000000e-05
6.691589355468750000e-01 1.000000000000000000e+00 3.051757812500000000e-05
9.371032714843750000e-01 1.000000000000000000e+00 3.051757812500000000e-05
9.999694824218750000e-01 9.250183105468750000e-01 3.051757812500000000e-05
9.999694824218750000e-01 7.039489746093750000e-01 3.051757812500000000e-05
9.999694824218750000e-01 3.592224121093750000e-01 3.051757812500000000e-05
9.999694824218750000e-01 3.579101562500000000e-01 3.051757812500000000e-05
9.999694824218750000e-01 3.579101562500000000e-01 3.051757812500000000e-05
9.999694824218750000e-01 3.579101562500000000e-01 3.051757812500000000e-05
9.999694824218750000e-01 4.276428222656250000e-01 3.051757812500000000e-05
9.999694824218750000e-01 7.302856445312500000e-01 3.051757812500000000e-05
9.999694824218750000e-01 9.697570800781250000e-01 3.051757812500000000e-05
9.999694824218750000e-01 1.000000000000000000e+00 3.051757812500000000e-05
9.969787597656250000e-01 1.000000000000000000e+00 3.051757812500000000e-05
9.865112304687500000e-01 1.000000000000000000e+00 3.051757812500000000e-05
9.625549316406250000e-01 1.000000000000000000e+00 3.051757812500000000e-05
9.595642089843750000e-01 1.000000000000000000e+00 3.051757812500000000e-05
9.595642089843750000e-01 1.000000000000000000e+00 3.051757812500000000e-05
9.595642089843750000e-01 1.000000000000000000e+00 3.051757812500000000e-05
9.595642089843750000e-01 1.000000000000000000e+00 3.051757812500000000e-05
9.595642089843750000e-01 1.000000000000000000e+00 3.051757812500000000e-05
9.446105957031250000e-01 1.000000000000000000e+00 3.051757812500000000e-05
9.056701660156250000e-01 1.000000000000000000e+00 3.051757812500000000e-05
7.335205078125000000e-01 1.000000000000000000e+00 3.051757812500000000e-05
5.044860839843750000e-01 1.000000000000000000e+00 3.051757812500000000e-05
3.008728027343750000e-01 1.000000000000000000e+00 3.051757812500000000e-05
1.122741699218750000e-01 1.000000000000000000e+00 3.051757812500000000e-05
1.032714843750000000e-01 1.000000000000000000e+00 3.051757812500000000e-05
0.000000000000000000e+00 1.000000000000000000e+00 3.051757812500000000e-05
-1.510620117187500000e-02 1.000000000000000000e+00 3.051757812500000000e-05
-1.510620117187500000e-02 1.000000000000000000e+00 3.051757812500000000e-05
-2.546081542968750000e-01 1.000000000000000000e+00 3.051757812500000000e-05
-2.546081542968750000e-01 1.000000000000000000e+00 3.051757812500000000e-05
-2.632446289062500000e-01 1.000000000000000000e+00 3.051757812500000000e-05
-4.325866699218750000e-01 1.000000000000000000e+00 3.051757812500000000e-05
-4.660339355468750000e-01 1.000000000000000000e+00 3.051757812500000000e-05
-4.638671875000000000e-01 1.000000000000000000e+00 3.051757812500000000e-05
-4.649658203125000000e-01 1.000000000000000000e+00 3.051757812500000000e-05
-4.649658203125000000e-01 1.000000000000000000e+00 3.051757812500000000e-05
-5.005493164062500000e-01 1.000000000000000000e+00 3.051757812500000000e-05
-5.005493164062500000e-01 1.000000000000000000e+00 3.051757812500000000e-05
-5.005493164062500000e-01 1.000000000000000000e+00 3.051757812500000000e-05
-5.005493164062500000e-01 1.000000000000000000e+00 3.051757812500000000e-05
-4.573974609375000000e-01 1.000000000000000000e+00 3.051757812500000000e-05
0.000000000000000000e+00 3.051757812500000000e-05 3.051757812500000000e-05
0.000000000000000000e+00 3.051757812500000000e-05 3.051757812500000000e-05
0.000000000000000000e+00 3.051757812500000000e-05 3.051757812500000000e-05
0.000000000000000000e+00 3.051757812500000000e-05 3.051757812500000000e-05
0.000000000000000000e+00 3.051757812500000000e-05 3.051757812500000000e-05
0.000000000000000000e+00 3.051757812500000000e-05 3.051757812500000000e-05
0.000000000000000000e+00 3.051757812500000000e-05 3.051757812500000000e-05
0.000000000000000000e+00 3.051757812500000000e-05 3.051757812500000000e-05
0.000000000000000000e+00 3.051757812500000000e-05 3.051757812500000000e-05
0.000000000000000000e+00 3.051757812500000000e-05 3.051757812500000000e-05
0.000000000000000000e+00 3.051757812500000000e-05 3.051757812500000000e-05
0.000000000000000000e+00 3.051757812500000000e-05 3.051757812500000000e-05
-2.621459960937500000e-01 6.723937988281250000e-01 3.051757812500000000e-05
-7.249450683593750000e-01 1.000000000000000000e+00 3.051757812500000000e-05
-7.238464355468750000e-01 1.000000000000000000e+00 3.051757812500000000e-05
-5.911560058593750000e-01 1.000000000000000000e+00 3.051757812500000000e-05
-5.566406250000000000e-01 1.000000000000000000e+00 3.051757812500000000e-05
-5.512695312500000000e-01 1.000000000000000000e+00 3.051757812500000000e-05
-5.469360351562500000e-01 1.000000000000000000e+00 3.051757812500000000e-05
-4.962463378906250000e-01 1.000000000000000000e+00 3.051757812500000000e-05
-4.930114746093750000e-01 1.000000000000000000e+00 3.051757812500000000e-05
-4.811401367187500000e-01 1.000000000000000000e+00 3.051757812500000000e-05
-4.045410156250000000e-01 1.000000000000000000e+00 3.051757812500000000e-05
-1.014099121093750000e-01 1.000000000000000000e+00 3.051757812500000000e-05
-4.638671875000000000e-02 1.000000000000000000e+00 3.051757812500000000e-05
0.000000000000000000e+00 1.000000000000000000e+00 3.051757812500000000e-05
9.729003906250000000e-02 1.000000000000000000e+00 3.051757812500000000e-05
3.682556152343750000e-01 1.000000000000000000e+00 3.051757812500000000e-05
9.939880371093750000e-01 9.842224121093750000e-01 3.051757812500000000e-05
9.999694824218750000e-01 7.987060546875000000e-01 3.051757812500000000e-05
9.999694824218750000e-01 6.815795898437500000e-01 3.051757812500000000e-05
9.999694824218750000e-01 5.973815917968750000e-01 3.051757812500000000e-05
9.999694824218750000e-01 4.276428222656250000e-01 3.051757812500000000e-05
9.999694824218750000e-01 3.592224121093750000e-01 3.051757812500000000e-05
9.999694824218750000e-01 3.605346679687500000e-01 3.051757812500000000e-05
9.999694824218750000e-01 4.566040039062500000e-01 3.051757812500000000e-05
4.984741210937500000e-01 6.197509765625000000e-01 3.051757812500000000e-05
1.943969726562500000e-02 7.987060546875000000e-01 3.051757812500000000e-05
-2.374267578125000000e-02 9.407958984375000000e-01 3.051757812500000000e-05
-6.689453125000000000e-02 1.000000000000000000e+00 3.051757812500000000e-05
-6.689453125000000000e-02 1.000000000000000000e+00 3.051757812500000000e-05
0.000000000000000000e+00 1.000000000000000000e+00 3.051757812500000000e-05
0.000000000000000000e+00 1.000000000000000000e+00 3.051757812500000000e-05
7.034301757812500000e-02 1.000000000000000000e+00 3.051757812500000000e-05
1.242370605468750000e-01 1.000000000000000000e+00 3.051757812500000000e-05
1.242370605468750000e-01 1.000000000000000000e+00 3.051757812500000000e-05
2.709350585937500000e-01 1.000000000000000000e+00 3.051757812500000000e-05
4.835205078125000000e-01 1.000000000000000000e+00 3.051757812500000000e-05
7.469787597656250000e-01 1.000000000000000000e+00 3.051757812500000000e-05
9.685363769531250000e-01 1.000000000000000000e+00 3.051757812500000000e-05
9.999694824218750000e-01 9.855346679687500000e-01 3.051757812500000000e-05
9.999694824218750000e-01 9.868469238281250000e-01 3.051757812500000000e-05
9.880065917968750000e-01 9.644775390625000000e-01 3.051757812500000000e-05
8.727416992187500000e-01 8.171081542968750000e-01 3.051757812500000000e-05
0.000000000000000000e+00 3.051757812500000000e-05 3.051757812500000000e-05
0.000000000000000000e+00 3.051757812500000000e-05 3.051757812500000000e-05
0.000000000000000000e+00 3.051757812500000000e-05 3.051757812500000000e-05
0.000000000000000000e+00 3.051757812500000000e-05 3.051757812500000000e-05
0.000000000000000000e+00 3.051757812500000000e-05 3.051757812500000000e-05
0.000000000000000000e+00 3.051757812500000000e-05 3.051757812500000000e-05
0.000000000000000000e+00 3.051757812500000000e-05 3.051757812500000000e-05
0.000000000000000000e+00 3.051757812500000000e-05 3.051757812500000000e-05
0.000000000000000000e+00 3.051757812500000000e-05 3.051757812500000000e-05
-1.078796386718750000e-01 -5.592651367187500000e-01 3.051757812500000000e-05
-1.683044433593750000e-01 -9.999694824218750000e-01 3.051757812500000000e-05
-1.726074218750000000e-01 -9.999694824218750000e-01 3.051757812500000000e-05
-1.715393066406250000e-01 -9.999694824218750000e-01 3.051757812500000000e-05
-1.726074218750000000e-01 -8.347167968750000000e-01 3.051757812500000000e-05
0.000000000000000000e+00 3.051757812500000000e-05 3.051757812500000000e-05
0.000000000000000000e+00 3.051757812500000000e-05 3.051757812500000000e-05
0.000000000000000000e+00 3.051757812500000000e-05 3.051757812500000000e-05
0.000000000000000000e+00 3.051757812500000000e-05 3.051757812500000000e-05
0.000000000000000000e+00 3.051757812500000000e-05 3.051757812500000000e-05
0.000000000000000000e+00 8.631591796875000000e-01 3.051757812500000000e-05
0.000000000000000000e+00 1.000000000000000000e+00 3.051757812500000000e-05
0.000000000000000000e+00 1.000000000000000000e+00 3.051757812500000000e-05
0.000000000000000000e+00 1.000000000000000000e+00 3.051757812500000000e-05
0.000000000000000000e+00 1.000000000000000000e+00 3.051757812500000000e-05
0.000000000000000000e+00 1.000000000000000000e+00 3.051757812500000000e-05
0.000000000000000000e+00 1.000000000000000000e+00 3.051757812500000000e-05
0.000000000000000000e+00 1.000000000000000000e+00 3.051757812500000000e-05
0.000000000000000000e+00 3.051757812500000000e-05 3.051757812500000000e-05
0.000000000000000000e+00 3.051757812500000000e-05 3.051757812500000000e-05
0.000000000000000000e+00 3.051757812500000000e-05 3.051757812500000000e-05
0.000000000000000000e+00 3.051757812500000000e-05 3.051757812500000000e-05
0.000000000000000000e+00 3.051757812500000000e-05 3.051757812500000000e-05
0.000000000000000000e+00 3.051757812500000000e-05 3.051757812500000000e-05
0.000000000000000000e+00 3.051757812500000000e-05 3.051757812500000000e-05
0.000000000000000000e+00 3.051757812500000000e-05 3.051757812500000000e-05
0.000000000000000000e+00 3.051757812500000000e-05 3.051757812500000000e-05
0.000000000000000000e+00 3.051757812500000000e-05 3.051757812500000000e-05
0.000000000000000000e+00 3.051757812500000000e-05 3.051757812500000000e-05
0.000000000000000000e+00 3.051757812500000000e-05 3.051757812500000000e-05
0.000000000000000000e+00 3.051757812500000000e-05 3.051757812500000000e-05
0.000000000000000000e+00 3.051757812500000000e-05 3.051757812500000000e-05
0.000000000000000000e+00 3.051757812500000000e-05 3.051757812500000000e-05
0.000000000000000000e+00 3.051757812500000000e-05 3.051757812500000000e-05
0.000000000000000000e+00 3.051757812500000000e-05 3.051757812500000000e-05
0.000000000000000000e+00 3.051757812500000000e-05 3.051757812500000000e-05
0.000000000000000000e+00 3.051757812500000000e-05 3.051757812500000000e-05
0.000000000000000000e+00 3.051757812500000000e-05 3.051757812500000000e-05
0.000000000000000000e+00 3.051757812500000000e-05 3.051757812500000000e-05
0.000000000000000000e+00 3.051757812500000000e-05 3.051757812500000000e-05
0.000000000000000000e+00 3.051757812500000000e-05 3.051757812500000000e-05
0.000000000000000000e+00 3.051757812500000000e-05 3.051757812500000000e-05
0.000000000000000000e+00 3.051757812500000000e-05 3.051757812500000000e-05
0.000000000000000000e+00 3.051757812500000000e-05 3.051757812500000000e-05
0.000000000000000000e+00 3.051757812500000000e-05 3.051757812500000000e-05
0.000000000000000000e+00 3.051757812500000000e-05 3.051757812500000000e-05
0.000000000000000000e+00 3.051757812500000000e-05 3.051757812500000000e-05
0.000000000000000000e+00 3.051757812500000000e-05 3.051757812500000000e-05
0.000000000000000000e+00 3.051757812500000000e-05 3.051757812500000000e-05
0.000000000000000000e+00 3.051757812500000000e-05 3.051757812500000000e-05
0.000000000000000000e+00 3.051757812500000000e-05 3.051757812500000000e-05
0.000000000000000000e+00 3.051757812500000000e-05 -9.999694824218750000e-01
0.000000000000000000e+00 3.051757812500000000e-05 -9.999694824218750000e-01
0.000000000000000000e+00 3.051757812500000000e-05 -9.999694824218750000e-01
0.000000000000000000e+00 3.051757812500000000e-05 -9.999694824218750000e-01
0.000000000000000000e+00 3.051757812500000000e-05 -9.999694824218750000e-01
0.000000000000000000e+00 3.051757812500000000e-05 -9.999694824218750000e-01
0.000000000000000000e+00 3.051757812500000000e-05 -9.999694824218750000e-01
0.000000000000000000e+00 3.051757812500000000e-05 -9.999694824218750000e-01
0.000000000000000000e+00 3.051757812500000000e-05 -9.999694824218750000e-01
0.000000000000000000e+00 3.051757812500000000e-05 -9.999694824218750000e-01
0.000000000000000000e+00 3.051757812500000000e-05 -9.999694824218750000e-01
0.000000000000000000e+00 3.051757812500000000e-05 -9.999694824218750000e-01
0.000000000000000000e+00 3.051757812500000000e-05 -9.999694824218750000e-01
0.000000000000000000e+00 3.051757812500000000e-05 -9.999694824218750000e-01
0.000000000000000000e+00 3.051757812500000000e-05 -9.999694824218750000e-01
0.000000000000000000e+00 3.051757812500000000e-05 -9.999694824218750000e-01
0.000000000000000000e+00 3.051757812500000000e-05 -9.999694824218750000e-01
0.000000000000000000e+00 3.051757812500000000e-05 -9.999694824218750000e-01
0.000000000000000000e+00 3.051757812500000000e-05 -9.999694824218750000e-01
0.000000000000000000e+00 3.051757812500000000e-05 -9.999694824218750000e-01
0.000000000000000000e+00 3.051757812500000000e-05 -9.999694824218750000e-01
0.000000000000000000e+00 3.051757812500000000e-05 -9.999694824218750000e-01
0.000000000000000000e+00 3.051757812500000000e-05 -9.999694824218750000e-01
0.000000000000000000e+00 3.051757812500000000e-05 -9.999694824218750000e-01
0.000000000000000000e+00 3.051757812500000000e-05 -9.999694824218750000e-01
0.000000000000000000e+00 3.051757812500000000e-05 -9.999694824218750000e-01
0.000000000000000000e+00 3.051757812500000000e-05 -9.999694824218750000e-01
0.000000000000000000e+00 3.051757812500000000e-05 -9.999694824218750000e-01
0.000000000000000000e+00 3.051757812500000000e-05 -9.999694824218750000e-01
0.000000000000000000e+00 3.051757812500000000e-05 -9.999694824218750000e-01
0.000000000000000000e+00 3.051757812500000000e-05 -9.999694824218750000e-01
0.000000000000000000e+00 3.051757812500000000e-05 -9.999694824218750000e-01
0.000000000000000000e+00 3.051757812500000000e-05 -9.999694824218750000e-01
0.000000000000000000e+00 3.051757812500000000e-05 -9.999694824218750000e-01
0.000000000000000000e+00 3.051757812500000000e-05 -9.999694824218750000e-01
0.000000000000000000e+00 3.051757812500000000e-05 -9.999694824218750000e-01
0.000000000000000000e+00 3.051757812500000000e-05 -9.999694824218750000e-01
0.000000000000000000e+00 3.051757812500000000e-05 -9.999694824218750000e-01
0.000000000000000000e+00 3.051757812500000000e-05 -9.999694824218750000e-01
-5.178833007812500000e-02 -5.832214355468750000e-01 -9.999694824218750000e-01
-7.336425781250000000e-02 -9.999694824218750000e-01 -9.999694824218750000e-01
-7.012939453125000000e-02 -9.999694824218750000e-01 -9.999694824218750000e-01
-7.229614257812500000e-02 -9.999694824218750000e-01 -9.999694824218750000e-01
0.000000000000000000e+00 -9.999694824218750000e-01 -9.999694824218750000e-01
0.000000000000000000e+00 -9.999694824218750000e-01 -9.999694824218750000e-01
-3.021240234375000000e-02 -9.999694824218750000e-01 -9.999694824218750000e-01
-1.553649902343750000e-01 -9.999694824218750000e-01 -9.999694824218750000e-01
0.000000000000000000e+00 3.051757812500000000e-05 -9.999694824218750000e-01
0.000000000000000000e+00 3.051757812500000000e-05 -9.999694824218750000e-01
0.000000000000000000e+00 3.051757812500000000e-05 -9.999694824218750000e-01
0.000000000000000000e+00 3.051757812500000000e-05 -9.999694824218750000e-01
0.000000000000000000e+00 3.051757812500000000e-05 -9.999694824218750000e-01
0.000000000000000000e+00 3.051757812500000000e-05 -2.391052246093750000e-01
0.000000000000000000e+00 3.051757812500000000e-05 3.051757812500000000e-05
0.000000000000000000e+00 3.051757812500000000e-05 3.051757812500000000e-05
0.000000000000000000e+00 3.051757812500000000e-05 3.051757812500000000e-05
0.000000000000000000e+00 3.051757812500000000e-05 3.051757812500000000e-05
0.000000000000000000e+00 3.051757812500000000e-05 3.051757812500000000e-05
0.000000000000000000e+00 3.051757812500000000e-05 3.051757812500000000e-05
0.000000000000000000e+00 3.051757812500000000e-05 3.051757812500000000e-05
0.000000000000000000e+00 3.051757812500000000e-05 3.051757812500000000e-05
0.000000000000000000e+00 3.051757812500000000e-05 3.051757812500000000e-05
0.000000000000000000e+00 3.051757812500000000e-05 3.051757812500000000e-05
0.000000000000000000e+00 -1.913452148437500000e-02 3.051757812500000000e-05
-8.416748046875000000e-02 -9.999694824218750000e-01 3.051757812500000000e-05
-9.927368164062500000e-02 -9.999694824218750000e-01 3.051757812500000000e-05
-1.035766601562500000e-01 -9.999694824218750000e-01 3.051757812500000000e-05
-1.423950195312500000e-01 -9.999694824218750000e-01 3.051757812500000000e-05
-1.434936523437500000e-01 -9.999694824218750000e-01 3.051757812500000000e-05
-1.693725585937500000e-01 -9.999694824218750000e-01 3.051757812500000000e-05
-2.858886718750000000e-01 -3.892211914062500000e-01 3.051757812500000000e-05
0.000000000000000000e+00 3.051757812500000000e-05 3.051757812500000000e-05
0.000000000000000000e+00 3.051757812500000000e-05 3.051757812500000000e-05
0.000000000000000000e+00 3.051757812500000000e-05 3.051757812500000000e-05
0.000000000000000000e+00 3.051757812500000000e-05 3.051757812500000000e-05
0.000000000000000000e+00 3.051757812500000000e-05 3.051757812500000000e-05
0.000000000000000000e+00 3.051757812500000000e-05 3.051757812500000000e-05
0.000000000000000000e+00 3.051757812500000000e-05 3.051757812500000000e-05
0.000000000000000000e+00 3.051757812500000000e-05 3.051757812500000000e-05
0.000000000000000000e+00 3.051757812500000000e-05 3.051757812500000000e-05
0.000000000000000000e+00 3.051757812500000000e-05 3.051757812500000000e-05
0.000000000000000000e+00 3.051757812500000000e-05 3.051757812500000000e-05
0.000000000000000000e+00 3.051757812500000000e-05 3.051757812500000000e-05
0.000000000000000000e+00 3.051757812500000000e-05 3.051757812500000000e-05
0.000000000000000000e+00 3.051757812500000000e-05 3.051757812500000000e-05
0.000000000000000000e+00 3.051757812500000000e-05 3.051757812500000000e-05
0.000000000000000000e+00 3.051757812500000000e-05 3.051757812500000000e-05
0.000000000000000000e+00 3.051757812500000000e-05 3.051757812500000000e-05
0.000000000000000000e+00 3.051757812500000000e-05 3.051757812500000000e-05
0.000000000000000000e+00 3.051757812500000000e-05 3.051757812500000000e-05
0.000000000000000000e+00 3.051757812500000000e-05 3.051757812500000000e-05
0.000000000000000000e+00 3.051757812500000000e-05 3.051757812500000000e-05
0.000000000000000000e+00 3.051757812500000000e-05 3.051757812500000000e-05
0.000000000000000000e+00 3.051757812500000000e-05 3.051757812500000000e-05
0.000000000000000000e+00 3.051757812500000000e-05 3.051757812500000000e-05
0.000000000000000000e+00 3.051757812500000000e-05 3.051757812500000000e-05
0.000000000000000000e+00 3.051757812500000000e-05 3.051757812500000000e-05
0.000000000000000000e+00 3.051757812500000000e-05 3.051757812500000000e-05
0.000000000000000000e+00 3.051757812500000000e-05 3.051757812500000000e-05
0.000000000000000000e+00 3.051757812500000000e-05 3.051757812500000000e-05
0.000000000000000000e+00 3.051757812500000000e-05 9.082946777343750000e-01
0.000000000000000000e+00 3.051757812500000000e-05 1.000000000000000000e+00
0.000000000000000000e+00 3.051757812500000000e-05 1.000000000000000000e+00
0.000000000000000000e+00 3.051757812500000000e-05 1.000000000000000000e+00
0.000000000000000000e+00 3.051757812500000000e-05 1.000000000000000000e+00
0.000000000000000000e+00 3.051757812500000000e-05 1.000000000000000000e+00
0.000000000000000000e+00 3.051757812500000000e-05 1.000000000000000000e+00
0.000000000000000000e+00 3.051757812500000000e-05 1.000000000000000000e+00
0.000000000000000000e+00 3.051757812500000000e-05 1.000000000000000000e+00
0.000000000000000000e+00 3.051757812500000000e-05 1.000000000000000000e+00
0.000000000000000000e+00 3.051757812500000000e-05 1.000000000000000000e+00
0.000000000000000000e+00 3.051757812500000000e-05 1.000000000000000000e+00
0.000000000000000000e+00 3.051757812500000000e-05 1.000000000000000000e+00
0.000000000000000000e+00 3.051757812500000000e-05 1.000000000000000000e+00
0.000000000000000000e+00 3.051757812500000000e-05 1.000000000000000000e+00
0.000000000000000000e+00 3.051757812500000000e-05 1.000000000000000000e+00
0.000000000000000000e+00 3.051757812500000000e-05 1.000000000000000000e+00
0.000000000000000000e+00 3.051757812500000000e-05 1.000000000000000000e+00
0.000000000000000000e+00 3.051757812500000000e-05 1.000000000000000000e+00
0.000000000000000000e+00 3.051757812500000000e-05 1.000000000000000000e+00
0.000000000000000000e+00 3.051757812500000000e-05 1.000000000000000000e+00
0.000000000000000000e+00 3.051757812500000000e-05 1.000000000000000000e+00
0.000000000000000000e+00 3.051757812500000000e-05 1.000000000000000000e+00
0.000000000000000000e+00 3.051757812500000000e-05 1.000000000000000000e+00
0.000000000000000000e+00 3.051757812500000000e-05 1.000000000000000000e+00
0.000000000000000000e+00 3.051757812500000000e-05 1.000000000000000000e+00
0.000000000000000000e+00 3.051757812500000000e-05 1.000000000000000000e+00
0.000000000000000000e+00 3.051757812500000000e-05 1.000000000000000000e+00
0.000000000000000000e+00 3.051757812500000000e-05 1.000000000000000000e+00
0.000000000000000000e+00 3.051757812500000000e-05 1.000000000000000000e+00
0.000000000000000000e+00 -4.706420898437500000e-01 1.000000000000000000e+00
0.000000000000000000e+00 -9.676513671875000000e-01 1.000000000000000000e+00
-1.620483398437500000e-02 -9.999694824218750000e-01 1.000000000000000000e+00
-1.403808593750000000e-02 -9.999694824218750000e-01 1.000000000000000000e+00
-2.590942382812500000e-02 -9.999694824218750000e-01 1.000000000000000000e+00
-2.374267578125000000e-02 -9.999694824218750000e-01 1.000000000000000000e+00
-2.590942382812500000e-02 -9.999694824218750000e-01 1.000000000000000000e+00
-2.590942382812500000e-02 -9.999694824218750000e-01 1.000000000000000000e+00
-2.590942382812500000e-02 -9.999694824218750000e-01 1.000000000000000000e+00
-2.590942382812500000e-02 -9.999694824218750000e-01 1.000000000000000000e+00
-2.590942382812500000e-02 -9.999694824218750000e-01 1.000000000000000000e+00
0.000000000000000000e+00 -9.999694824218750000e-01 1.000000000000000000e+00
0.000000000000000000e+00 -9.999694824218750000e-01 1.000000000000000000e+00
0.000000000000000000e+00 -9.999694824218750000e-01 1.000000000000000000e+00
0.000000000000000000e+00 -9.999694824218750000e-01 1.000000000000000000e+00
0.000000000000000000e+00 -9.999694824218750000e-01 1.000000000000000000e+00
0.000000000000000000e+00 -9.999694824218750000e-01 1.000000000000000000e+00
0.000000000000000000e+00 -9.999694824218750000e-01 1.000000000000000000e+00
0.000000000000000000e+00 -9.999694824218750000e-01 1.000000000000000000e+00
0.000000000000000000e+00 -9.999694824218750000e-01 1.000000000000000000e+00
0.000000000000000000e+00 -9.999694824218750000e-01 1.000000000000000000e+00
0.000000000000000000e+00 -9.999694824218750000e-01 1.000000000000000000e+00
0.000000000000000000e+00 -9.999694824218750000e-01 1.000000000000000000e+00
0.000000000000000000e+00 -9.999694824218750000e-01 1.000000000000000000e+00
0.000000000000000000e+00 -9.999694824218750000e-01 1.000000000000000000e+00
0.000000000000000000e+00 -9.999694824218750000e-01 1.000000000000000000e+00
0.000000000000000000e+00 -9.999694824218750000e-01 1.000000000000000000e+00
0.000000000000000000e+00 -9.652404785156250000e-01 1.000000000000000000e+00
0.000000000000000000e+00 -9.365234375000000000e-01 9.977722167968750000e-01
4.236450195312500000e-01 -4.826049804687500000e-01 3.051757812500000000e-05
8.428039550781250000e-01 -5.748291015625000000e-01 3.051757812500000000e-05
9.999694824218750000e-01 -5.329284667968750000e-01 3.051757812500000000e-05
9.999694824218750000e-01 -5.173645019531250000e-01 3.051757812500000000e-05
9.999694824218750000e-01 -6.430969238281250000e-01 3.051757812500000000e-05
9.939880371093750000e-01 -7.053833007812500000e-01 3.051757812500000000e-05
0.000000000000000000e+00 3.051757812500000000e-05 3.051757812500000000e-05
0.000000000000000000e+00 3.051757812500000000e-05 3.051757812500000000e-05
0.000000000000000000e+00 3.051757812500000000e-05 3.051757812500000000e-05
0.000000000000000000e+00 3.051757812500000000e-05 3.051757812500000000e-05
0.000000000000000000e+00 3.051757812500000000e-05 3.051757812500000000e-05
0.000000000000000000e+00 3.051757812500000000e-05 3.051757812500000000e-05
0.000000000000000000e+00 3.051757812500000000e-05 2.159118652343750000e-01
0.000000000000000000e+00 3.051757812500000000e-05 1.000000000000000000e+00
0.000000000000000000e+00 3.051757812500000000e-05 1.000000000000000000e+00
0.000000000000000000e+00 3.051757812500000000e-05 1.000000000000000000e+00
0.000000000000000000e+00 3.051757812500000000e-05 1.000000000000000000e+00
0.000000000000000000e+00 3.051757812500000000e-05 1.000000000000000000e+00
0.000000000000000000e+00 3.051757812500000000e-05 1.000000000000000000e+00
0.000000000000000000e+00 -2.380371093750000000e-03 3.051757812500000000e-05
-5.612182617187500000e-02 -8.742370605468750000e-01 3.051757812500000000e-05
-5.612182617187500000e-02 -9.999694824218750000e-01 3.051757812500000000e-05
-7.659912109375000000e-02 -9.999694824218750000e-01 3.051757812500000000e-05
-8.416748046875000000e-02 -9.999694824218750000e-01 3.051757812500000000e-05
-8.416748046875000000e-02 -9.999694824218750000e-01 3.051757812500000000e-05
-8.200073242187500000e-02 -9.999694824218750000e-01 3.051757812500000000e-05
-8.200073242187500000e-02 -9.999694824218750000e-01 3.051757812500000000e-05
-8.200073242187500000e-02 -9.999694824218750000e-01 3.051757812500000000e-05
-8.200073242187500000e-02 -9.999694824218750000e-01 3.051757812500000000e-05
-8.416748046875000000e-02 -9.999694824218750000e-01 3.051757812500000000e-05
-8.416748046875000000e-02 -9.999694824218750000e-01 3.051757812500000000e-05
-8.630371093750000000e-02 -9.999694824218750000e-01 3.051757812500000000e-05
-8.630371093750000000e-02 -9.999694824218750000e-01 3.051757812500000000e-05
-8.630371093750000000e-02 -9.999694824218750000e-01 3.051757812500000000e-05
-8.630371093750000000e-02 -9.999694824218750000e-01 3.051757812500000000e-05
-8.630371093750000000e-02 -9.999694824218750000e-01 3.051757812500000000e-05
-8.630371093750000000e-02 -9.999694824218750000e-01 3.051757812500000000e-05
-8.630371093750000000e-02 -9.999694824218750000e-01 3.051757812500000000e-05
-8.630371093750000000e-02 -9.999694824218750000e-01 3.051757812500000000e-05
-8.630371093750000000e-02 -9.999694824218750000e-01 3.051757812500000000e-05
-8.630371093750000000e-02 -9.999694824218750000e-01 3.051757812500000000e-05
-8.630371093750000000e-02 -9.999694824218750000e-01 3.051757812500000000e-05
-8.630371093750000000e-02 -9.999694824218750000e-01 3.051757812500000000e-05
-8.630371093750000000e-02 -9.999694824218750000e-01 3.051757812500000000e-05
-8.630371093750000000e-02 -9.999694824218750000e-01 3.051757812500000000e-05
-8.630371093750000000e-02 -9.999694824218750000e-01 3.051757812500000000e-05
-8.630371093750000000e-02 -9.999694824218750000e-01 3.051757812500000000e-05
-8.630371093750000000e-02 -9.999694824218750000e-01 3.051757812500000000e-05
-8.630371093750000000e-02 -9.999694824218750000e-01 3.051757812500000000e-05
-1.068115234375000000e-01 -9.999694824218750000e-01 3.051757812500000000e-05
-1.380920410156250000e-01 -9.999694824218750000e-01 3.051757812500000000e-05
-1.629028320312500000e-01 -9.999694824218750000e-01 3.051757812500000000e-05
-1.769409179687500000e-01 -9.999694824218750000e-01 3.051757812500000000e-05
-3.258056640625000000e-01 -9.999694824218750000e-01 3.051757812500000000e-05
-3.678588867187500000e-01 -9.999694824218750000e-01 3.051757812500000000e-05
-3.657226562500000000e-01 -9.999694824218750000e-01 3.051757812500000000e-05
-4.282836914062500000e-01 -9.999694824218750000e-01 3.051757812500000000e-05
-4.735717773437500000e-01 -9.999694824218750000e-01 3.051757812500000000e-05
-4.779052734375000000e-01 -9.999694824218750000e-01 3.051757812500000000e-05
-4.962463378906250000e-01 -9.939880371093750000e-01 3.051757812500000000e-05
-5.005493164062500000e-01 -9.891967773437500000e-01 3.051757812500000000e-05
-4.994812011718750000e-01 -9.927978515625000000e-01 3.051757812500000000e-05
-4.994812011718750000e-01 -9.999694824218750000e-01 3.051757812500000000e-05
-4.121093750000000000e-01 -9.999694824218750000e-01 3.051757812500000000e-05
-4.099426269531250000e-01 -9.999694824218750000e-01 3.051757812500000000e-05
-3.236389160156250000e-01 -9.999694824218750000e-01 3.051757812500000000e-05
-2.546081542968750000e-01 -9.999694824218750000e-01 3.051757812500000000e-05
-1.564331054687500000e-01 -9.999694824218750000e-01 3.051757812500000000e-05
-1.057434082031250000e-01 -9.999694824218750000e-01 3.051757812500000000e-05
-1.057434082031250000e-01 -9.999694824218750000e-01 3.051757812500000000e-05
-1.078796386718750000e-01 -9.999694824218750000e-01 3.051757812500000000e-05
-1.618347167968750000e-01 -9.999694824218750000e-01 3.051757812500000000e-05
-1.585998535156250000e-01 -9.999694824218750000e-01 3.051757812500000000e-05
-1.790771484375000000e-01 -9.999694824218750000e-01 3.051757812500000000e-05
-1.963500976562500000e-01 -9.999694824218750000e-01 3.051757812500000000e-05
-3.236389160156250000e-01 -9.999694824218750000e-01 3.051757812500000000e-05
-3.667907714843750000e-01 -9.999694824218750000e-01 3.051757812500000000e-05
-3.689575195312500000e-01 -9.999694824218750000e-01 3.051757812500000000e-05
-3.829650878906250000e-01 -9.999694824218750000e-01 3.051757812500000000e-05
-3.883666992187500000e-01 -9.999694824218750000e-01 3.051757812500000000e-05
-4.153442382812500000e-01 -9.891967773437500000e-01 3.051757812500000000e-05
-4.573974609375000000e-01 -9.772338867187500000e-01 3.051757812500000000e-05
-5.231933593750000000e-01 -9.329223632812500000e-01 3.051757812500000000e-05
-5.782165527343750000e-01 -8.922119140625000000e-01 3.051757812500000000e-05
-6.418762207031250000e-01 -8.047790527343750000e-01 3.051757812500000000e-05
-7.659301757812500000e-01 -6.958007812500000000e-01 3.051757812500000000e-05
-9.493103027343750000e-01 -3.664550781250000000e-01 3.051757812500000000e-05
-1.000000000000000000e+00 -1.999816894531250000e-01 3.051757812500000000e-05
-1.000000000000000000e+00 3.051757812500000000e-05 3.051757812500000000e-05
-1.000000000000000000e+00 3.051757812500000000e-05 3.051757812500000000e-05
-1.000000000000000000e+00 3.051757812500000000e-05 3.051757812500000000e-05
0.000000000000000000e+00 3.051757812500000000e-05 3.051757812500000000e-05
0.000000000000000000e+00 3.051757812500000000e-05 3.051757812500000000e-05
0.000000000000000000e+00 3.051757812500000000e-05 3.051757812500000000e-05
0.000000000000000000e+00 3.051757812500000000e-05 3.051757812500000000e-05
0.000000000000000000e+00 3.051757812500000000e-05 3.051757812500000000e-05
0.000000000000000000e+00 3.051757812500000000e-05 3.051757812500000000e-05
-2.621459960937500000e-01 3.051757812500000000e-05 3.051757812500000000e-05
-9.180297851562500000e-01 -1.724548339843750000e-01 3.051757812500000000e-05
-1.000000000000000000e+00 -1.867980957031250000e-01 3.051757812500000000e-05
-1.000000000000000000e+00 -1.867980957031250000e-01 3.051757812500000000e-05
-1.000000000000000000e+00 -2.335205078125000000e-01 3.051757812500000000e-05
-1.000000000000000000e+00 -2.335205078125000000e-01 3.051757812500000000e-05
-1.000000000000000000e+00 -2.383117675781250000e-01 3.051757812500000000e-05
-1.000000000000000000e+00 -2.383117675781250000e-01 3.051757812500000000e-05
-1.000000000000000000e+00 -2.383117675781250000e-01 3.051757812500000000e-05
-1.000000000000000000e+00 -2.383117675781250000e-01 3.051757812500000000e-05
-1.000000000000000000e+00 -2.383117675781250000e-01 3.051757812500000000e-05
-1.000000000000000000e+00 -2.299194335937500000e-01 3.051757812500000000e-05
-1.000000000000000000e+00 -1.724548339843750000e-01 3.051757812500000000e-05
-1.000000000000000000e+00 -1.161499023437500000e-01 3.051757812500000000e-05
-1.000000000000000000e+00 -6.704711914062500000e-02 3.051757812500000000e-05
-1.000000000000000000e+00 -5.746459960937500000e-02 3.051757812500000000e-05
-1.000000000000000000e+00 -5.508422851562500000e-02 3.051757812500000000e-05
-1.000000000000000000e+00 -3.472900390625000000e-02 3.051757812500000000e-05
-1.000000000000000000e+00 -3.231811523437500000e-02 3.051757812500000000e-05
-1.000000000000000000e+00 -3.231811523437500000e-02 3.051757812500000000e-05
-1.000000000000000000e+00 -4.071044921875000000e-02 3.051757812500000000e-05
-1.000000000000000000e+00 -5.746459960937500000e-02 3.051757812500000000e-05
-1.000000000000000000e+00 -5.746459960937500000e-02 3.051757812500000000e-05
-1.000000000000000000e+00 -2.119750976562500000e-01 3.051757812500000000e-05
-1.000000000000000000e+00 -2.107543945312500000e-01 3.051757812500000000e-05
-1.000000000000000000e+00 -2.155456542968750000e-01 3.051757812500000000e-05
-1.000000000000000000e+00 -2.155456542968750000e-01 3.051757812500000000e-05
-1.000000000000000000e+00 -2.239379882812500000e-01 3.051757812500000000e-05
-1.000000000000000000e+00 -2.275390625000000000e-01 3.051757812500000000e-05
-1.000000000000000000e+00 -2.275390625000000000e-01 3.051757812500000000e-05
-1.000000000000000000e+00 -2.107543945312500000e-01 3.051757812500000000e-05
-1.000000000000000000e+00 -1.424865722656250000e-01 3.051757812500000000e-05
-1.000000000000000000e+00 -1.149597167968750000e-01 3.051757812500000000e-05
-1.000000000000000000e+00 -9.579467773437500000e-02 3.051757812500000000e-05
-1.000000000000000000e+00 -8.859252929687500000e-02 3.051757812500000000e-05
-1.000000000000000000e+00 -5.746459960937500000e-02 3.051757812500000000e-05
-1.000000000000000000e+00 -2.154541015625000000e-02 3.051757812500000000e-05
-1.000000000000000000e+00 -1.913452148437500000e-02 3.051757812500000000e-05
-1.000000000000000000e+00 -1.913452148437500000e-02 3.051757812500000000e-05
-1.000000000000000000e+00 -1.913452148437500000e-02 3.051757812500000000e-05
-1.000000000000000000e+00 -1.913452148437500000e-02 3.051757812500000000e-05
-1.000000000000000000e+00 -1.913452148437500000e-02 3.051757812500000000e-05
-1.000000000000000000e+00 -1.913452148437500000e-02 3.051757812500000000e-05
-1.000000000000000000e+00 -1.913452148437500000e-02 3.051757812500000000e-05
-1.000000000000000000e+00 -3.952026367187500000e-02 3.051757812500000000e-05
-1.000000000000000000e+00 -5.267333984375000000e-02 3.051757812500000000e-05
-1.000000000000000000e+00 -6.344604492187500000e-02 3.051757812500000000e-05
-1.000000000000000000e+00 -8.383178710937500000e-02 3.051757812500000000e-05
-1.000000000000000000e+00 -1.281433105468750000e-01 3.051757812500000000e-05
-1.000000000000000000e+00 -1.389160156250000000e-01 3.051757812500000000e-05
-1.000000000000000000e+00 -1.724548339843750000e-01 3.051757812500000000e-05
-1.000000000000000000e+00 -2.299194335937500000e-01 3.051757812500000000e-05
-1.000000000000000000e+00 -2.754211425781250000e-01 3.051757812500000000e-05
-1.000000000000000000e+00 -2.897949218750000000e-01 3.051757812500000000e-05
-1.000000000000000000e+00 -2.874145507812500000e-01 3.051757812500000000e-05
-1.000000000000000000e+00 -2.897949218750000000e-01 3.051757812500000000e-05
-1.000000000000000000e+00 -2.897949218750000000e-01 -3.333129882812500000e-01
-1.000000000000000000e+00 -2.897949218750000000e-01 -9.275207519531250000e-01
-1.000000000000000000e+00 -2.981872558593750000e-01 -9.999694824218750000e-01
-1.000000000000000000e+00 -2.969970703125000000e-01 -9.999694824218750000e-01
-1.000000000000000000e+00 -2.347106933593750000e-01 -9.999694824218750000e-01
-1.000000000000000000e+00 -1.832275390625000000e-01 -9.999694824218750000e-01
-1.000000000000000000e+00 -1.724548339843750000e-01 -9.999694824218750000e-01
-1.000000000000000000e+00 -1.748352050781250000e-01 -9.999694824218750000e-01
-1.000000000000000000e+00 -1.772155761718750000e-01 -9.999694824218750000e-01
-1.000000000000000000e+00 -1.784362792968750000e-01 -9.999694824218750000e-01
-9.946289062500000000e-01 -3.281250000000000000e-01 -9.999694824218750000e-01
-9.482421875000000000e-01 -4.347229003906250000e-01 -9.999694824218750000e-01
-9.050903320312500000e-01 -5.233459472656250000e-01 -9.999694824218750000e-01
-8.381958007812500000e-01 -6.419067382812500000e-01 -9.999694824218750000e-01
-8.274230957031250000e-01 -6.586608886718750000e-01 -9.999694824218750000e-01
-7.669982910156250000e-01 -7.209472656250000000e-01 -9.999694824218750000e-01
-7.551269531250000000e-01 -7.281188964843750000e-01 -9.999694824218750000e-01
-7.562255859375000000e-01 -7.269287109375000000e-01 -9.999694824218750000e-01
-7.605285644531250000e-01 -7.305297851562500000e-01 -9.999694824218750000e-01
-7.615966796875000000e-01 -7.293395996093750000e-01 -9.999694824218750000e-01
-7.551269531250000000e-01 -7.293395996093750000e-01 -9.999694824218750000e-01
-7.562255859375000000e-01 -6.993713378906250000e-01 -9.999694824218750000e-01
-7.551269531250000000e-01 -6.993713378906250000e-01 -9.999694824218750000e-01
-7.615966796875000000e-01 -7.041625976562500000e-01 -9.999694824218750000e-01
-7.324829101562500000e-01 -7.496948242187500000e-01 -9.999694824218750000e-01
-6.138305664062500000e-01 -8.634643554687500000e-01 -9.999694824218750000e-01
-4.282836914062500000e-01 -9.975891113281250000e-01 -9.999694824218750000e-01
-4.110107421875000000e-01 -9.999694824218750000e-01 -9.999694824218750000e-01
-3.786621093750000000e-01 -9.999694824218750000e-01 -9.999694824218750000e-01
-3.009948730468750000e-01 -9.999694824218750000e-01 -9.999694824218750000e-01
-3.009948730468750000e-01 -7.712402343750000000e-01 -9.999694824218750000e-01
-3.150024414062500000e-01 -4.669189453125000000e-02 -9.999694824218750000e-01
-1.175842285156250000e-01 3.051757812500000000e-05 -9.999694824218750000e-01
0.000000000000000000e+00 3.051757812500000000e-05 -9.999694824218750000e-01
0.000000000000000000e+00 3.051757812500000000e-05 -9.999694824218750000e-01
0.000000000000000000e+00 3.051757812500000000e-05 -9.999694824218750000e-01
0.000000000000000000e+00 3.051757812500000000e-05 -9.999694824218750000e-01
0.000000000000000000e+00 3.051757812500000000e-05 -9.999694824218750000e-01
0.000000000000000000e+00 3.051757812500000000e-05 -9.999694824218750000e-01
0.000000000000000000e+00 3.051757812500000000e-05 -9.999694824218750000e-01
0.000000000000000000e+00 3.051757812500000000e-05 -9.999694824218750000e-01
0.000000000000000000e+00 3.051757812500000000e-05 -9.999694824218750000e-01
0.000000000000000000e+00 3.051757812500000000e-05 -9.999694824218750000e-01
0.000000000000000000e+00 3.051757812500000000e-05 -9.999694824218750000e-01
0.000000000000000000e+00 3.051757812500000000e-05 -9.999694824218750000e-01
0.000000000000000000e+00 3.051757812500000000e-05 -9.999694824218750000e-01
0.000000000000000000e+00 3.051757812500000000e-05 -9.999694824218750000e-01
-5.825805664062500000e-02 3.051757812500000000e-05 -9.999694824218750000e-01
-3.355102539062500000e-01 -3.077697753906250000e-01 -9.999694824218750000e-01
-5.329284667968750000e-01 -4.838256835937500000e-01 -9.999694824218750000e-01
-2.837219238281250000e-01 -2.047729492187500000e-01 -9.999694824218750000e-01
0.000000000000000000e+00 3.051757812500000000e-05 -9.999694824218750000e-01
0.000000000000000000e+00 3.051757812500000000e-05 -9.999694824218750000e-01
0.000000000000000000e+00 3.051757812500000000e-05 -9.999694824218750000e-01
0.000000000000000000e+00 3.051757812500000000e-05 -9.999694824218750000e-01
0.000000000000000000e+00 3.051757812500000000e-05 -9.999694824218750000e-01
0.000000000000000000e+00 3.051757812500000000e-05 -9.999694824218750000e-01
0.000000000000000000e+00 3.051757812500000000e-05 -9.999694824218750000e-01
0.000000000000000000e+00 3.051757812500000000e-05 -9.999694824218750000e-01
0.000000000000000000e+00 3.051757812500000000e-05 -9.999694824218750000e-01
0.000000000000000000e+00 3.051757812500000000e-05 -9.999694824218750000e-01
0.000000000000000000e+00 3.051757812500000000e-05 -9.999694824218750000e-01
0.000000000000000000e+00 3.051757812500000000e-05 -9.999694824218750000e-01
0.000000000000000000e+00 3.051757812500000000e-05 -9.999694824218750000e-01
0.000000000000000000e+00 3.051757812500000000e-05 -9.999694824218750000e-01
0.000000000000000000e+00 3.051757812500000000e-05 -9.999694824218750000e-01
0.000000000000000000e+00 3.051757812500000000e-05 -9.999694824218750000e-01
0.000000000000000000e+00 3.051757812500000000e-05 -9.999694824218750000e-01
0.000000000000000000e+00 3.051757812500000000e-05 -9.999694824218750000e-01
0.000000000000000000e+00 3.051757812500000000e-05 -9.999694824218750000e-01
0.000000000000000000e+00 3.051757812500000000e-05 -9.999694824218750000e-01
0.000000000000000000e+00 -9.592590332031250000e-01 -9.999694824218750000e-01
-6.906127929687500000e-02 -9.999694824218750000e-01 -9.999694824218750000e-01
-9.927368164062500000e-02 -9.999694824218750000e-01 -9.999694824218750000e-01
-1.078796386718750000e-01 -9.999694824218750000e-01 -9.999694824218750000e-01
-1.100463867187500000e-01 -9.999694824218750000e-01 -9.999694824218750000e-01
-1.165161132812500000e-01 -9.999694824218750000e-01 -9.999694824218750000e-01
-1.165161132812500000e-01 -9.999694824218750000e-01 -9.999694824218750000e-01
-1.165161132812500000e-01 -9.999694824218750000e-01 -9.999694824218750000e-01
-1.068115234375000000e-01 -9.999694824218750000e-01 -9.999694824218750000e-01
-1.057434082031250000e-01 -9.999694824218750000e-01 -9.999694824218750000e-01
-1.078796386718750000e-01 -9.999694824218750000e-01 -9.999694824218750000e-01
-1.078796386718750000e-01 -9.999694824218750000e-01 -9.999694824218750000e-01
0.000000000000000000e+00 3.051757812500000000e-05 -9.999694824218750000e-01
0.000000000000000000e+00 3.051757812500000000e-05 3.051757812500000000e-05
0.000000000000000000e+00 3.051757812500000000e-05 3.051757812500000000e-05
0.000000000000000000e+00 3.051757812500000000e-05 3.051757812500000000e-05
0.000000000000000000e+00 3.051757812500000000e-05 3.051757812500000000e-05
0.000000000000000000e+00 3.051757812500000000e-05 3.051757812500000000e-05
0.000000000000000000e+00 3.051757812500000000e-05 3.051757812500000000e-05
0.000000000000000000e+00 3.051757812500000000e-05 3.051757812500000000e-05
0.000000000000000000e+00 3.051757812500000000e-05 3.051757812500000000e-05
0.000000000000000000e+00 3.051757812500000000e-05 3.051757812500000000e-05
0.000000000000000000e+00 3.051757812500000000e-05 3.051757812500000000e-05
0.000000000000000000e+00 3.051757812500000000e-05 3.051757812500000000e-05
0.000000000000000000e+00 3.051757812500000000e-05 3.051757812500000000e-05
0.000000000000000000e+00 3.051757812500000000e-05 3.051757812500000000e-05
0.000000000000000000e+00 3.051757812500000000e-05 3.051757812500000000e-05
0.000000000000000000e+00 3.051757812500000000e-05 3.051757812500000000e-05
0.000000000000000000e+00 3.051757812500000000e-05 3.051757812500000000e-05
0.000000000000000000e+00 3.051757812500000000e-05 3.051757812500000000e-05
0.000000000000000000e+00 3.051757812500000000e-05 3.051757812500000000e-05
0.000000000000000000e+00 3.051757812500000000e-05 3.051757812500000000e-05
0.000000000000000000e+00 3.051757812500000000e-05 3.051757812500000000e-05
0.000000000000000000e+00 3.051757812500000000e-05 3.051757812500000000e-05
0.000000000000000000e+00 3.051757812500000000e-05 3.051757812500000000e-05
0.000000000000000000e+00 3.051757812500000000e-05 3.051757812500000000e-05
0.000000000000000000e+00 3.051757812500000000e-05 3.051757812500000000e-05
0.000000000000000000e+00 3.051757812500000000e-05 3.051757812500000000e-05
0.000000000000000000e+00 3.051757812500000000e-05 3.051757812500000000e-05
0.000000000000000000e+00 3.051757812500000000e-05 3.051757812500000000e-05
0.000000000000000000e+00 3.051757812500000000e-05 3.051757812500000000e-05
0.000000000000000000e+00 3.051757812500000000e-05 3.051757812500000000e-05
0.000000000000000000e+00 3.051757812500000000e-05 3.051757812500000000e-05
0.000000000000000000e+00 3.051757812500000000e-05 3.051757812500000000e-05
0.000000000000000000e+00 3.051757812500000000e-05 3.051757812500000000e-05
