0.000000000000000000e+00 3.051757812500000000e-05 3.051757812500000000e-05
0.000000000000000000e+00 3.051757812500000000e-05 3.051757812500000000e-05
0.000000000000000000e+00 3.051757812500000000e-05 3.051757812500000000e-05
0.000000000000000000e+00 3.051757812500000000e-05 3.051757812500000000e-05
0.000000000000000000e+00 3.051757812500000000e-05 3.051757812500000000e-05
0.000000000000000000e+00 3.051757812500000000e-05 3.051757812500000000e-05
0.000000000000000000e+00 3.051757812500000000e-05 3.051757812500000000e-05
0.000000000000000000e+00 3.051757812500000000e-05 3.051757812500000000e-05
0.000000000000000000e+00 3.051757812500000000e-05 3.051757812500000000e-05
0.000000000000000000e+00 3.051757812500000000e-05 3.051757812500000000e-05
0.000000000000000000e+00 3.051757812500000000e-05 3.051757812500000000e-05
0.000000000000000000e+00 3.051757812500000000e-05 3.051757812500000000e-05
0.000000000000000000e+00 3.051757812500000000e-05 3.051757812500000000e-05
0.000000000000000000e+00 3.051757812500000000e-05 3.051757812500000000e-05
0.000000000000000000e+00 3.051757812500000000e-05 3.051757812500000000e-05
0.000000000000000000e+00 3.051757812500000000e-05 3.051757812500000000e-05
0.000000000000000000e+00 3.051757812500000000e-05 3.051757812500000000e-05
0.000000000000000000e+00 3.051757812500000000e-05 3.051757812500000000e-05
0.000000000000000000e+00 3.051757812500000000e-05 3.051757812500000000e-05
0.000000000000000000e+00 3.051757812500000000e-05 3.051757812500000000e-05
0.000000000000000000e+00 3.051757812500000000e-05 3.051757812500000000e-05
0.000000000000000000e+00 3.051757812500000000e-05 3.051757812500000000e-05
0.000000000000000000e+00 3.051757812500000000e-05 3.051757812500000000e-05
0.000000000000000000e+00 3.051757812500000000e-05 3.051757812500000000e-05
0.000000000000000000e+00 3.051757812500000000e-05 3.051757812500000000e-05
0.000000000000000000e+00 3.051757812500000000e-05 3.051757812500000000e-05
0.000000000000000000e+00 3.051757812500000000e-05 3.051757812500000000e-05
0.000000000000000000e+00 3.051757812500000000e-05 3.051757812500000000e-05
0.000000000000000000e+00 3.051757812500000000e-05 3.051757812500000000e-05
0.000000000000000000e+00 3.051757812500000000e-05 3.051757812500000000e-05
0.000000000000000000e+00 3.051757812500000000e-05 3.051757812500000000e-05
0.000000000000000000e+00 3.051757812500000000e-05 3.051757812500000000e-05
0.000000000000000000e+00 3.051757812500000000e-05 3.051757812500000000e-05
0.000000000000000000e+00 3.051757812500000000e-05 3.051757812500000000e-05
0.000000000000000000e+00 3.051757812500000000e-05 3.051757812500000000e-05
0.000000000000000000e+00 3.051757812500000000e-05 3.051757812500000000e-05
0.000000000000000000e+00 3.051757812500000000e-05 3.051757812500000000e-05
0.000000000000000000e+00 3.051757812500000000e-05 3.051757812500000000e-05
0.000000000000000000e+00 3.051757812500000000e-05 3.051757812500000000e-05
0.000000000000000000e+00 3.051757812500000000e-05 3.051757812500000000e-05
0.000000000000000000e+00 3.051757812500000000e-05 3.051757812500000000e-05
0.000000000000000000e+00 3.051757812500000000e-05 3.051757812500000000e-05
0.000000000000000000e+00 3.051757812500000000e-05 3.051757812500000000e-05
0.000000000000000000e+00 3.051757812500000000e-05 3.051757812500000000e-05
0.000000000000000000e+00 3.051757812500000000e-05 3.051757812500000000e-05
0.000000000000000000e+00 3.051757812500000000e-05 3.051757812500000000e-05
0.000000000000000000e+00 3.051757812500000000e-05 3.051757812500000000e-05
0.000000000000000000e+00 3.051757812500000000e-05 3.051757812500000000e-05
0.000000000000000000e+00 3.051757812500000000e-05 3.051757812500000000e-05
0.000000000000000000e+00 3.051757812500000000e-05 3.051757812500000000e-05
0.000000000000000000e+00 3.051757812500000000e-05 3.051757812500000000e-05
0.000000000000000000e+00 3.051757812500000000e-05 3.051757812500000000e-05
0.000000000000000000e+00 3.051757812500000000e-05 3.051757812500000000e-05
0.000000000000000000e+00 3.051757812500000000e-05 3.051757812500000000e-05
0.000000000000000000e+00 3.051757812500000000e-05 3.051757812500000000e-05
0.000000000000000000e+00 3.051757812500000000e-05 3.051757812500000000e-05
0.000000000000000000e+00 3.051757812500000000e-05 3.051757812500000000e-05
0.000000000000000000e+00 3.051757812500000000e-05 3.051757812500000000e-05
0.000000000000000000e+00 3.051757812500000000e-05 3.051757812500000000e-05
0.000000000000000000e+00 3.051757812500000000e-05 3.051757812500000000e-05
0.000000000000000000e+00 3.051757812500000000e-05 3.051757812500000000e-05
0.000000000000000000e+00 3.051757812500000000e-05 3.051757812500000000e-05
0.000000000000000000e+00 3.051757812500000000e-05 3.051757812500000000e-05
0.000000000000000000e+00 3.051757812500000000e-05 3.051757812500000000e-05
0.000000000000000000e+00 3.051757812500000000e-05 3.051757812500000000e-05
0.000000000000000000e+00 3.051757812500000000e-05 3.051757812500000000e-05
0.000000000000000000e+00 3.051757812500000000e-05 3.051757812500000000e-05
0.000000000000000000e+00 3.051757812500000000e-05 3.051757812500000000e-05
0.000000000000000000e+00 3.051757812500000000e-05 3.051757812500000000e-05
0.000000000000000000e+00 3.051757812500000000e-05 3.051757812500000000e-05
0.000000000000000000e+00 3.051757812500000000e-05 3.051757812500000000e-05
0.000000000000000000e+00 3.051757812500000000e-05 3.051757812500000000e-05
0.000000000000000000e+00 3.051757812500000000e-05 3.051757812500000000e-05
0.000000000000000000e+00 3.051757812500000000e-05 3.051757812500000000e-05
0.000000000000000000e+00 3.051757812500000000e-05 3.051757812500000000e-05
0.000000000000000000e+00 3.051757812500000000e-05 3.051757812500000000e-05
0.000000000000000000e+00 3.051757812500000000e-05 3.051757812500000000e-05
0.000000000000000000e+00 3.051757812500000000e-05 3.051757812500000000e-05
0.000000000000000000e+00 3.051757812500000000e-05 3.051757812500000000e-05
0.000000000000000000e+00 3.051757812500000000e-05 3.051757812500000000e-05
0.000000000000000000e+00 3.051757812500000000e-05 3.051757812500000000e-05
0.000000000000000000e+00 3.051757812500000000e-05 3.051757812500000000e-05
0.000000000000000000e+00 3.051757812500000000e-05 3.051757812500000000e-05
0.000000000000000000e+00 3.051757812500000000e-05 3.051757812500000000e-05
0.000000000000000000e+00 3.051757812500000000e-05 3.051757812500000000e-05
0.000000000000000000e+00 3.051757812500000000e-05 3.051757812500000000e-05
0.000000000000000000e+00 3.051757812500000000e-05 3.051757812500000000e-05
0.000000000000000000e+00 3.051757812500000000e-05 3.051757812500000000e-05
0.000000000000000000e+00 3.051757812500000000e-05 3.051757812500000000e-05
0.000000000000000000e+00 3.051757812500000000e-05 3.051757812500000000e-05
0.000000000000000000e+00 3.051757812500000000e-05 3.051757812500000000e-05
0.000000000000000000e+00 3.051757812500000000e-05 3.051757812500000000e-05
0.000000000000000000e+00 3.051757812500000000e-05 3.051757812500000000e-05
0.000000000000000000e+00 3.051757812500000000e-05 3.051757812500000000e-05
0.000000000000000000e+00 3.051757812500000000e-05 3.051757812500000000e-05
0.000000000000000000e+00 3.051757812500000000e-05 3.051757812500000000e-05
0.000000000000000000e+00 3.051757812500000000e-05 3.051757812500000000e-05
0.000000000000000000e+00 3.051757812500000000e-05 3.051757812500000000e-05
0.000000000000000000e+00 3.051757812500000000e-05 3.051757812500000000e-05
0.000000000000000000e+00 3.051757812500000000e-05 3.051757812500000000e-05
0.000000000000000000e+00 3.051757812500000000e-05 3.051757812500000000e-05
0.000000000000000000e+00 3.051757812500000000e-05 3.051757812500000000e-05
0.000000000000000000e+00 3.051757812500000000e-05 3.051757812500000000e-05
0.000000000000000000e+00 3.051757812500000000e-05 3.051757812500000000e-05
0.000000000000000000e+00 3.051757812500000000e-05 3.051757812500000000e-05
0.000000000000000000e+00 3.051757812500000000e-05 3.051757812500000000e-05
0.000000000000000000e+00 3.051757812500000000e-05 3.051757812500000000e-05
0.000000000000000000e+00 3.051757812500000000e-05 3.051757812500000000e-05
0.000000000000000000e+00 3.051757812500000000e-05 3.051757812500000000e-05
0.000000000000000000e+00 3.051757812500000000e-05 3.051757812500000000e-05
0.000000000000000000e+00 3.051757812500000000e-05 3.051757812500000000e-05
0.000000000000000000e+00 3.051757812500000000e-05 3.051757812500000000e-05
0.000000000000000000e+00 3.051757812500000000e-05 3.051757812500000000e-05
0.000000000000000000e+00 3.051757812500000000e-05 3.051757812500000000e-05
0.000000000000000000e+00 3.051757812500000000e-05 3.051757812500000000e-05
0.000000000000000000e+00 3.051757812500000000e-05 3.051757812500000000e-05
0.000000000000000000e+00 3.051757812500000000e-05 3.051757812500000000e-05
0.000000000000000000e+00 3.051757812500000000e-05 3.051757812500000000e-05
0.000000000000000000e+00 3.051757812500000000e-05 3.051757812500000000e-05
0.000000000000000000e+00 3.051757812500000000e-05 3.051757812500000000e-05
0.000000000000000000e+00 3.051757812500000000e-05 3.051757812500000000e-05
0.000000000000000000e+00 3.051757812500000000e-05 3.051757812500000000e-05
0.000000000000000000e+00 3.051757812500000000e-05 3.051757812500000000e-05
0.000000000000000000e+00 3.051757812500000000e-05 3.051757812500000000e-05
0.000000000000000000e+00 3.051757812500000000e-05 3.051757812500000000e-05
0.000000000000000000e+00 3.051757812500000000e-05 3.051757812500000000e-05
0.000000000000000000e+00 3.051757812500000000e-05 3.051757812500000000e-05
0.000000000000000000e+00 3.051757812500000000e-05 3.051757812500000000e-05
0.000000000000000000e+00 3.051757812500000000e-05 3.051757812500000000e-05
0.000000000000000000e+00 3.051757812500000000e-05 3.051757812500000000e-05
0.000000000000000000e+00 3.051757812500000000e-05 3.051757812500000000e-05
0.000000000000000000e+00 3.051757812500000000e-05 3.051757812500000000e-05
0.000000000000000000e+00 3.051757812500000000e-05 3.051757812500000000e-05
0.000000000000000000e+00 3.051757812500000000e-05 3.051757812500000000e-05
0.000000000000000000e+00 3.051757812500000000e-05 3.051757812500000000e-05
0.000000000000000000e+00 3.051757812500000000e-05 3.051757812500000000e-05
0.000000000000000000e+00 3.051757812500000000e-05 3.051757812500000000e-05
0.000000000000000000e+00 3.051757812500000000e-05 3.051757812500000000e-05
0.000000000000000000e+00 3.051757812500000000e-05 3.051757812500000000e-05
0.000000000000000000e+00 3.051757812500000000e-05 3.051757812500000000e-05
0.000000000000000000e+00 3.051757812500000000e-05 3.051757812500000000e-05
0.000000000000000000e+00 3.051757812500000000e-05 3.051757812500000000e-05
0.000000000000000000e+00 3.051757812500000000e-05 3.051757812500000000e-05
0.000000000000000000e+00 3.051757812500000000e-05 3.051757812500000000e-05
0.000000000000000000e+00 3.051757812500000000e-05 3.051757812500000000e-05
0.000000000000000000e+00 3.051757812500000000e-05 3.051757812500000000e-05
0.000000000000000000e+00 3.051757812500000000e-05 3.051757812500000000e-05
0.000000000000000000e+00 3.051757812500000000e-05 3.051757812500000000e-05
0.000000000000000000e+00 3.051757812500000000e-05 3.051757812500000000e-05
0.000000000000000000e+00 3.051757812500000000e-05 3.051757812500000000e-05
0.000000000000000000e+00 3.051757812500000000e-05 3.051757812500000000e-05
0.000000000000000000e+00 3.051757812500000000e-05 3.051757812500000000e-05
0.000000000000000000e+00 3.051757812500000000e-05 3.051757812500000000e-05
0.000000000000000000e+00 3.051757812500000000e-05 3.051757812500000000e-05
0.000000000000000000e+00 3.051757812500000000e-05 3.051757812500000000e-05
0.000000000000000000e+00 3.051757812500000000e-05 3.051757812500000000e-05
0.000000000000000000e+00 3.051757812500000000e-05 3.051757812500000000e-05
0.000000000000000000e+00 3.051757812500000000e-05 3.051757812500000000e-05
0.000000000000000000e+00 3.051757812500000000e-05 3.051757812500000000e-05
0.000000000000000000e+00 3.051757812500000000e-05 3.051757812500000000e-05
0.000000000000000000e+00 3.051757812500000000e-05 3.051757812500000000e-05
0.000000000000000000e+00 3.051757812500000000e-05 3.051757812500000000e-05
0.000000000000000000e+00 3.051757812500000000e-05 3.051757812500000000e-05
0.000000000000000000e+00 3.051757812500000000e-05 3.051757812500000000e-05
0.000000000000000000e+00 3.051757812500000000e-05 3.051757812500000000e-05
0.000000000000000000e+00 3.051757812500000000e-05 3.051757812500000000e-05
0.000000000000000000e+00 3.051757812500000000e-05 3.051757812500000000e-05
0.000000000000000000e+00 3.051757812500000000e-05 3.051757812500000000e-05
0.000000000000000000e+00 3.051757812500000000e-05 3.051757812500000000e-05
0.000000000000000000e+00 3.051757812500000000e-05 3.051757812500000000e-05
0.000000000000000000e+00 3.051757812500000000e-05 3.051757812500000000e-05
0.000000000000000000e+00 3.051757812500000000e-05 3.051757812500000000e-05
0.000000000000000000e+00 3.051757812500000000e-05 3.051757812500000000e-05
0.000000000000000000e+00 3.051757812500000000e-05 3.051757812500000000e-05
0.000000000000000000e+00 3.051757812500000000e-05 3.051757812500000000e-05
0.000000000000000000e+00 3.051757812500000000e-05 3.051757812500000000e-05
0.000000000000000000e+00 3.051757812500000000e-05 3.051757812500000000e-05
0.000000000000000000e+00 3.051757812500000000e-05 3.051757812500000000e-05
0.000000000000000000e+00 3.051757812500000000e-05 3.051757812500000000e-05
0.000000000000000000e+00 3.051757812500000000e-05 3.051757812500000000e-05
0.000000000000000000e+00 3.051757812500000000e-05 3.051757812500000000e-05
0.000000000000000000e+00 3.051757812500000000e-05 3.051757812500000000e-05
0.000000000000000000e+00 3.051757812500000000e-05 3.051757812500000000e-05
0.000000000000000000e+00 3.051757812500000000e-05 3.051757812500000000e-05
0.000000000000000000e+00 3.051757812500000000e-05 3.051757812500000000e-05
0.000000000000000000e+00 3.051757812500000000e-05 3.051757812500000000e-05
0.000000000000000000e+00 3.051757812500000000e-05 3.051757812500000000e-05
0.000000000000000000e+00 3.051757812500000000e-05 3.051757812500000000e-05
0.000000000000000000e+00 3.051757812500000000e-05 3.051757812500000000e-05
0.000000000000000000e+00 3.051757812500000000e-05 3.051757812500000000e-05
0.000000000000000000e+00 3.051757812500000000e-05 3.051757812500000000e-05
0.000000000000000000e+00 3.051757812500000000e-05 3.051757812500000000e-05
0.000000000000000000e+00 3.051757812500000000e-05 3.051757812500000000e-05
0.000000000000000000e+00 3.051757812500000000e-05 3.051757812500000000e-05
0.000000000000000000e+00 3.051757812500000000e-05 3.051757812500000000e-05
0.000000000000000000e+00 3.051757812500000000e-05 3.051757812500000000e-05
0.000000000000000000e+00 3.051757812500000000e-05 3.051757812500000000e-05
0.000000000000000000e+00 3.051757812500000000e-05 3.051757812500000000e-05
0.000000000000000000e+00 3.051757812500000000e-05 3.051757812500000000e-05
0.000000000000000000e+00 3.051757812500000000e-05 3.051757812500000000e-05
0.000000000000000000e+00 3.051757812500000000e-05 3.051757812500000000e-05
0.000000000000000000e+00 3.051757812500000000e-05 3.051757812500000000e-05
0.000000000000000000e+00 3.051757812500000000e-05 3.051757812500000000e-05
0.000000000000000000e+00 3.051757812500000000e-05 3.051757812500000000e-05
0.000000000000000000e+00 3.051757812500000000e-05 3.051757812500000000e-05
0.000000000000000000e+00 3.051757812500000000e-05 3.051757812500000000e-05
0.000000000000000000e+00 3.051757812500000000e-05 3.051757812500000000e-05
0.000000000000000000e+00 3.051757812500000000e-05 3.051757812500000000e-05
0.000000000000000000e+00 3.051757812500000000e-05 3.051757812500000000e-05
0.000000000000000000e+00 3.051757812500000000e-05 3.051757812500000000e-05
0.000000000000000000e+00 3.051757812500000000e-05 3.051757812500000000e-05
0.000000000000000000e+00 3.051757812500000000e-05 3.051757812500000000e-05
0.000000000000000000e+00 3.051757812500000000e-05 3.051757812500000000e-05
0.000000000000000000e+00 3.051757812500000000e-05 3.051757812500000000e-05
0.000000000000000000e+00 3.051757812500000000e-05 3.051757812500000000e-05
0.000000000000000000e+00 3.051757812500000000e-05 3.051757812500000000e-05
0.000000000000000000e+00 3.051757812500000000e-05 3.051757812500000000e-05
0.000000000000000000e+00 3.051757812500000000e-05 3.051757812500000000e-05
0.000000000000000000e+00 3.051757812500000000e-05 3.051757812500000000e-05
0.000000000000000000e+00 3.051757812500000000e-05 3.051757812500000000e-05
0.000000000000000000e+00 3.051757812500000000e-05 3.051757812500000000e-05
0.000000000000000000e+00 3.051757812500000000e-05 3.051757812500000000e-05
0.000000000000000000e+00 3.051757812500000000e-05 3.051757812500000000e-05
0.000000000000000000e+00 3.051757812500000000e-05 3.051757812500000000e-05
0.000000000000000000e+00 3.051757812500000000e-05 3.051757812500000000e-05
0.000000000000000000e+00 3.051757812500000000e-05 3.051757812500000000e-05
0.000000000000000000e+00 3.051757812500000000e-05 3.051757812500000000e-05
0.000000000000000000e+00 3.051757812500000000e-05 3.051757812500000000e-05
0.000000000000000000e+00 3.051757812500000000e-05 3.051757812500000000e-05
0.000000000000000000e+00 3.051757812500000000e-05 3.051757812500000000e-05
0.000000000000000000e+00 3.051757812500000000e-05 3.051757812500000000e-05
0.000000000000000000e+00 3.051757812500000000e-05 3.051757812500000000e-05
0.000000000000000000e+00 3.051757812500000000e-05 3.051757812500000000e-05
0.000000000000000000e+00 3.051757812500000000e-05 3.051757812500000000e-05
0.000000000000000000e+00 3.051757812500000000e-05 3.051757812500000000e-05
0.000000000000000000e+00 3.051757812500000000e-05 3.051757812500000000e-05
0.000000000000000000e+00 3.051757812500000000e-05 3.051757812500000000e-05
0.000000000000000000e+00 3.051757812500000000e-05 3.051757812500000000e-05
0.000000000000000000e+00 3.051757812500000000e-05 3.051757812500000000e-05
0.000000000000000000e+00 3.051757812500000000e-05 3.051757812500000000e-05
0.000000000000000000e+00 3.051757812500000000e-05 3.051757812500000000e-05
0.000000000000000000e+00 3.051757812500000000e-05 3.051757812500000000e-05
0.000000000000000000e+00 3.051757812500000000e-05 3.051757812500000000e-05
0.000000000000000000e+00 3.051757812500000000e-05 3.051757812500000000e-05
0.000000000000000000e+00 3.051757812500000000e-05 3.051757812500000000e-05
0.000000000000000000e+00 3.051757812500000000e-05 3.051757812500000000e-05
0.000000000000000000e+00 3.051757812500000000e-05 3.051757812500000000e-05
0.000000000000000000e+00 3.051757812500000000e-05 3.051757812500000000e-05
0.000000000000000000e+00 3.051757812500000000e-05 3.051757812500000000e-05
0.000000000000000000e+00 3.051757812500000000e-05 3.051757812500000000e-05
0.000000000000000000e+00 3.051757812500000000e-05 3.051757812500000000e-05
0.000000000000000000e+00 3.051757812500000000e-05 3.051757812500000000e-05
0.000000000000000000e+00 3.051757812500000000e-05 3.051757812500000000e-05
0.000000000000000000e+00 3.051757812500000000e-05 3.051757812500000000e-05
0.000000000000000000e+00 3.051757812500000000e-05 3.051757812500000000e-05
0.000000000000000000e+00 3.051757812500000000e-05 3.051757812500000000e-05
0.000000000000000000e+00 3.051757812500000000e-05 3.051757812500000000e-05
0.000000000000000000e+00 3.051757812500000000e-05 3.051757812500000000e-05
0.000000000000000000e+00 3.051757812500000000e-05 3.051757812500000000e-05
0.000000000000000000e+00 3.051757812500000000e-05 3.051757812500000000e-05
0.000000000000000000e+00 3.051757812500000000e-05 3.051757812500000000e-05
0.000000000000000000e+00 3.051757812500000000e-05 3.051757812500000000e-05
0.000000000000000000e+00 3.051757812500000000e-05 3.051757812500000000e-05
0.000000000000000000e+00 3.051757812500000000e-05 3.051757812500000000e-05
0.000000000000000000e+00 3.051757812500000000e-05 3.051757812500000000e-05
0.000000000000000000e+00 3.051757812500000000e-05 3.051757812500000000e-05
0.000000000000000000e+00 3.051757812500000000e-05 3.051757812500000000e-05
0.000000000000000000e+00 3.051757812500000000e-05 3.051757812500000000e-05
0.000000000000000000e+00 3.051757812500000000e-05 3.051757812500000000e-05
0.000000000000000000e+00 3.051757812500000000e-05 3.051757812500000000e-05
0.000000000000000000e+00 3.051757812500000000e-05 3.051757812500000000e-05
0.000000000000000000e+00 3.051757812500000000e-05 3.051757812500000000e-05
0.000000000000000000e+00 3.051757812500000000e-05 3.051757812500000000e-05
0.000000000000000000e+00 3.051757812500000000e-05 3.051757812500000000e-05
0.000000000000000000e+00 3.051757812500000000e-05 3.051757812500000000e-05
0.000000000000000000e+00 3.051757812500000000e-05 3.051757812500000000e-05
0.000000000000000000e+00 3.051757812500000000e-05 3.051757812500000000e-05
0.000000000000000000e+00 3.051757812500000000e-05 3.051757812500000000e-05
0.000000000000000000e+00 3.051757812500000000e-05 3.051757812500000000e-05
0.000000000000000000e+00 3.051757812500000000e-05 3.051757812500000000e-05
0.000000000000000000e+00 3.051757812500000000e-05 3.051757812500000000e-05
0.000000000000000000e+00 3.051757812500000000e-05 3.051757812500000000e-05
0.000000000000000000e+00 3.051757812500000000e-05 3.051757812500000000e-05
0.000000000000000000e+00 3.051757812500000000e-05 3.051757812500000000e-05
0.000000000000000000e+00 3.051757812500000000e-05 3.051757812500000000e-05
0.000000000000000000e+00 3.051757812500000000e-05 3.051757812500000000e-05
0.000000000000000000e+00 3.051757812500000000e-05 3.051757812500000000e-05
0.000000000000000000e+00 3.051757812500000000e-05 3.051757812500000000e-05
0.000000000000000000e+00 3.051757812500000000e-05 3.051757812500000000e-05
0.000000000000000000e+00 3.051757812500000000e-05 3.051757812500000000e-05
0.000000000000000000e+00 3.051757812500000000e-05 3.051757812500000000e-05
0.000000000000000000e+00 3.051757812500000000e-05 3.051757812500000000e-05
0.000000000000000000e+00 3.051757812500000000e-05 3.051757812500000000e-05
0.000000000000000000e+00 3.051757812500000000e-05 3.051757812500000000e-05
0.000000000000000000e+00 3.051757812500000000e-05 3.051757812500000000e-05
0.000000000000000000e+00 3.051757812500000000e-05 3.051757812500000000e-05
0.000000000000000000e+00 3.051757812500000000e-05 3.051757812500000000e-05
0.000000000000000000e+00 3.051757812500000000e-05 3.051757812500000000e-05
0.000000000000000000e+00 3.051757812500000000e-05 3.051757812500000000e-05
0.000000000000000000e+00 3.051757812500000000e-05 3.051757812500000000e-05
0.000000000000000000e+00 3.051757812500000000e-05 3.051757812500000000e-05
0.000000000000000000e+00 3.051757812500000000e-05 3.051757812500000000e-05
0.000000000000000000e+00 3.051757812500000000e-05 3.051757812500000000e-05
0.000000000000000000e+00 3.051757812500000000e-05 3.051757812500000000e-05
0.000000000000000000e+00 3.051757812500000000e-05 3.051757812500000000e-05
0.000000000000000000e+00 3.051757812500000000e-05 3.051757812500000000e-05
0.000000000000000000e+00 3.051757812500000000e-05 3.051757812500000000e-05
0.000000000000000000e+00 3.051757812500000000e-05 3.051757812500000000e-05
0.000000000000000000e+00 3.051757812500000000e-05 3.051757812500000000e-05
0.000000000000000000e+00 3.051757812500000000e-05 3.051757812500000000e-05
0.000000000000000000e+00 3.051757812500000000e-05 3.051757812500000000e-05
0.000000000000000000e+00 3.051757812500000000e-05 3.051757812500000000e-05
0.000000000000000000e+00 3.051757812500000000e-05 3.051757812500000000e-05
0.000000000000000000e+00 3.051757812500000000e-05 3.051757812500000000e-05
0.000000000000000000e+00 3.051757812500000000e-05 3.051757812500000000e-05
0.000000000000000000e+00 3.051757812500000000e-05 3.051757812500000000e-05
0.000000000000000000e+00 3.051757812500000000e-05 3.051757812500000000e-05
0.000000000000000000e+00 3.051757812500000000e-05 3.051757812500000000e-05
0.000000000000000000e+00 3.051757812500000000e-05 3.051757812500000000e-05
0.000000000000000000e+00 3.051757812500000000e-05 3.051757812500000000e-05
0.000000000000000000e+00 3.051757812500000000e-05 3.051757812500000000e-05
0.000000000000000000e+00 3.051757812500000000e-05 3.051757812500000000e-05
0.000000000000000000e+00 3.051757812500000000e-05 3.051757812500000000e-05
0.000000000000000000e+00 3.051757812500000000e-05 3.051757812500000000e-05
0.000000000000000000e+00 3.051757812500000000e-05 3.051757812500000000e-05
0.000000000000000000e+00 3.051757812500000000e-05 3.051757812500000000e-05
0.000000000000000000e+00 3.051757812500000000e-05 3.051757812500000000e-05
0.000000000000000000e+00 3.051757812500000000e-05 3.051757812500000000e-05
0.000000000000000000e+00 3.051757812500000000e-05 3.051757812500000000e-05
0.000000000000000000e+00 3.051757812500000000e-05 3.051757812500000000e-05
0.000000000000000000e+00 3.051757812500000000e-05 3.051757812500000000e-05
0.000000000000000000e+00 3.051757812500000000e-05 3.051757812500000000e-05
0.000000000000000000e+00 3.051757812500000000e-05 3.051757812500000000e-05
0.000000000000000000e+00 3.051757812500000000e-05 3.051757812500000000e-05
0.000000000000000000e+00 3.051757812500000000e-05 3.051757812500000000e-05
0.000000000000000000e+00 3.051757812500000000e-05 3.051757812500000000e-05
0.000000000000000000e+00 3.051757812500000000e-05 3.051757812500000000e-05
0.000000000000000000e+00 3.051757812500000000e-05 3.051757812500000000e-05
0.000000000000000000e+00 3.051757812500000000e-05 3.051757812500000000e-05
0.000000000000000000e+00 3.051757812500000000e-05 3.051757812500000000e-05
0.000000000000000000e+00 3.051757812500000000e-05 3.051757812500000000e-05
0.000000000000000000e+00 3.051757812500000000e-05 3.051757812500000000e-05
0.000000000000000000e+00 3.051757812500000000e-05 3.051757812500000000e-05
0.000000000000000000e+00 3.051757812500000000e-05 3.051757812500000000e-05
0.000000000000000000e+00 3.051757812500000000e-05 3.051757812500000000e-05
0.000000000000000000e+00 3.051757812500000000e-05 3.051757812500000000e-05
0.000000000000000000e+00 3.051757812500000000e-05 3.051757812500000000e-05
0.000000000000000000e+00 3.051757812500000000e-05 3.051757812500000000e-05
0.000000000000000000e+00 3.051757812500000000e-05 3.051757812500000000e-05
0.000000000000000000e+00 3.051757812500000000e-05 3.051757812500000000e-05
0.000000000000000000e+00 3.051757812500000000e-05 3.051757812500000000e-05
0.000000000000000000e+00 3.051757812500000000e-05 3.051757812500000000e-05
0.000000000000000000e+00 3.051757812500000000e-05 3.051757812500000000e-05
0.000000000000000000e+00 3.051757812500000000e-05 3.051757812500000000e-05
0.000000000000000000e+00 3.051757812500000000e-05 3.051757812500000000e-05
0.000000000000000000e+00 3.051757812500000000e-05 3.051757812500000000e-05
0.000000000000000000e+00 3.051757812500000000e-05 3.051757812500000000e-05
0.000000000000000000e+00 3.051757812500000000e-05 3.051757812500000000e-05
0.000000000000000000e+00 3.051757812500000000e-05 3.051757812500000000e-05
0.000000000000000000e+00 3.051757812500000000e-05 3.051757812500000000e-05
0.000000000000000000e+00 3.051757812500000000e-05 3.051757812500000000e-05
0.000000000000000000e+00 3.051757812500000000e-05 3.051757812500000000e-05
0.000000000000000000e+00 3.051757812500000000e-05 3.051757812500000000e-05
0.000000000000000000e+00 3.051757812500000000e-05 3.051757812500000000e-05
0.000000000000000000e+00 3.051757812500000000e-05 3.051757812500000000e-05
0.000000000000000000e+00 3.051757812500000000e-05 3.051757812500000000e-05
0.000000000000000000e+00 3.051757812500000000e-05 3.051757812500000000e-05
0.000000000000000000e+00 3.051757812500000000e-05 3.051757812500000000e-05
0.000000000000000000e+00 3.051757812500000000e-05 3.051757812500000000e-05
0.000000000000000000e+00 3.051757812500000000e-05 3.051757812500000000e-05
0.000000000000000000e+00 3.051757812500000000e-05 3.051757812500000000e-05
0.000000000000000000e+00 3.051757812500000000e-05 3.051757812500000000e-05
0.000000000000000000e+00 3.051757812500000000e-05 3.051757812500000000e-05
0.000000000000000000e+00 3.051757812500000000e-05 3.051757812500000000e-05
0.000000000000000000e+00 3.051757812500000000e-05 3.051757812500000000e-05
0.000000000000000000e+00 3.051757812500000000e-05 3.051757812500000000e-05
0.000000000000000000e+00 3.051757812500000000e-05 3.051757812500000000e-05
0.000000000000000000e+00 3.051757812500000000e-05 3.051757812500000000e-05
0.000000000000000000e+00 3.051757812500000000e-05 3.051757812500000000e-05
0.000000000000000000e+00 3.051757812500000000e-05 3.051757812500000000e-05
0.000000000000000000e+00 3.051757812500000000e-05 3.051757812500000000e-05
0.000000000000000000e+00 3.051757812500000000e-05 3.051757812500000000e-05
0.000000000000000000e+00 3.051757812500000000e-05 3.051757812500000000e-05
0.000000000000000000e+00 3.051757812500000000e-05 3.051757812500000000e-05
0.000000000000000000e+00 3.051757812500000000e-05 3.051757812500000000e-05
0.000000000000000000e+00 3.051757812500000000e-05 3.051757812500000000e-05
0.000000000000000000e+00 3.051757812500000000e-05 3.051757812500000000e-05
0.000000000000000000e+00 3.051757812500000000e-05 3.051757812500000000e-05
0.000000000000000000e+00 3.051757812500000000e-05 3.051757812500000000e-05
0.000000000000000000e+00 3.051757812500000000e-05 3.051757812500000000e-05
0.000000000000000000e+00 3.051757812500000000e-05 3.051757812500000000e-05
0.000000000000000000e+00 3.051757812500000000e-05 3.051757812500000000e-05
0.000000000000000000e+00 3.051757812500000000e-05 3.051757812500000000e-05
0.000000000000000000e+00 3.051757812500000000e-05 3.051757812500000000e-05
0.000000000000000000e+00 3.051757812500000000e-05 3.051757812500000000e-05
0.000000000000000000e+00 3.051757812500000000e-05 3.051757812500000000e-05
0.000000000000000000e+00 3.051757812500000000e-05 3.051757812500000000e-05
0.000000000000000000e+00 3.051757812500000000e-05 3.051757812500000000e-05
0.000000000000000000e+00 3.051757812500000000e-05 3.051757812500000000e-05
0.000000000000000000e+00 3.051757812500000000e-05 3.051757812500000000e-05
0.000000000000000000e+00 3.051757812500000000e-05 3.051757812500000000e-05
0.000000000000000000e+00 3.051757812500000000e-05 3.051757812500000000e-05
0.000000000000000000e+00 3.051757812500000000e-05 3.051757812500000000e-05
0.000000000000000000e+00 3.051757812500000000e-05 3.051757812500000000e-05
0.000000000000000000e+00 3.051757812500000000e-05 3.051757812500000000e-05
0.000000000000000000e+00 3.051757812500000000e-05 3.051757812500000000e-05
0.000000000000000000e+00 3.051757812500000000e-05 3.051757812500000000e-05
0.000000000000000000e+00 3.051757812500000000e-05 3.051757812500000000e-05
0.000000000000000000e+00 3.051757812500000000e-05 3.051757812500000000e-05
0.000000000000000000e+00 3.051757812500000000e-05 3.051757812500000000e-05
0.000000000000000000e+00 3.051757812500000000e-05 3.051757812500000000e-05
0.000000000000000000e+00 3.051757812500000000e-05 6.384277343750000000e-02
0.000000000000000000e+00 3.051757812500000000e-05 1.744689941406250000e-01
0.000000000000000000e+00 3.051757812500000000e-05 2.713012695312500000e-01
0.000000000000000000e+00 3.051757812500000000e-05 3.638305664062500000e-01
0.000000000000000000e+00 3.051757812500000000e-05 4.861755371093750000e-01
0.000000000000000000e+00 3.051757812500000000e-05 5.872497558593750000e-01
0.000000000000000000e+00 3.051757812500000000e-05 6.659851074218750000e-01
0.000000000000000000e+00 3.051757812500000000e-05 7.117309570312500000e-01
0.000000000000000000e+00 3.051757812500000000e-05 7.542724609375000000e-01
0.000000000000000000e+00 3.051757812500000000e-05 7.713012695312500000e-01
0.000000000000000000e+00 3.051757812500000000e-05 7.787475585937500000e-01
0.000000000000000000e+00 3.051757812500000000e-05 7.787475585937500000e-01
0.000000000000000000e+00 3.051757812500000000e-05 7.787475585937500000e-01
0.000000000000000000e+00 3.051757812500000000e-05 7.787475585937500000e-01
0.000000000000000000e+00 3.051757812500000000e-05 7.798156738281250000e-01
0.000000000000000000e+00 3.051757812500000000e-05 7.808532714843750000e-01
0.000000000000000000e+00 3.051757812500000000e-05 7.798156738281250000e-01
0.000000000000000000e+00 3.051757812500000000e-05 7.776794433593750000e-01
0.000000000000000000e+00 3.051757812500000000e-05 7.713012695312500000e-01
0.000000000000000000e+00 3.051757812500000000e-05 7.670288085937500000e-01
0.000000000000000000e+00 3.051757812500000000e-05 7.606506347656250000e-01
0.000000000000000000e+00 3.051757812500000000e-05 7.595825195312500000e-01
0.000000000000000000e+00 3.051757812500000000e-05 7.457580566406250000e-01
0.000000000000000000e+00 3.051757812500000000e-05 7.032165527343750000e-01
0.000000000000000000e+00 3.051757812500000000e-05 6.904296875000000000e-01
0.000000000000000000e+00 3.051757812500000000e-05 6.680908203125000000e-01
0.000000000000000000e+00 3.051757812500000000e-05 6.393737792968750000e-01
0.000000000000000000e+00 3.051757812500000000e-05 5.893859863281250000e-01
0.000000000000000000e+00 3.051757812500000000e-05 5.478820800781250000e-01
0.000000000000000000e+00 3.051757812500000000e-05 5.159606933593750000e-01
0.000000000000000000e+00 3.051757812500000000e-05 4.638366699218750000e-01
0.000000000000000000e+00 3.051757812500000000e-05 4.117126464843750000e-01
0.000000000000000000e+00 3.051757812500000000e-05 3.617248535156250000e-01
0.000000000000000000e+00 3.051757812500000000e-05 2.947082519531250000e-01
0.000000000000000000e+00 3.051757812500000000e-05 3.051757812500000000e-05
0.000000000000000000e+00 3.051757812500000000e-05 3.051757812500000000e-05
0.000000000000000000e+00 3.051757812500000000e-05 3.051757812500000000e-05
0.000000000000000000e+00 3.051757812500000000e-05 3.051757812500000000e-05
0.000000000000000000e+00 3.051757812500000000e-05 3.051757812500000000e-05
0.000000000000000000e+00 3.051757812500000000e-05 3.051757812500000000e-05
0.000000000000000000e+00 3.051757812500000000e-05 3.051757812500000000e-05
0.000000000000000000e+00 3.051757812500000000e-05 3.051757812500000000e-05
0.000000000000000000e+00 3.051757812500000000e-05 3.051757812500000000e-05
0.000000000000000000e+00 3.051757812500000000e-05 3.051757812500000000e-05
0.000000000000000000e+00 3.051757812500000000e-05 3.051757812500000000e-05
0.000000000000000000e+00 3.051757812500000000e-05 3.051757812500000000e-05
0.000000000000000000e+00 3.051757812500000000e-05 3.051757812500000000e-05
0.000000000000000000e+00 3.051757812500000000e-05 3.051757812500000000e-05
0.000000000000000000e+00 3.051757812500000000e-05 3.051757812500000000e-05
0.000000000000000000e+00 3.051757812500000000e-05 3.051757812500000000e-05
0.000000000000000000e+00 3.051757812500000000e-05 3.051757812500000000e-05
0.000000000000000000e+00 3.051757812500000000e-05 3.051757812500000000e-05
0.000000000000000000e+00 3.051757812500000000e-05 3.051757812500000000e-05
0.000000000000000000e+00 3.051757812500000000e-05 3.051757812500000000e-05
0.000000000000000000e+00 3.051757812500000000e-05 3.051757812500000000e-05
0.000000000000000000e+00 3.051757812500000000e-05 3.051757812500000000e-05
0.000000000000000000e+00 3.051757812500000000e-05 3.051757812500000000e-05
0.000000000000000000e+00 3.051757812500000000e-05 3.051757812500000000e-05
0.000000000000000000e+00 3.051757812500000000e-05 3.051757812500000000e-05
0.000000000000000000e+00 3.051757812500000000e-05 3.051757812500000000e-05
0.000000000000000000e+00 3.051757812500000000e-05 3.051757812500000000e-05
0.000000000000000000e+00 3.051757812500000000e-05 3.051757812500000000e-05
0.000000000000000000e+00 3.051757812500000000e-05 3.051757812500000000e-05
0.000000000000000000e+00 3.051757812500000000e-05 3.051757812500000000e-05
0.000000000000000000e+00 3.051757812500000000e-05 3.051757812500000000e-05
0.000000000000000000e+00 3.051757812500000000e-05 3.051757812500000000e-05
0.000000000000000000e+00 3.051757812500000000e-05 3.051757812500000000e-05
0.000000000000000000e+00 3.051757812500000000e-05 3.051757812500000000e-05
0.000000000000000000e+00 3.051757812500000000e-05 3.051757812500000000e-05
0.000000000000000000e+00 3.051757812500000000e-05 3.051757812500000000e-05
0.000000000000000000e+00 3.051757812500000000e-05 3.051757812500000000e-05
0.000000000000000000e+00 3.051757812500000000e-05 3.051757812500000000e-05
0.000000000000000000e+00 3.051757812500000000e-05 3.051757812500000000e-05
0.000000000000000000e+00 3.051757812500000000e-05 3.051757812500000000e-05
0.000000000000000000e+00 3.051757812500000000e-05 3.051757812500000000e-05
0.000000000000000000e+00 3.051757812500000000e-05 3.051757812500000000e-05
0.000000000000000000e+00 3.051757812500000000e-05 3.051757812500000000e-05
0.000000000000000000e+00 3.051757812500000000e-05 3.051757812500000000e-05
0.000000000000000000e+00 3.051757812500000000e-05 3.051757812500000000e-05
0.000000000000000000e+00 3.051757812500000000e-05 3.051757812500000000e-05
-4.409790039062500000e-02 3.051757812500000000e-05 3.051757812500000000e-05
-2.297058105468750000e-01 3.051757812500000000e-05 3.051757812500000000e-05
-2.784423828125000000e-01 3.051757812500000000e-05 3.051757812500000000e-05
-3.434143066406250000e-01 3.051757812500000000e-05 3.051757812500000000e-05
-4.953613281250000000e-01 3.051757812500000000e-05 3.051757812500000000e-05
-5.696105957031250000e-01 3.051757812500000000e-05 3.051757812500000000e-05
-7.007141113281250000e-01 3.051757812500000000e-05 3.051757812500000000e-05
-7.529296875000000000e-01 3.051757812500000000e-05 3.051757812500000000e-05
-8.550109863281250000e-01 3.051757812500000000e-05 3.051757812500000000e-05
-9.199829101562500000e-01 3.051757812500000000e-05 3.051757812500000000e-05
-9.396972656250000000e-01 3.051757812500000000e-05 3.051757812500000000e-05
-9.652099609375000000e-01 3.051757812500000000e-05 3.051757812500000000e-05
-9.733276367187500000e-01 3.051757812500000000e-05 3.051757812500000000e-05
-9.942016601562500000e-01 3.051757812500000000e-05 3.051757812500000000e-05
-1.000000000000000000e+00 3.051757812500000000e-05 3.051757812500000000e-05
-1.000000000000000000e+00 3.051757812500000000e-05 3.051757812500000000e-05
-1.000000000000000000e+00 3.051757812500000000e-05 3.051757812500000000e-05
-1.000000000000000000e+00 3.051757812500000000e-05 3.051757812500000000e-05
-1.000000000000000000e+00 3.051757812500000000e-05 3.051757812500000000e-05
-1.000000000000000000e+00 3.051757812500000000e-05 3.051757812500000000e-05
-1.000000000000000000e+00 3.051757812500000000e-05 3.051757812500000000e-05
-1.000000000000000000e+00 3.051757812500000000e-05 3.051757812500000000e-05
-1.000000000000000000e+00 3.051757812500000000e-05 3.051757812500000000e-05
-1.000000000000000000e+00 3.051757812500000000e-05 3.051757812500000000e-05
-1.000000000000000000e+00 3.051757812500000000e-05 3.051757812500000000e-05
-1.000000000000000000e+00 3.051757812500000000e-05 3.051757812500000000e-05
-1.000000000000000000e+00 3.051757812500000000e-05 3.051757812500000000e-05
-1.000000000000000000e+00 3.051757812500000000e-05 3.051757812500000000e-05
-1.000000000000000000e+00 3.051757812500000000e-05 3.051757812500000000e-05
-1.000000000000000000e+00 3.051757812500000000e-05 3.051757812500000000e-05
-1.000000000000000000e+00 3.051757812500000000e-05 3.051757812500000000e-05
-1.000000000000000000e+00 3.051757812500000000e-05 3.051757812500000000e-05
-1.000000000000000000e+00 3.051757812500000000e-05 3.051757812500000000e-05
-1.000000000000000000e+00 3.051757812500000000e-05 3.051757812500000000e-05
-1.000000000000000000e+00 3.051757812500000000e-05 3.051757812500000000e-05
-1.000000000000000000e+00 3.051757812500000000e-05 3.051757812500000000e-05
-1.000000000000000000e+00 3.051757812500000000e-05 3.051757812500000000e-05
-1.000000000000000000e+00 3.051757812500000000e-05 3.051757812500000000e-05
-1.000000000000000000e+00 3.051757812500000000e-05 3.051757812500000000e-05
-1.000000000000000000e+00 3.051757812500000000e-05 3.051757812500000000e-05
-1.000000000000000000e+00 3.051757812500000000e-05 3.051757812500000000e-05
-1.000000000000000000e+00 3.051757812500000000e-05 3.051757812500000000e-05
-1.000000000000000000e+00 3.051757812500000000e-05 3.051757812500000000e-05
-1.000000000000000000e+00 3.051757812500000000e-05 3.051757812500000000e-05
-1.000000000000000000e+00 3.051757812500000000e-05 3.051757812500000000e-05
-1.000000000000000000e+00 3.051757812500000000e-05 3.051757812500000000e-05
-1.000000000000000000e+00 3.051757812500000000e-05 3.051757812500000000e-05
-1.000000000000000000e+00 3.051757812500000000e-05 3.051757812500000000e-05
-1.000000000000000000e+00 3.051757812500000000e-05 3.051757812500000000e-05
-1.000000000000000000e+00 3.051757812500000000e-05 3.051757812500000000e-05
-1.000000000000000000e+00 3.051757812500000000e-05 3.051757812500000000e-05
-9.988403320312500000e-01 3.051757812500000000e-05 3.051757812500000000e-05
-9.628906250000000000e-01 3.051757812500000000e-05 3.051757812500000000e-05
-9.060363769531250000e-01 3.051757812500000000e-05 3.051757812500000000e-05
-8.248291015625000000e-01 3.051757812500000000e-05 3.051757812500000000e-05
-6.438598632812500000e-01 3.051757812500000000e-05 3.051757812500000000e-05
-4.454956054687500000e-01 3.051757812500000000e-05 3.051757812500000000e-05
-1.021118164062500000e-01 3.051757812500000000e-05 3.051757812500000000e-05
0.000000000000000000e+00 3.051757812500000000e-05 3.051757812500000000e-05
0.000000000000000000e+00 3.051757812500000000e-05 3.051757812500000000e-05
0.000000000000000000e+00 3.051757812500000000e-05 3.051757812500000000e-05
0.000000000000000000e+00 3.051757812500000000e-05 3.051757812500000000e-05
0.000000000000000000e+00 3.051757812500000000e-05 3.051757812500000000e-05
0.000000000000000000e+00 3.051757812500000000e-05 3.051757812500000000e-05
0.000000000000000000e+00 3.051757812500000000e-05 3.051757812500000000e-05
0.000000000000000000e+00 3.051757812500000000e-05 3.051757812500000000e-05
0.000000000000000000e+00 3.051757812500000000e-05 3.051757812500000000e-05
0.000000000000000000e+00 3.051757812500000000e-05 3.051757812500000000e-05
0.000000000000000000e+00 3.051757812500000000e-05 3.051757812500000000e-05
0.000000000000000000e+00 3.051757812500000000e-05 3.051757812500000000e-05
0.000000000000000000e+00 3.051757812500000000e-05 3.051757812500000000e-05
0.000000000000000000e+00 3.051757812500000000e-05 3.051757812500000000e-05
0.000000000000000000e+00 3.051757812500000000e-05 3.051757812500000000e-05
0.000000000000000000e+00 3.051757812500000000e-05 3.051757812500000000e-05
0.000000000000000000e+00 3.051757812500000000e-05 3.051757812500000000e-05
0.000000000000000000e+00 3.051757812500000000e-05 3.051757812500000000e-05
0.000000000000000000e+00 3.051757812500000000e-05 3.051757812500000000e-05
0.000000000000000000e+00 3.051757812500000000e-05 3.051757812500000000e-05
0.000000000000000000e+00 3.051757812500000000e-05 3.051757812500000000e-05
0.000000000000000000e+00 3.051757812500000000e-05 3.051757812500000000e-05
0.000000000000000000e+00 4.522705078125000000e-02 3.051757812500000000e-05
0.000000000000000000e+00 1.103820800781250000e-01 3.051757812500000000e-05
0.000000000000000000e+00 2.513427734375000000e-01 3.051757812500000000e-05
0.000000000000000000e+00 3.417663574218750000e-01 3.051757812500000000e-05
0.000000000000000000e+00 5.039978027343750000e-01 3.051757812500000000e-05
0.000000000000000000e+00 6.821899414062500000e-01 3.051757812500000000e-05
2.716064453125000000e-03 9.029541015625000000e-01 3.051757812500000000e-05
2.716064453125000000e-03 1.000000000000000000e+00 3.051757812500000000e-05
0.000000000000000000e+00 1.000000000000000000e+00 3.051757812500000000e-05
0.000000000000000000e+00 1.000000000000000000e+00 3.051757812500000000e-05
0.000000000000000000e+00 1.000000000000000000e+00 3.051757812500000000e-05
2.716064453125000000e-03 1.000000000000000000e+00 3.051757812500000000e-05
0.000000000000000000e+00 1.000000000000000000e+00 3.051757812500000000e-05
1.342773437500000000e-03 1.000000000000000000e+00 3.051757812500000000e-05
1.342773437500000000e-03 1.000000000000000000e+00 3.051757812500000000e-05
0.000000000000000000e+00 1.000000000000000000e+00 3.051757812500000000e-05
0.000000000000000000e+00 1.000000000000000000e+00 3.051757812500000000e-05
0.000000000000000000e+00 1.000000000000000000e+00 3.051757812500000000e-05
0.000000000000000000e+00 1.000000000000000000e+00 3.051757812500000000e-05
0.000000000000000000e+00 1.000000000000000000e+00 3.051757812500000000e-05
0.000000000000000000e+00 1.000000000000000000e+00 3.051757812500000000e-05
0.000000000000000000e+00 1.000000000000000000e+00 3.051757812500000000e-05
0.000000000000000000e+00 1.000000000000000000e+00 3.051757812500000000e-05
0.000000000000000000e+00 1.000000000000000000e+00 3.051757812500000000e-05
0.000000000000000000e+00 1.000000000000000000e+00 3.051757812500000000e-05
0.000000000000000000e+00 1.000000000000000000e+00 3.051757812500000000e-05
0.000000000000000000e+00 1.000000000000000000e+00 3.051757812500000000e-05
0.000000000000000000e+00 1.000000000000000000e+00 3.051757812500000000e-05
0.000000000000000000e+00 1.000000000000000000e+00 3.051757812500000000e-05
0.000000000000000000e+00 1.000000000000000000e+00 3.051757812500000000e-05
0.000000000000000000e+00 1.000000000000000000e+00 3.051757812500000000e-05
0.000000000000000000e+00 1.000000000000000000e+00 3.051757812500000000e-05
0.000000000000000000e+00 1.000000000000000000e+00 3.051757812500000000e-05
0.000000000000000000e+00 1.000000000000000000e+00 3.051757812500000000e-05
0.000000000000000000e+00 1.000000000000000000e+00 3.051757812500000000e-05
0.000000000000000000e+00 1.000000000000000000e+00 3.051757812500000000e-05
0.000000000000000000e+00 1.000000000000000000e+00 3.051757812500000000e-05
0.000000000000000000e+00 1.000000000000000000e+00 3.051757812500000000e-05
0.000000000000000000e+00 1.000000000000000000e+00 3.051757812500000000e-05
0.000000000000000000e+00 1.000000000000000000e+00 3.051757812500000000e-05
0.000000000000000000e+00 1.000000000000000000e+00 3.051757812500000000e-05
0.000000000000000000e+00 1.000000000000000000e+00 3.051757812500000000e-05
0.000000000000000000e+00 1.000000000000000000e+00 3.051757812500000000e-05
0.000000000000000000e+00 1.000000000000000000e+00 3.051757812500000000e-05
0.000000000000000000e+00 1.000000000000000000e+00 3.051757812500000000e-05
0.000000000000000000e+00 1.000000000000000000e+00 3.051757812500000000e-05
0.000000000000000000e+00 1.000000000000000000e+00 3.051757812500000000e-05
0.000000000000000000e+00 1.000000000000000000e+00 3.051757812500000000e-05
0.000000000000000000e+00 1.000000000000000000e+00 3.051757812500000000e-05
0.000000000000000000e+00 1.000000000000000000e+00 3.051757812500000000e-05
0.000000000000000000e+00 1.000000000000000000e+00 3.051757812500000000e-05
0.000000000000000000e+00 1.000000000000000000e+00 3.051757812500000000e-05
0.000000000000000000e+00 1.000000000000000000e+00 3.051757812500000000e-05
0.000000000000000000e+00 1.000000000000000000e+00 3.051757812500000000e-05
0.000000000000000000e+00 1.000000000000000000e+00 3.051757812500000000e-05
0.000000000000000000e+00 1.000000000000000000e+00 3.051757812500000000e-05
0.000000000000000000e+00 1.000000000000000000e+00 3.051757812500000000e-05
0.000000000000000000e+00 1.000000000000000000e+00 3.051757812500000000e-05
0.000000000000000000e+00 1.000000000000000000e+00 3.051757812500000000e-05
0.000000000000000000e+00 1.000000000000000000e+00 3.051757812500000000e-05
9.521484375000000000e-03 1.000000000000000000e+00 3.051757812500000000e-05
1.498413085937500000e-02 1.000000000000000000e+00 3.051757812500000000e-05
2.728271484375000000e-02 1.000000000000000000e+00 3.051757812500000000e-05
4.364013671875000000e-02 9.215698242187500000e-01 3.051757812500000000e-05
5.728149414062500000e-02 5.345764160156250000e-01 3.051757812500000000e-05
4.364013671875000000e-02 1.502685546875000000e-01 3.051757812500000000e-05
0.000000000000000000e+00 3.051757812500000000e-05 3.051757812500000000e-05
0.000000000000000000e+00 3.051757812500000000e-05 3.051757812500000000e-05
0.000000000000000000e+00 3.051757812500000000e-05 3.051757812500000000e-05
0.000000000000000000e+00 3.051757812500000000e-05 3.051757812500000000e-05
0.000000000000000000e+00 3.051757812500000000e-05 3.051757812500000000e-05
0.000000000000000000e+00 -9.606933593750000000e-02 3.051757812500000000e-05
0.000000000000000000e+00 -1.281127929687500000e-01 3.051757812500000000e-05
0.000000000000000000e+00 -7.708740234375000000e-02 3.051757812500000000e-05
0.000000000000000000e+00 -1.470642089843750000e-01 3.051757812500000000e-05
0.000000000000000000e+00 -2.573852539062500000e-01 3.051757812500000000e-05
0.000000000000000000e+00 -3.807678222656250000e-01 3.051757812500000000e-05
-8.148193359375000000e-03 -4.839782714843750000e-01 3.051757812500000000e-05
-3.829956054687500000e-02 -6.701965332031250000e-01 3.051757812500000000e-05
-7.077026367187500000e-02 -9.679565429687500000e-01 3.051757812500000000e-05
-7.772827148437500000e-02 -9.999694824218750000e-01 3.051757812500000000e-05
-7.192993164062500000e-02 -9.999694824218750000e-01 3.051757812500000000e-05
-7.656860351562500000e-02 -9.999694824218750000e-01 3.051757812500000000e-05
-7.308959960937500000e-02 -9.999694824218750000e-01 3.051757812500000000e-05
-7.308959960937500000e-02 -9.999694824218750000e-01 3.051757812500000000e-05
-7.308959960937500000e-02 -9.999694824218750000e-01 3.051757812500000000e-05
-5.337524414062500000e-02 -9.999694824218750000e-01 3.051757812500000000e-05
-1.974487304687500000e-02 -9.999694824218750000e-01 3.051757812500000000e-05
-6.988525390625000000e-03 -9.999694824218750000e-01 3.051757812500000000e-05
0.000000000000000000e+00 -9.999694824218750000e-01 3.051757812500000000e-05
-1.190185546875000000e-03 -9.999694824218750000e-01 3.051757812500000000e-05
0.000000000000000000e+00 -9.999694824218750000e-01 3.051757812500000000e-05
0.000000000000000000e+00 -9.999694824218750000e-01 3.051757812500000000e-05
0.000000000000000000e+00 -9.999694824218750000e-01 3.051757812500000000e-05
0.000000000000000000e+00 -9.999694824218750000e-01 3.051757812500000000e-05
-3.509521484375000000e-03 -9.999694824218750000e-01 3.051757812500000000e-05
-2.349853515625000000e-03 -9.999694824218750000e-01 3.051757812500000000e-05
-2.349853515625000000e-03 -9.999694824218750000e-01 3.051757812500000000e-05
-1.190185546875000000e-03 -9.999694824218750000e-01 3.051757812500000000e-05
-2.349853515625000000e-03 -9.999694824218750000e-01 3.051757812500000000e-05
-3.509521484375000000e-03 -9.999694824218750000e-01 3.051757812500000000e-05
-1.190185546875000000e-03 -9.999694824218750000e-01 3.051757812500000000e-05
-3.509521484375000000e-03 -9.999694824218750000e-01 3.051757812500000000e-05
-3.509521484375000000e-03 -9.999694824218750000e-01 3.051757812500000000e-05
-3.509521484375000000e-03 -9.999694824218750000e-01 3.051757812500000000e-05
-3.509521484375000000e-03 -9.999694824218750000e-01 3.051757812500000000e-05
-3.509521484375000000e-03 -9.999694824218750000e-01 3.051757812500000000e-05
-3.509521484375000000e-03 -9.999694824218750000e-01 3.051757812500000000e-05
-3.509521484375000000e-03 -9.999694824218750000e-01 3.051757812500000000e-05
-3.509521484375000000e-03 -9.999694824218750000e-01 3.051757812500000000e-05
-3.509521484375000000e-03 -9.999694824218750000e-01 3.051757812500000000e-05
-3.509521484375000000e-03 -9.999694824218750000e-01 3.051757812500000000e-05
-3.509521484375000000e-03 -9.999694824218750000e-01 3.051757812500000000e-05
-3.509521484375000000e-03 -9.999694824218750000e-01 3.051757812500000000e-05
-3.509521484375000000e-03 -9.999694824218750000e-01 3.051757812500000000e-05
-3.509521484375000000e-03 -9.999694824218750000e-01 3.051757812500000000e-05
-3.509521484375000000e-03 -9.999694824218750000e-01 3.051757812500000000e-05
-3.509521484375000000e-03 -9.999694824218750000e-01 3.051757812500000000e-05
-3.509521484375000000e-03 -9.999694824218750000e-01 3.051757812500000000e-05
-3.509521484375000000e-03 -9.999694824218750000e-01 3.051757812500000000e-05
-3.509521484375000000e-03 -9.999694824218750000e-01 3.051757812500000000e-05
-3.509521484375000000e-03 -9.999694824218750000e-01 3.051757812500000000e-05
-3.509521484375000000e-03 -9.999694824218750000e-01 3.051757812500000000e-05
-3.509521484375000000e-03 -9.999694824218750000e-01 3.051757812500000000e-05
-3.509521484375000000e-03 -9.999694824218750000e-01 3.051757812500000000e-05
-3.509521484375000000e-03 -9.999694824218750000e-01 3.051757812500000000e-05
-3.509521484375000000e-03 -9.999694824218750000e-01 3.051757812500000000e-05
-3.509521484375000000e-03 -9.999694824218750000e-01 3.051757812500000000e-05
-3.509521484375000000e-03 -9.999694824218750000e-01 3.051757812500000000e-05
-3.509521484375000000e-03 -9.999694824218750000e-01 3.051757812500000000e-05
0.000000000000000000e+00 -9.999694824218750000e-01 3.051757812500000000e-05
0.000000000000000000e+00 -9.999694824218750000e-01 3.051757812500000000e-05
0.000000000000000000e+00 -9.999694824218750000e-01 3.051757812500000000e-05
0.000000000000000000e+00 -9.999694824218750000e-01 3.051757812500000000e-05
0.000000000000000000e+00 -9.999694824218750000e-01 3.051757812500000000e-05
0.000000000000000000e+00 -9.999694824218750000e-01 3.051757812500000000e-05
0.000000000000000000e+00 -9.999694824218750000e-01 3.051757812500000000e-05
5.999755859375000000e-02 -9.999694824218750000e-01 3.051757812500000000e-05
1.936950683593750000e-01 -9.999694824218750000e-01 3.051757812500000000e-05
3.055725097656250000e-01 -9.999694824218750000e-01 3.051757812500000000e-05
5.047607421875000000e-01 -9.999694824218750000e-01 3.051757812500000000e-05
7.121276855468750000e-01 -9.430541992187500000e-01 3.051757812500000000e-05
8.894653320312500000e-01 -7.911987304687500000e-01 3.051757812500000000e-05
9.999694824218750000e-01 -5.017700195312500000e-01 3.051757812500000000e-05
9.999694824218750000e-01 -3.214416503906250000e-01 3.051757812500000000e-05
9.999694824218750000e-01 -9.963989257812500000e-02 3.051757812500000000e-05
9.999694824218750000e-01 3.051757812500000000e-05 3.051757812500000000e-05
9.999694824218750000e-01 3.051757812500000000e-05 3.051757812500000000e-05
9.999694824218750000e-01 3.051757812500000000e-05 3.051757812500000000e-05
9.999694824218750000e-01 4.388427734375000000e-02 3.051757812500000000e-05
9.999694824218750000e-01 8.511352539062500000e-02 3.051757812500000000e-05
9.999694824218750000e-01 1.103820800781250000e-01 3.051757812500000000e-05
9.999694824218750000e-01 1.117248535156250000e-01 3.051757812500000000e-05
9.999694824218750000e-01 1.050720214843750000e-01 3.051757812500000000e-05
9.999694824218750000e-01 1.063842773437500000e-01 3.051757812500000000e-05
9.999694824218750000e-01 1.024169921875000000e-01 3.051757812500000000e-05
9.999694824218750000e-01 1.024169921875000000e-01 3.051757812500000000e-05
9.999694824218750000e-01 1.024169921875000000e-01 3.051757812500000000e-05
9.999694824218750000e-01 1.037292480468750000e-01 3.051757812500000000e-05
9.999694824218750000e-01 1.024169921875000000e-01 3.051757812500000000e-05
9.999694824218750000e-01 1.037292480468750000e-01 3.051757812500000000e-05
9.999694824218750000e-01 1.077270507812500000e-01 3.051757812500000000e-05
9.999694824218750000e-01 1.675720214843750000e-01 3.051757812500000000e-05
9.999694824218750000e-01 1.742248535156250000e-01 3.051757812500000000e-05
9.999694824218750000e-01 1.954956054687500000e-01 3.051757812500000000e-05
9.999694824218750000e-01 2.274169921875000000e-01 3.051757812500000000e-05
9.999694824218750000e-01 2.779541015625000000e-01 3.051757812500000000e-05
9.999694824218750000e-01 2.885742187500000000e-01 3.051757812500000000e-05
9.999694824218750000e-01 2.859191894531250000e-01 3.051757812500000000e-05
9.999694824218750000e-01 2.859191894531250000e-01 3.051757812500000000e-05
9.999694824218750000e-01 2.806091308593750000e-01 3.051757812500000000e-05
9.999694824218750000e-01 1.941528320312500000e-01 3.051757812500000000e-05
9.999694824218750000e-01 1.236877441406250000e-01 3.051757812500000000e-05
9.999694824218750000e-01 8.911132812500000000e-02 3.051757812500000000e-05
9.999694824218750000e-01 3.857421875000000000e-02 3.051757812500000000e-05
9.999694824218750000e-01 3.051757812500000000e-05 3.051757812500000000e-05
9.999694824218750000e-01 3.051757812500000000e-05 3.051757812500000000e-05
9.999694824218750000e-01 3.051757812500000000e-05 3.051757812500000000e-05
9.999694824218750000e-01 3.051757812500000000e-05 3.051757812500000000e-05
9.999694824218750000e-01 3.051757812500000000e-05 3.051757812500000000e-05
9.999694824218750000e-01 3.051757812500000000e-05 3.051757812500000000e-05
9.999694824218750000e-01 3.051757812500000000e-05 3.051757812500000000e-05
9.999694824218750000e-01 3.051757812500000000e-05 3.051757812500000000e-05
9.999694824218750000e-01 3.051757812500000000e-05 3.051757812500000000e-05
9.999694824218750000e-01 3.051757812500000000e-05 3.051757812500000000e-05
9.999694824218750000e-01 3.051757812500000000e-05 3.051757812500000000e-05
9.999694824218750000e-01 3.051757812500000000e-05 3.051757812500000000e-05
9.999694824218750000e-01 3.051757812500000000e-05 3.051757812500000000e-05
9.999694824218750000e-01 3.051757812500000000e-05 3.051757812500000000e-05
9.999694824218750000e-01 3.051757812500000000e-05 3.051757812500000000e-05
9.999694824218750000e-01 3.051757812500000000e-05 3.051757812500000000e-05
9.999694824218750000e-01 3.051757812500000000e-05 3.051757812500000000e-05
9.999694824218750000e-01 3.051757812500000000e-05 3.051757812500000000e-05
9.999694824218750000e-01 3.051757812500000000e-05 3.051757812500000000e-05
9.999694824218750000e-01 3.051757812500000000e-05 3.051757812500000000e-05
9.999694824218750000e-01 3.051757812500000000e-05 3.051757812500000000e-05
9.999694824218750000e-01 3.051757812500000000e-05 3.051757812500000000e-05
9.999694824218750000e-01 3.051757812500000000e-05 3.051757812500000000e-05
9.999694824218750000e-01 3.051757812500000000e-05 3.051757812500000000e-05
9.999694824218750000e-01 3.051757812500000000e-05 3.051757812500000000e-05
9.999694824218750000e-01 3.051757812500000000e-05 3.051757812500000000e-05
9.999694824218750000e-01 3.051757812500000000e-05 3.051757812500000000e-05
9.999694824218750000e-01 5.340576171875000000e-03 3.051757812500000000e-05
9.999694824218750000e-01 5.718994140625000000e-02 3.051757812500000000e-05
9.999694824218750000e-01 1.050720214843750000e-01 3.051757812500000000e-05
9.999694824218750000e-01 1.609191894531250000e-01 3.051757812500000000e-05
9.999694824218750000e-01 2.008056640625000000e-01 3.051757812500000000e-05
9.999694824218750000e-01 2.859191894531250000e-01 3.051757812500000000e-05
9.999694824218750000e-01 3.125000000000000000e-01 3.051757812500000000e-05
9.999694824218750000e-01 3.550720214843750000e-01 3.051757812500000000e-05
9.999694824218750000e-01 4.029541015625000000e-01 3.051757812500000000e-05
9.999694824218750000e-01 4.588012695312500000e-01 3.051757812500000000e-05
9.999694824218750000e-01 5.811462402343750000e-01 3.051757812500000000e-05
9.999694824218750000e-01 6.954956054687500000e-01 3.051757812500000000e-05
9.999694824218750000e-01 8.976135253906250000e-01 3.051757812500000000e-05
9.999694824218750000e-01 1.000000000000000000e+00 3.051757812500000000e-05
8.485412597656250000e-01 1.000000000000000000e+00 3.051757812500000000e-05
7.121276855468750000e-01 1.000000000000000000e+00 3.051757812500000000e-05
5.375061035156250000e-01 1.000000000000000000e+00 3.051757812500000000e-05
4.147338867187500000e-01 1.000000000000000000e+00 3.051757812500000000e-05
3.328552246093750000e-01 1.000000000000000000e+00 3.051757812500000000e-05
3.001098632812500000e-01 1.000000000000000000e+00 3.051757812500000000e-05
2.837524414062500000e-01 1.000000000000000000e+00 3.051757812500000000e-05
2.660217285156250000e-01 1.000000000000000000e+00 1.916503906250000000e-02
2.619323730468750000e-01 1.000000000000000000e+00 1.510925292968750000e-01
2.591857910156250000e-01 1.000000000000000000e+00 2.415161132812500000e-01
2.619323730468750000e-01 1.000000000000000000e+00 3.404541015625000000e-01
2.591857910156250000e-01 1.000000000000000000e+00 4.510803222656250000e-01
2.591857910156250000e-01 1.000000000000000000e+00 5.574645996093750000e-01
2.605590820312500000e-01 1.000000000000000000e+00 6.734313964843750000e-01
2.728271484375000000e-01 1.000000000000000000e+00 7.702331542968750000e-01
3.356018066406250000e-01 1.000000000000000000e+00 8.542785644531250000e-01
3.601379394531250000e-01 1.000000000000000000e+00 9.500122070312500000e-01
3.683471679687500000e-01 1.000000000000000000e+00 9.989624023437500000e-01
3.710632324218750000e-01 1.000000000000000000e+00 1.000000000000000000e+00
3.710632324218750000e-01 1.000000000000000000e+00 1.000000000000000000e+00
3.737792968750000000e-01 1.000000000000000000e+00 1.000000000000000000e+00
3.737792968750000000e-01 1.000000000000000000e+00 1.000000000000000000e+00
3.737792968750000000e-01 1.000000000000000000e+00 1.000000000000000000e+00
3.737792968750000000e-01 1.000000000000000000e+00 1.000000000000000000e+00
3.737792968750000000e-01 1.000000000000000000e+00 1.000000000000000000e+00
3.737792968750000000e-01 1.000000000000000000e+00 1.000000000000000000e+00
3.724365234375000000e-01 1.000000000000000000e+00 1.000000000000000000e+00
3.737792968750000000e-01 1.000000000000000000e+00 1.000000000000000000e+00
3.737792968750000000e-01 1.000000000000000000e+00 1.000000000000000000e+00
3.737792968750000000e-01 1.000000000000000000e+00 1.000000000000000000e+00
3.737792968750000000e-01 1.000000000000000000e+00 1.000000000000000000e+00
3.737792968750000000e-01 1.000000000000000000e+00 1.000000000000000000e+00
3.424072265625000000e-01 1.000000000000000000e+00 1.000000000000000000e+00
3.192138671875000000e-01 1.000000000000000000e+00 1.000000000000000000e+00
3.110351562500000000e-01 1.000000000000000000e+00 1.000000000000000000e+00
3.069458007812500000e-01 1.000000000000000000e+00 1.000000000000000000e+00
3.001098632812500000e-01 1.000000000000000000e+00 1.000000000000000000e+00
2.960205078125000000e-01 1.000000000000000000e+00 1.000000000000000000e+00
2.892150878906250000e-01 1.000000000000000000e+00 1.000000000000000000e+00
2.864685058593750000e-01 1.000000000000000000e+00 1.000000000000000000e+00
2.782897949218750000e-01 1.000000000000000000e+00 1.000000000000000000e+00
2.687377929687500000e-01 1.000000000000000000e+00 1.000000000000000000e+00
2.632751464843750000e-01 9.986877441406250000e-01 1.000000000000000000e+00
2.537231445312500000e-01 9.880371093750000000e-01 1.000000000000000000e+00
2.455444335937500000e-01 9.747619628906250000e-01 1.000000000000000000e+00
2.400817871093750000e-01 9.601135253906250000e-01 1.000000000000000000e+00
2.400817871093750000e-01 9.481506347656250000e-01 1.000000000000000000e+00
2.400817871093750000e-01 9.428405761718750000e-01 1.000000000000000000e+00
2.373657226562500000e-01 9.348449707031250000e-01 1.000000000000000000e+00
2.127990722656250000e-01 7.912292480468750000e-01 1.000000000000000000e+00
0.000000000000000000e+00 3.051757812500000000e-05 9.957580566406250000e-01
0.000000000000000000e+00 3.051757812500000000e-05 9.787292480468750000e-01
0.000000000000000000e+00 3.051757812500000000e-05 9.595947265625000000e-01
0.000000000000000000e+00 3.051757812500000000e-05 9.372558593750000000e-01
0.000000000000000000e+00 3.051757812500000000e-05 8.574523925781250000e-01
0.000000000000000000e+00 3.051757812500000000e-05 8.085327148437500000e-01
0.000000000000000000e+00 3.051757812500000000e-05 7.510681152343750000e-01
0.000000000000000000e+00 3.051757812500000000e-05 6.691589355468750000e-01
0.000000000000000000e+00 3.051757812500000000e-05 5.798034667968750000e-01
0.000000000000000000e+00 3.051757812500000000e-05 4.830017089843750000e-01
0.000000000000000000e+00 3.051757812500000000e-05 3.670349121093750000e-01
0.000000000000000000e+00 3.051757812500000000e-05 2.872619628906250000e-01
0.000000000000000000e+00 3.051757812500000000e-05 1.404418945312500000e-01
0.000000000000000000e+00 3.051757812500000000e-05 2.554321289062500000e-02
0.000000000000000000e+00 3.051757812500000000e-05 3.051757812500000000e-05
0.000000000000000000e+00 3.051757812500000000e-05 3.051757812500000000e-05
0.000000000000000000e+00 3.051757812500000000e-05 3.051757812500000000e-05
0.000000000000000000e+00 3.051757812500000000e-05 3.051757812500000000e-05
0.000000000000000000e+00 3.051757812500000000e-05 3.051757812500000000e-05
0.000000000000000000e+00 3.051757812500000000e-05 3.051757812500000000e-05
0.000000000000000000e+00 3.051757812500000000e-05 3.051757812500000000e-05
0.000000000000000000e+00 3.051757812500000000e-05 3.051757812500000000e-05
0.000000000000000000e+00 3.051757812500000000e-05 3.051757812500000000e-05
0.000000000000000000e+00 3.051757812500000000e-05 3.051757812500000000e-05
0.000000000000000000e+00 3.051757812500000000e-05 3.051757812500000000e-05
0.000000000000000000e+00 3.051757812500000000e-05 -1.092224121093750000e-01
0.000000000000000000e+00 3.051757812500000000e-05 -2.138366699218750000e-01
0.000000000000000000e+00 3.051757812500000000e-05 -2.722778320312500000e-01
0.000000000000000000e+00 3.051757812500000000e-05 -3.107604980468750000e-01
0.000000000000000000e+00 3.051757812500000000e-05 -4.138183593750000000e-01
0.000000000000000000e+00 3.051757812500000000e-05 -4.845886230468750000e-01
0.000000000000000000e+00 3.051757812500000000e-05 -5.322875976562500000e-01
0.000000000000000000e+00 3.051757812500000000e-05 -6.107482910156250000e-01
0.000000000000000000e+00 3.051757812500000000e-05 -6.553649902343750000e-01
0.000000000000000000e+00 3.051757812500000000e-05 -7.030639648437500000e-01
0.000000000000000000e+00 3.051757812500000000e-05 -7.707519531250000000e-01
0.000000000000000000e+00 3.051757812500000000e-05 -8.015136718750000000e-01
0.000000000000000000e+00 3.051757812500000000e-05 -8.923034667968750000e-01
0.000000000000000000e+00 3.051757812500000000e-05 -9.738159179687500000e-01
0.000000000000000000e+00 3.051757812500000000e-05 -9.999694824218750000e-01
0.000000000000000000e+00 3.051757812500000000e-05 -9.999694824218750000e-01
0.000000000000000000e+00 6.518554687500000000e-02 -9.999694824218750000e-01
0.000000000000000000e+00 1.742248535156250000e-01 -9.999694824218750000e-01
0.000000000000000000e+00 2.992248535156250000e-01 -9.999694824218750000e-01
0.000000000000000000e+00 3.524169921875000000e-01 -9.999694824218750000e-01
0.000000000000000000e+00 4.800720214843750000e-01 -9.999694824218750000e-01
0.000000000000000000e+00 5.997619628906250000e-01 -9.999694824218750000e-01
0.000000000000000000e+00 7.008056640625000000e-01 -9.999694824218750000e-01
0.000000000000000000e+00 8.391113281250000000e-01 -9.999694824218750000e-01
0.000000000000000000e+00 9.348449707031250000e-01 -9.999694824218750000e-01
0.000000000000000000e+00 1.000000000000000000e+00 -9.999694824218750000e-01
0.000000000000000000e+00 1.000000000000000000e+00 -9.999694824218750000e-01
0.000000000000000000e+00 1.000000000000000000e+00 -9.999694824218750000e-01
0.000000000000000000e+00 1.000000000000000000e+00 -9.999694824218750000e-01
0.000000000000000000e+00 1.000000000000000000e+00 -9.999694824218750000e-01
0.000000000000000000e+00 1.000000000000000000e+00 -9.999694824218750000e-01
0.000000000000000000e+00 1.000000000000000000e+00 -9.999694824218750000e-01
0.000000000000000000e+00 1.000000000000000000e+00 -9.999694824218750000e-01
0.000000000000000000e+00 1.000000000000000000e+00 -9.999694824218750000e-01
0.000000000000000000e+00 1.000000000000000000e+00 -9.999694824218750000e-01
0.000000000000000000e+00 1.000000000000000000e+00 -9.999694824218750000e-01
0.000000000000000000e+00 1.000000000000000000e+00 -9.815368652343750000e-01
0.000000000000000000e+00 1.000000000000000000e+00 -9.092102050781250000e-01
0.000000000000000000e+00 1.000000000000000000e+00 -8.230590820312500000e-01
0.000000000000000000e+00 1.000000000000000000e+00 -7.738342285156250000e-01
0.000000000000000000e+00 1.000000000000000000e+00 -7.645874023437500000e-01
0.000000000000000000e+00 1.000000000000000000e+00 -7.215270996093750000e-01
0.000000000000000000e+00 1.000000000000000000e+00 -6.815185546875000000e-01
0.000000000000000000e+00 1.000000000000000000e+00 -6.246032714843750000e-01
0.000000000000000000e+00 1.000000000000000000e+00 -5.338439941406250000e-01
0.000000000000000000e+00 1.000000000000000000e+00 -4.569091796875000000e-01
0.000000000000000000e+00 1.000000000000000000e+00 -3.969116210937500000e-01
0.000000000000000000e+00 1.000000000000000000e+00 -2.984313964843750000e-01
0.000000000000000000e+00 1.000000000000000000e+00 -2.722778320312500000e-01
0.000000000000000000e+00 1.000000000000000000e+00 -2.353820800781250000e-01
0.000000000000000000e+00 1.000000000000000000e+00 -2.292175292968750000e-01
0.000000000000000000e+00 1.000000000000000000e+00 -2.199707031250000000e-01
0.000000000000000000e+00 1.000000000000000000e+00 -2.076721191406250000e-01
0.000000000000000000e+00 1.000000000000000000e+00 -2.107543945312500000e-01
0.000000000000000000e+00 1.000000000000000000e+00 -2.092285156250000000e-01
0.000000000000000000e+00 1.000000000000000000e+00 -2.076721191406250000e-01
0.000000000000000000e+00 1.000000000000000000e+00 -2.015380859375000000e-01
0.000000000000000000e+00 1.000000000000000000e+00 -2.092285156250000000e-01
0.000000000000000000e+00 1.000000000000000000e+00 -2.107543945312500000e-01
0.000000000000000000e+00 1.000000000000000000e+00 -2.061462402343750000e-01
0.000000000000000000e+00 1.000000000000000000e+00 -2.030639648437500000e-01
0.000000000000000000e+00 1.000000000000000000e+00 -2.169189453125000000e-01
0.000000000000000000e+00 1.000000000000000000e+00 -2.169189453125000000e-01
0.000000000000000000e+00 1.000000000000000000e+00 -2.338256835937500000e-01
0.000000000000000000e+00 1.000000000000000000e+00 -2.430725097656250000e-01
0.000000000000000000e+00 1.000000000000000000e+00 -2.461242675781250000e-01
0.000000000000000000e+00 1.000000000000000000e+00 -2.507629394531250000e-01
0.000000000000000000e+00 1.000000000000000000e+00 -2.645874023437500000e-01
0.000000000000000000e+00 1.000000000000000000e+00 -2.707519531250000000e-01
0.000000000000000000e+00 1.000000000000000000e+00 -2.922973632812500000e-01
0.000000000000000000e+00 1.000000000000000000e+00 -3.045959472656250000e-01
0.000000000000000000e+00 1.000000000000000000e+00 -3.307495117187500000e-01
0.000000000000000000e+00 1.000000000000000000e+00 -3.399963378906250000e-01
0.000000000000000000e+00 1.000000000000000000e+00 -3.476867675781250000e-01
0.000000000000000000e+00 1.000000000000000000e+00 -3.492126464843750000e-01
5.728149414062500000e-02 1.000000000000000000e+00 -3.507690429687500000e-01
1.159362792968750000e-01 1.000000000000000000e+00 -3.538208007812500000e-01
1.718750000000000000e-01 1.000000000000000000e+00 -3.584594726562500000e-01
2.482910156250000000e-01 1.000000000000000000e+00 -3.615112304687500000e-01
2.591857910156250000e-01 1.000000000000000000e+00 -3.615112304687500000e-01
2.933044433593750000e-01 1.000000000000000000e+00 -3.538208007812500000e-01
3.464965820312500000e-01 1.000000000000000000e+00 -3.553771972656250000e-01
3.519592285156250000e-01 1.000000000000000000e+00 -3.476867675781250000e-01
3.519592285156250000e-01 1.000000000000000000e+00 -3.307495117187500000e-01
3.492431640625000000e-01 1.000000000000000000e+00 -3.307495117187500000e-01
3.874206542968750000e-01 1.000000000000000000e+00 -3.307495117187500000e-01
4.692993164062500000e-01 1.000000000000000000e+00 -3.307495117187500000e-01
5.074768066406250000e-01 1.000000000000000000e+00 -3.307495117187500000e-01
5.088500976562500000e-01 1.000000000000000000e+00 -3.307495117187500000e-01
5.334167480468750000e-01 1.000000000000000000e+00 -3.307495117187500000e-01
5.852355957031250000e-01 1.000000000000000000e+00 -3.307495117187500000e-01
6.384582519531250000e-01 1.000000000000000000e+00 -3.307495117187500000e-01
6.384582519531250000e-01 1.000000000000000000e+00 -3.338317871093750000e-01
6.384582519531250000e-01 1.000000000000000000e+00 -3.707580566406250000e-01
6.384582519531250000e-01 1.000000000000000000e+00 -3.984375000000000000e-01
6.411743164062500000e-01 1.000000000000000000e+00 -4.353637695312500000e-01
6.411743164062500000e-01 1.000000000000000000e+00 -4.661254882812500000e-01
6.411743164062500000e-01 1.000000000000000000e+00 -5.292053222656250000e-01
6.398315429687500000e-01 1.000000000000000000e+00 -6.015319824218750000e-01
6.411743164062500000e-01 1.000000000000000000e+00 -6.584472656250000000e-01
6.398315429687500000e-01 1.000000000000000000e+00 -6.892089843750000000e-01
6.411743164062500000e-01 1.000000000000000000e+00 -6.953735351562500000e-01
6.411743164062500000e-01 1.000000000000000000e+00 -7.215270996093750000e-01
6.411743164062500000e-01 1.000000000000000000e+00 -7.369079589843750000e-01
6.411743164062500000e-01 1.000000000000000000e+00 -7.476806640625000000e-01
6.411743164062500000e-01 1.000000000000000000e+00 -7.676696777343750000e-01
6.411743164062500000e-01 1.000000000000000000e+00 -7.830505371093750000e-01
6.411743164062500000e-01 1.000000000000000000e+00 -8.569030761718750000e-01
6.411743164062500000e-01 1.000000000000000000e+00 -9.107666015625000000e-01
6.411743164062500000e-01 1.000000000000000000e+00 -9.645996093750000000e-01
6.411743164062500000e-01 1.000000000000000000e+00 -9.922790527343750000e-01
6.370849609375000000e-01 1.000000000000000000e+00 -9.999694824218750000e-01
5.456848144531250000e-01 1.000000000000000000e+00 -9.999694824218750000e-01
4.174499511718750000e-01 1.000000000000000000e+00 -9.999694824218750000e-01
2.946777343750000000e-01 1.000000000000000000e+00 -9.999694824218750000e-01
2.469177246093750000e-01 1.000000000000000000e+00 -9.999694824218750000e-01
1.896057128906250000e-01 1.000000000000000000e+00 -9.999694824218750000e-01
1.282348632812500000e-01 1.000000000000000000e+00 -9.999694824218750000e-01
9.274291992187500000e-02 1.000000000000000000e+00 -9.999694824218750000e-01
3.817749023437500000e-02 1.000000000000000000e+00 -9.999694824218750000e-01
0.000000000000000000e+00 1.000000000000000000e+00 -9.999694824218750000e-01
0.000000000000000000e+00 1.000000000000000000e+00 -9.707641601562500000e-01
0.000000000000000000e+00 1.000000000000000000e+00 -8.199768066406250000e-01
0.000000000000000000e+00 1.000000000000000000e+00 -6.784362792968750000e-01
0.000000000000000000e+00 1.000000000000000000e+00 -4.415283203125000000e-01
0.000000000000000000e+00 1.000000000000000000e+00 -2.384338378906250000e-01
0.000000000000000000e+00 1.000000000000000000e+00 -1.525878906250000000e-03
-4.989624023437500000e-02 1.000000000000000000e+00 3.051757812500000000e-05
-1.009521484375000000e-01 1.000000000000000000e+00 3.051757812500000000e-05
-1.380615234375000000e-01 1.000000000000000000e+00 3.051757812500000000e-05
-1.983947753906250000e-01 1.000000000000000000e+00 3.051757812500000000e-05
-2.088317871093750000e-01 1.000000000000000000e+00 3.051757812500000000e-05
-2.250671386718750000e-01 1.000000000000000000e+00 3.051757812500000000e-05
-2.830810546875000000e-01 1.000000000000000000e+00 3.051757812500000000e-05
-3.120727539062500000e-01 1.000000000000000000e+00 3.051757812500000000e-05
-3.143920898437500000e-01 1.000000000000000000e+00 3.051757812500000000e-05
-3.132324218750000000e-01 1.000000000000000000e+00 3.051757812500000000e-05
-2.656860351562500000e-01 1.000000000000000000e+00 3.051757812500000000e-05
-1.983947753906250000e-01 1.000000000000000000e+00 3.051757812500000000e-05
-6.265258789062500000e-02 9.454956054687500000e-01 3.051757812500000000e-05
0.000000000000000000e+00 7.992248535156250000e-01 3.051757812500000000e-05
0.000000000000000000e+00 5.997619628906250000e-01 3.051757812500000000e-05
0.000000000000000000e+00 3.444213867187500000e-01 3.051757812500000000e-05
0.000000000000000000e+00 3.591918945312500000e-02 3.051757812500000000e-05
0.000000000000000000e+00 3.051757812500000000e-05 3.051757812500000000e-05
0.000000000000000000e+00 3.051757812500000000e-05 3.051757812500000000e-05
0.000000000000000000e+00 3.051757812500000000e-05 3.051757812500000000e-05
0.000000000000000000e+00 3.051757812500000000e-05 3.051757812500000000e-05
0.000000000000000000e+00 3.051757812500000000e-05 3.051757812500000000e-05
0.000000000000000000e+00 3.051757812500000000e-05 3.051757812500000000e-05
0.000000000000000000e+00 3.051757812500000000e-05 3.051757812500000000e-05
0.000000000000000000e+00 3.051757812500000000e-05 3.051757812500000000e-05
0.000000000000000000e+00 3.051757812500000000e-05 3.051757812500000000e-05
0.000000000000000000e+00 3.051757812500000000e-05 3.051757812500000000e-05
0.000000000000000000e+00 3.051757812500000000e-05 3.051757812500000000e-05
0.000000000000000000e+00 3.051757812500000000e-05 3.051757812500000000e-05
0.000000000000000000e+00 3.051757812500000000e-05 3.051757812500000000e-05
0.000000000000000000e+00 3.051757812500000000e-05 3.051757812500000000e-05
0.000000000000000000e+00 3.051757812500000000e-05 3.051757812500000000e-05
0.000000000000000000e+00 3.051757812500000000e-05 3.051757812500000000e-05
