0.000000000000000000e+00 3.051757812500000000e-05 3.051757812500000000e-05
0.000000000000000000e+00 3.051757812500000000e-05 3.051757812500000000e-05
0.000000000000000000e+00 3.051757812500000000e-05 3.051757812500000000e-05
0.000000000000000000e+00 3.051757812500000000e-05 3.051757812500000000e-05
0.000000000000000000e+00 3.051757812500000000e-05 3.051757812500000000e-05
0.000000000000000000e+00 3.051757812500000000e-05 3.051757812500000000e-05
0.000000000000000000e+00 3.051757812500000000e-05 3.051757812500000000e-05
0.000000000000000000e+00 3.051757812500000000e-05 3.051757812500000000e-05
0.000000000000000000e+00 3.051757812500000000e-05 3.051757812500000000e-05
0.000000000000000000e+00 3.051757812500000000e-05 3.051757812500000000e-05
0.000000000000000000e+00 3.051757812500000000e-05 3.051757812500000000e-05
0.000000000000000000e+00 3.051757812500000000e-05 3.051757812500000000e-05
0.000000000000000000e+00 3.051757812500000000e-05 3.051757812500000000e-05
0.000000000000000000e+00 3.051757812500000000e-05 3.051757812500000000e-05
0.000000000000000000e+00 3.051757812500000000e-05 3.051757812500000000e-05
0.000000000000000000e+00 3.051757812500000000e-05 3.051757812500000000e-05
0.000000000000000000e+00 3.051757812500000000e-05 3.051757812500000000e-05
0.000000000000000000e+00 3.051757812500000000e-05 3.051757812500000000e-05
0.000000000000000000e+00 3.051757812500000000e-05 3.051757812500000000e-05
0.000000000000000000e+00 3.051757812500000000e-05 3.051757812500000000e-05
0.000000000000000000e+00 3.051757812500000000e-05 3.051757812500000000e-05
9.999694824218750000e-01 -1.190185546875000000e-03 3.051757812500000000e-05
9.999694824218750000e-01 -6.225585937500000000e-02 3.051757812500000000e-05
9.999694824218750000e-01 3.051757812500000000e-05 3.051757812500000000e-05
9.999694824218750000e-01 1.381835937500000000e-01 3.051757812500000000e-05
9.999694824218750000e-01 1.381835937500000000e-01 3.051757812500000000e-05
9.999694824218750000e-01 9.606933593750000000e-02 3.051757812500000000e-05
9.999694824218750000e-01 3.051757812500000000e-05 3.051757812500000000e-05
9.999694824218750000e-01 3.051757812500000000e-05 3.051757812500000000e-05
9.999694824218750000e-01 1.355285644531250000e-01 3.051757812500000000e-05
9.999694824218750000e-01 2.592163085937500000e-01 3.051757812500000000e-05
9.999694824218750000e-01 4.802856445312500000e-01 3.051757812500000000e-05
9.999694824218750000e-01 9.302673339843750000e-01 3.051757812500000000e-05
9.865112304687500000e-01 1.000000000000000000e+00 3.051757812500000000e-05
9.625549316406250000e-01 1.000000000000000000e+00 3.051757812500000000e-05
9.535827636718750000e-01 1.000000000000000000e+00 3.051757812500000000e-05
7.769165039062500000e-01 1.000000000000000000e+00 3.051757812500000000e-05
7.724304199218750000e-01 1.000000000000000000e+00 3.051757812500000000e-05
7.739257812500000000e-01 1.000000000000000000e+00 3.051757812500000000e-05
7.739257812500000000e-01 1.000000000000000000e+00 3.051757812500000000e-05
7.739257812500000000e-01 1.000000000000000000e+00 3.051757812500000000e-05
7.619628906250000000e-01 1.000000000000000000e+00 3.051757812500000000e-05
7.619628906250000000e-01 1.000000000000000000e+00 3.051757812500000000e-05
7.619628906250000000e-01 1.000000000000000000e+00 3.051757812500000000e-05
8.023681640625000000e-01 1.000000000000000000e+00 3.051757812500000000e-05
9.999694824218750000e-01 1.000000000000000000e+00 3.051757812500000000e-05
9.999694824218750000e-01 9.144897460937500000e-01 3.051757812500000000e-05
9.999694824218750000e-01 7.723693847656250000e-01 3.051757812500000000e-05
9.999694824218750000e-01 6.131591796875000000e-01 3.051757812500000000e-05
9.999694824218750000e-01 5.986938476562500000e-01 3.051757812500000000e-05
9.999694824218750000e-01 5.986938476562500000e-01 3.051757812500000000e-05
9.999694824218750000e-01 5.986938476562500000e-01 3.051757812500000000e-05
9.999694824218750000e-01 5.986938476562500000e-01 3.051757812500000000e-05
9.999694824218750000e-01 5.986938476562500000e-01 3.051757812500000000e-05
9.999694824218750000e-01 6.302795410156250000e-01 3.051757812500000000e-05
9.999694824218750000e-01 6.592407226562500000e-01 3.051757812500000000e-05
9.999694824218750000e-01 7.118530273437500000e-01 3.051757812500000000e-05
9.999694824218750000e-01 7.723693847656250000e-01 3.051757812500000000e-05
9.999694824218750000e-01 8.723754882812500000e-01 3.051757812500000000e-05
9.999694824218750000e-01 9.197387695312500000e-01 3.051757812500000000e-05
9.999694824218750000e-01 9.197387695312500000e-01 3.051757812500000000e-05
9.999694824218750000e-01 9.592285156250000000e-01 3.051757812500000000e-05
9.999694824218750000e-01 9.566040039062500000e-01 3.051757812500000000e-05
9.999694824218750000e-01 9.566040039062500000e-01 3.051757812500000000e-05
9.999694824218750000e-01 1.000000000000000000e+00 3.051757812500000000e-05
9.999694824218750000e-01 1.000000000000000000e+00 3.051757812500000000e-05
9.999694824218750000e-01 1.000000000000000000e+00 3.051757812500000000e-05
9.909973144531250000e-01 1.000000000000000000e+00 3.051757812500000000e-05
9.865112304687500000e-01 1.000000000000000000e+00 3.051757812500000000e-05
9.865112304687500000e-01 1.000000000000000000e+00 3.051757812500000000e-05
9.865112304687500000e-01 1.000000000000000000e+00 3.051757812500000000e-05
9.865112304687500000e-01 1.000000000000000000e+00 3.051757812500000000e-05
9.865112304687500000e-01 1.000000000000000000e+00 3.051757812500000000e-05
9.865112304687500000e-01 1.000000000000000000e+00 3.051757812500000000e-05
9.865112304687500000e-01 1.000000000000000000e+00 3.051757812500000000e-05
9.775390625000000000e-01 1.000000000000000000e+00 3.051757812500000000e-05
9.206542968750000000e-01 1.000000000000000000e+00 3.051757812500000000e-05
7.754211425781250000e-01 1.000000000000000000e+00 3.051757812500000000e-05
6.990966796875000000e-01 1.000000000000000000e+00 3.051757812500000000e-05
6.287231445312500000e-01 1.000000000000000000e+00 3.051757812500000000e-05
4.655456542968750000e-01 1.000000000000000000e+00 3.051757812500000000e-05
4.446105957031250000e-01 1.000000000000000000e+00 3.051757812500000000e-05
2.544860839843750000e-01 1.000000000000000000e+00 3.051757812500000000e-05
2.380065917968750000e-01 1.000000000000000000e+00 3.051757812500000000e-05
1.661376953125000000e-01 1.000000000000000000e+00 3.051757812500000000e-05
1.646423339843750000e-01 1.000000000000000000e+00 3.051757812500000000e-05
6.735229492187500000e-02 1.000000000000000000e+00 3.051757812500000000e-05
0.000000000000000000e+00 1.000000000000000000e+00 3.051757812500000000e-05
0.000000000000000000e+00 1.000000000000000000e+00 3.051757812500000000e-05
0.000000000000000000e+00 1.000000000000000000e+00 3.051757812500000000e-05
0.000000000000000000e+00 1.000000000000000000e+00 3.051757812500000000e-05
0.000000000000000000e+00 1.000000000000000000e+00 3.051757812500000000e-05
0.000000000000000000e+00 1.000000000000000000e+00 3.051757812500000000e-05
0.000000000000000000e+00 1.000000000000000000e+00 3.051757812500000000e-05
0.000000000000000000e+00 1.000000000000000000e+00 3.051757812500000000e-05
0.000000000000000000e+00 1.000000000000000000e+00 3.051757812500000000e-05
0.000000000000000000e+00 1.000000000000000000e+00 3.051757812500000000e-05
-2.632446289062500000e-01 1.000000000000000000e+00 3.051757812500000000e-05
-3.624877929687500000e-01 1.000000000000000000e+00 3.051757812500000000e-05
-5.393981933593750000e-01 1.000000000000000000e+00 3.051757812500000000e-05
-6.332397460937500000e-01 1.000000000000000000e+00 3.051757812500000000e-05
-7.173767089843750000e-01 1.000000000000000000e+00 3.051757812500000000e-05
-7.939758300781250000e-01 1.000000000000000000e+00 3.051757812500000000e-05
-8.004455566406250000e-01 1.000000000000000000e+00 3.051757812500000000e-05
-8.004455566406250000e-01 1.000000000000000000e+00 3.051757812500000000e-05
-7.432861328125000000e-01 1.000000000000000000e+00 3.051757812500000000e-05
-7.066040039062500000e-01 1.000000000000000000e+00 3.051757812500000000e-05
-6.860961914062500000e-01 1.000000000000000000e+00 3.051757812500000000e-05
-6.806945800781250000e-01 1.000000000000000000e+00 3.051757812500000000e-05
-6.753234863281250000e-01 1.000000000000000000e+00 3.051757812500000000e-05
-6.763916015625000000e-01 1.000000000000000000e+00 3.051757812500000000e-05
-6.688537597656250000e-01 1.000000000000000000e+00 3.051757812500000000e-05
-6.688537597656250000e-01 1.000000000000000000e+00 3.051757812500000000e-05
-6.688537597656250000e-01 1.000000000000000000e+00 3.051757812500000000e-05
-5.814514160156250000e-01 1.000000000000000000e+00 3.051757812500000000e-05
-4.347534179687500000e-01 1.000000000000000000e+00 3.051757812500000000e-05
-3.117675781250000000e-01 1.000000000000000000e+00 3.051757812500000000e-05
-5.072021484375000000e-02 1.000000000000000000e+00 3.051757812500000000e-05
0.000000000000000000e+00 1.000000000000000000e+00 3.051757812500000000e-05
0.000000000000000000e+00 1.000000000000000000e+00 3.051757812500000000e-05
1.571655273437500000e-01 1.000000000000000000e+00 3.051757812500000000e-05
1.571655273437500000e-01 1.000000000000000000e+00 3.051757812500000000e-05
1.766357421875000000e-01 1.000000000000000000e+00 3.051757812500000000e-05
2.948913574218750000e-01 1.000000000000000000e+00 3.051757812500000000e-05
6.571655273437500000e-01 1.000000000000000000e+00 3.051757812500000000e-05
7.110595703125000000e-01 1.000000000000000000e+00 3.051757812500000000e-05
8.398132324218750000e-01 1.000000000000000000e+00 3.051757812500000000e-05
9.400939941406250000e-01 1.000000000000000000e+00 3.051757812500000000e-05
9.760437011718750000e-01 1.000000000000000000e+00 3.051757812500000000e-05
9.790344238281250000e-01 1.000000000000000000e+00 3.051757812500000000e-05
9.805297851562500000e-01 1.000000000000000000e+00 3.051757812500000000e-05
9.805297851562500000e-01 1.000000000000000000e+00 3.051757812500000000e-05
9.805297851562500000e-01 1.000000000000000000e+00 3.051757812500000000e-05
8.907165527343750000e-01 1.000000000000000000e+00 3.051757812500000000e-05
8.278198242187500000e-01 1.000000000000000000e+00 3.051757812500000000e-05
7.380065917968750000e-01 1.000000000000000000e+00 3.051757812500000000e-05
7.200317382812500000e-01 1.000000000000000000e+00 3.051757812500000000e-05
7.035827636718750000e-01 1.000000000000000000e+00 3.051757812500000000e-05
8.907165527343750000e-01 1.000000000000000000e+00 3.051757812500000000e-05
9.176635742187500000e-01 1.000000000000000000e+00 3.051757812500000000e-05
9.760437011718750000e-01 1.000000000000000000e+00 3.051757812500000000e-05
9.790344238281250000e-01 1.000000000000000000e+00 3.051757812500000000e-05
9.775390625000000000e-01 1.000000000000000000e+00 3.051757812500000000e-05
9.999694824218750000e-01 1.000000000000000000e+00 3.051757812500000000e-05
9.805297851562500000e-01 8.723754882812500000e-01 3.051757812500000000e-05
2.005920410156250000e-01 7.223815917968750000e-01 3.051757812500000000e-05
0.000000000000000000e+00 3.051757812500000000e-05 3.051757812500000000e-05
0.000000000000000000e+00 3.051757812500000000e-05 3.051757812500000000e-05
0.000000000000000000e+00 3.051757812500000000e-05 3.051757812500000000e-05
0.000000000000000000e+00 3.051757812500000000e-05 3.051757812500000000e-05
0.000000000000000000e+00 3.051757812500000000e-05 -5.782470703125000000e-01
0.000000000000000000e+00 3.051757812500000000e-05 -9.999694824218750000e-01
0.000000000000000000e+00 3.051757812500000000e-05 -9.999694824218750000e-01
0.000000000000000000e+00 3.051757812500000000e-05 -9.999694824218750000e-01
0.000000000000000000e+00 3.051757812500000000e-05 -9.999694824218750000e-01
0.000000000000000000e+00 3.051757812500000000e-05 -9.999694824218750000e-01
0.000000000000000000e+00 3.051757812500000000e-05 -9.999694824218750000e-01
0.000000000000000000e+00 3.051757812500000000e-05 -9.999694824218750000e-01
0.000000000000000000e+00 3.051757812500000000e-05 -9.999694824218750000e-01
0.000000000000000000e+00 3.051757812500000000e-05 -9.999694824218750000e-01
0.000000000000000000e+00 3.051757812500000000e-05 -9.999694824218750000e-01
0.000000000000000000e+00 3.051757812500000000e-05 -9.999694824218750000e-01
0.000000000000000000e+00 3.051757812500000000e-05 -9.999694824218750000e-01
0.000000000000000000e+00 3.051757812500000000e-05 -9.999694824218750000e-01
0.000000000000000000e+00 3.051757812500000000e-05 -9.999694824218750000e-01
0.000000000000000000e+00 3.051757812500000000e-05 -9.999694824218750000e-01
0.000000000000000000e+00 3.051757812500000000e-05 -9.999694824218750000e-01
0.000000000000000000e+00 3.051757812500000000e-05 -9.999694824218750000e-01
0.000000000000000000e+00 3.051757812500000000e-05 -9.999694824218750000e-01
-1.413269042968750000e-01 -2.035522460937500000e-02 -9.999694824218750000e-01
-4.930114746093750000e-01 -3.449096679687500000e-01 -9.999694824218750000e-01
-6.688537597656250000e-01 -4.790344238281250000e-01 -9.999694824218750000e-01
-6.677551269531250000e-01 -4.598693847656250000e-01 -9.999694824218750000e-01
-6.731567382812500000e-01 -3.784179687500000000e-01 -9.999694824218750000e-01
0.000000000000000000e+00 3.051757812500000000e-05 -9.999694824218750000e-01
0.000000000000000000e+00 3.051757812500000000e-05 -9.999694824218750000e-01
0.000000000000000000e+00 3.051757812500000000e-05 -9.999694824218750000e-01
0.000000000000000000e+00 3.051757812500000000e-05 -9.999694824218750000e-01
0.000000000000000000e+00 3.051757812500000000e-05 -9.999694824218750000e-01
0.000000000000000000e+00 3.051757812500000000e-05 -9.999694824218750000e-01
0.000000000000000000e+00 3.051757812500000000e-05 -9.999694824218750000e-01
-5.501708984375000000e-01 3.051757812500000000e-05 -9.999694824218750000e-01
-7.875061035156250000e-01 -1.315307617187500000e-02 -9.999694824218750000e-01
-7.346496582031250000e-01 -6.225585937500000000e-02 -9.999694824218750000e-01
0.000000000000000000e+00 3.051757812500000000e-05 -9.999694824218750000e-01
0.000000000000000000e+00 3.051757812500000000e-05 -9.999694824218750000e-01
0.000000000000000000e+00 3.051757812500000000e-05 -9.999694824218750000e-01
0.000000000000000000e+00 3.051757812500000000e-05 -9.999694824218750000e-01
0.000000000000000000e+00 3.051757812500000000e-05 -9.999694824218750000e-01
0.000000000000000000e+00 3.051757812500000000e-05 -9.999694824218750000e-01
0.000000000000000000e+00 3.051757812500000000e-05 -9.999694824218750000e-01
0.000000000000000000e+00 3.051757812500000000e-05 -9.999694824218750000e-01
0.000000000000000000e+00 3.051757812500000000e-05 -9.999694824218750000e-01
0.000000000000000000e+00 3.051757812500000000e-05 -9.999694824218750000e-01
0.000000000000000000e+00 3.051757812500000000e-05 -9.999694824218750000e-01
0.000000000000000000e+00 3.051757812500000000e-05 -9.999694824218750000e-01
0.000000000000000000e+00 3.051757812500000000e-05 -9.999694824218750000e-01
0.000000000000000000e+00 3.051757812500000000e-05 -9.999694824218750000e-01
0.000000000000000000e+00 3.051757812500000000e-05 -9.999694824218750000e-01
0.000000000000000000e+00 3.051757812500000000e-05 -9.999694824218750000e-01
0.000000000000000000e+00 3.051757812500000000e-05 -9.999694824218750000e-01
0.000000000000000000e+00 3.051757812500000000e-05 -9.999694824218750000e-01
0.000000000000000000e+00 3.051757812500000000e-05 -9.999694824218750000e-01
0.000000000000000000e+00 3.051757812500000000e-05 -9.999694824218750000e-01
0.000000000000000000e+00 -3.772277832031250000e-01 -9.999694824218750000e-01
0.000000000000000000e+00 -9.999694824218750000e-01 -9.999694824218750000e-01
0.000000000000000000e+00 -9.999694824218750000e-01 -9.999694824218750000e-01
0.000000000000000000e+00 -9.999694824218750000e-01 -9.999694824218750000e-01
0.000000000000000000e+00 -9.999694824218750000e-01 -9.999694824218750000e-01
0.000000000000000000e+00 -9.676513671875000000e-01 -9.999694824218750000e-01
0.000000000000000000e+00 3.051757812500000000e-05 -9.999694824218750000e-01
0.000000000000000000e+00 3.051757812500000000e-05 3.051757812500000000e-05
0.000000000000000000e+00 3.051757812500000000e-05 3.051757812500000000e-05
0.000000000000000000e+00 3.051757812500000000e-05 3.051757812500000000e-05
0.000000000000000000e+00 3.051757812500000000e-05 3.051757812500000000e-05
0.000000000000000000e+00 3.051757812500000000e-05 3.051757812500000000e-05
0.000000000000000000e+00 3.051757812500000000e-05 3.051757812500000000e-05
0.000000000000000000e+00 3.051757812500000000e-05 3.051757812500000000e-05
0.000000000000000000e+00 3.051757812500000000e-05 3.051757812500000000e-05
0.000000000000000000e+00 3.051757812500000000e-05 3.051757812500000000e-05
0.000000000000000000e+00 3.051757812500000000e-05 3.051757812500000000e-05
0.000000000000000000e+00 3.051757812500000000e-05 3.051757812500000000e-05
0.000000000000000000e+00 3.051757812500000000e-05 3.051757812500000000e-05
0.000000000000000000e+00 3.051757812500000000e-05 3.051757812500000000e-05
0.000000000000000000e+00 3.051757812500000000e-05 3.051757812500000000e-05
0.000000000000000000e+00 3.051757812500000000e-05 3.051757812500000000e-05
0.000000000000000000e+00 3.051757812500000000e-05 3.051757812500000000e-05
0.000000000000000000e+00 3.051757812500000000e-05 3.051757812500000000e-05
0.000000000000000000e+00 3.051757812500000000e-05 3.051757812500000000e-05
0.000000000000000000e+00 3.051757812500000000e-05 3.051757812500000000e-05
0.000000000000000000e+00 3.051757812500000000e-05 3.051757812500000000e-05
0.000000000000000000e+00 3.051757812500000000e-05 3.051757812500000000e-05
0.000000000000000000e+00 3.051757812500000000e-05 3.051757812500000000e-05
0.000000000000000000e+00 3.051757812500000000e-05 3.051757812500000000e-05
0.000000000000000000e+00 3.051757812500000000e-05 3.051757812500000000e-05
0.000000000000000000e+00 3.051757812500000000e-05 3.051757812500000000e-05
0.000000000000000000e+00 3.051757812500000000e-05 3.051757812500000000e-05
0.000000000000000000e+00 3.051757812500000000e-05 3.051757812500000000e-05
0.000000000000000000e+00 3.051757812500000000e-05 3.051757812500000000e-05
0.000000000000000000e+00 3.051757812500000000e-05 3.051757812500000000e-05
0.000000000000000000e+00 3.051757812500000000e-05 3.051757812500000000e-05
0.000000000000000000e+00 3.051757812500000000e-05 3.051757812500000000e-05
0.000000000000000000e+00 3.051757812500000000e-05 3.051757812500000000e-05
0.000000000000000000e+00 3.051757812500000000e-05 3.051757812500000000e-05
0.000000000000000000e+00 3.051757812500000000e-05 3.051757812500000000e-05
0.000000000000000000e+00 3.051757812500000000e-05 3.051757812500000000e-05
0.000000000000000000e+00 3.051757812500000000e-05 3.051757812500000000e-05
0.000000000000000000e+00 3.051757812500000000e-05 1.275329589843750000e-01
0.000000000000000000e+00 3.051757812500000000e-05 8.557128906250000000e-01
0.000000000000000000e+00 3.051757812500000000e-05 1.000000000000000000e+00
0.000000000000000000e+00 3.051757812500000000e-05 1.000000000000000000e+00
0.000000000000000000e+00 3.051757812500000000e-05 1.000000000000000000e+00
0.000000000000000000e+00 3.051757812500000000e-05 1.000000000000000000e+00
0.000000000000000000e+00 3.051757812500000000e-05 1.000000000000000000e+00
0.000000000000000000e+00 3.051757812500000000e-05 1.000000000000000000e+00
0.000000000000000000e+00 3.051757812500000000e-05 1.000000000000000000e+00
0.000000000000000000e+00 3.051757812500000000e-05 1.000000000000000000e+00
0.000000000000000000e+00 3.051757812500000000e-05 1.000000000000000000e+00
0.000000000000000000e+00 3.051757812500000000e-05 1.000000000000000000e+00
0.000000000000000000e+00 3.051757812500000000e-05 1.000000000000000000e+00
0.000000000000000000e+00 3.051757812500000000e-05 1.000000000000000000e+00
0.000000000000000000e+00 3.051757812500000000e-05 1.000000000000000000e+00
0.000000000000000000e+00 3.051757812500000000e-05 1.000000000000000000e+00
0.000000000000000000e+00 3.051757812500000000e-05 1.000000000000000000e+00
0.000000000000000000e+00 3.051757812500000000e-05 1.000000000000000000e+00
0.000000000000000000e+00 3.051757812500000000e-05 1.000000000000000000e+00
0.000000000000000000e+00 3.051757812500000000e-05 1.000000000000000000e+00
0.000000000000000000e+00 3.051757812500000000e-05 1.000000000000000000e+00
0.000000000000000000e+00 3.051757812500000000e-05 1.000000000000000000e+00
0.000000000000000000e+00 3.051757812500000000e-05 1.000000000000000000e+00
0.000000000000000000e+00 3.051757812500000000e-05 1.000000000000000000e+00
0.000000000000000000e+00 3.051757812500000000e-05 1.000000000000000000e+00
0.000000000000000000e+00 3.051757812500000000e-05 1.000000000000000000e+00
0.000000000000000000e+00 3.051757812500000000e-05 1.000000000000000000e+00
0.000000000000000000e+00 3.051757812500000000e-05 1.000000000000000000e+00
0.000000000000000000e+00 3.051757812500000000e-05 1.000000000000000000e+00
0.000000000000000000e+00 3.051757812500000000e-05 1.000000000000000000e+00
0.000000000000000000e+00 3.051757812500000000e-05 1.000000000000000000e+00
0.000000000000000000e+00 3.051757812500000000e-05 1.000000000000000000e+00
0.000000000000000000e+00 3.051757812500000000e-05 1.000000000000000000e+00
0.000000000000000000e+00 3.051757812500000000e-05 1.000000000000000000e+00
0.000000000000000000e+00 3.051757812500000000e-05 1.000000000000000000e+00
0.000000000000000000e+00 3.051757812500000000e-05 1.000000000000000000e+00
0.000000000000000000e+00 3.051757812500000000e-05 1.000000000000000000e+00
0.000000000000000000e+00 3.051757812500000000e-05 1.000000000000000000e+00
0.000000000000000000e+00 3.051757812500000000e-05 1.000000000000000000e+00
0.000000000000000000e+00 3.051757812500000000e-05 1.000000000000000000e+00
0.000000000000000000e+00 3.051757812500000000e-05 1.000000000000000000e+00
0.000000000000000000e+00 3.051757812500000000e-05 1.000000000000000000e+00
0.000000000000000000e+00 3.051757812500000000e-05 1.000000000000000000e+00
0.000000000000000000e+00 3.051757812500000000e-05 1.000000000000000000e+00
0.000000000000000000e+00 3.051757812500000000e-05 1.000000000000000000e+00
0.000000000000000000e+00 3.051757812500000000e-05 1.000000000000000000e+00
0.000000000000000000e+00 3.051757812500000000e-05 1.000000000000000000e+00
0.000000000000000000e+00 3.051757812500000000e-05 1.000000000000000000e+00
0.000000000000000000e+00 3.051757812500000000e-05 1.000000000000000000e+00
0.000000000000000000e+00 3.051757812500000000e-05 1.000000000000000000e+00
0.000000000000000000e+00 3.051757812500000000e-05 1.000000000000000000e+00
0.000000000000000000e+00 3.051757812500000000e-05 1.000000000000000000e+00
0.000000000000000000e+00 3.051757812500000000e-05 1.000000000000000000e+00
0.000000000000000000e+00 3.051757812500000000e-05 1.000000000000000000e+00
0.000000000000000000e+00 3.051757812500000000e-05 1.000000000000000000e+00
0.000000000000000000e+00 3.051757812500000000e-05 1.000000000000000000e+00
0.000000000000000000e+00 3.051757812500000000e-05 1.000000000000000000e+00
0.000000000000000000e+00 3.051757812500000000e-05 1.000000000000000000e+00
0.000000000000000000e+00 3.051757812500000000e-05 1.000000000000000000e+00
0.000000000000000000e+00 3.051757812500000000e-05 1.000000000000000000e+00
0.000000000000000000e+00 3.051757812500000000e-05 1.000000000000000000e+00
0.000000000000000000e+00 3.051757812500000000e-05 1.000000000000000000e+00
0.000000000000000000e+00 3.051757812500000000e-05 1.000000000000000000e+00
0.000000000000000000e+00 3.051757812500000000e-05 1.000000000000000000e+00
0.000000000000000000e+00 -2.299194335937500000e-01 1.000000000000000000e+00
0.000000000000000000e+00 -5.616760253906250000e-01 1.000000000000000000e+00
5.688476562500000000e-02 -9.628601074218750000e-01 1.000000000000000000e+00
1.571655273437500000e-01 -9.999694824218750000e-01 1.000000000000000000e+00
1.646423339843750000e-01 -9.999694824218750000e-01 1.000000000000000000e+00
1.781311035156250000e-01 -9.999694824218750000e-01 1.000000000000000000e+00
2.035827636718750000e-01 -9.999694824218750000e-01 1.000000000000000000e+00
2.679443359375000000e-01 -9.999694824218750000e-01 1.000000000000000000e+00
2.859191894531250000e-01 -9.999694824218750000e-01 9.854736328125000000e-01
2.859191894531250000e-01 -9.999694824218750000e-01 8.948669433593750000e-01
2.859191894531250000e-01 -9.999694824218750000e-01 7.326660156250000000e-01
3.487854003906250000e-01 -9.904174804687500000e-01 5.100708007812500000e-01
4.595642089843750000e-01 -9.760437011718750000e-01 2.684631347656250000e-01
6.452026367187500000e-01 -9.257202148437500000e-01 3.051757812500000000e-05
6.631469726562500000e-01 -9.233398437500000000e-01 3.051757812500000000e-05
6.646423339843750000e-01 -9.245300292968750000e-01 3.051757812500000000e-05
6.646423339843750000e-01 -9.245300292968750000e-01 3.051757812500000000e-05
6.646423339843750000e-01 -9.245300292968750000e-01 3.051757812500000000e-05
6.646423339843750000e-01 -9.245300292968750000e-01 3.051757812500000000e-05
6.646423339843750000e-01 -9.245300292968750000e-01 3.051757812500000000e-05
6.646423339843750000e-01 -9.245300292968750000e-01 3.051757812500000000e-05
6.646423339843750000e-01 -9.245300292968750000e-01 3.051757812500000000e-05
6.646423339843750000e-01 -9.245300292968750000e-01 3.051757812500000000e-05
6.646423339843750000e-01 -9.628601074218750000e-01 3.051757812500000000e-05
5.344238281250000000e-01 -9.868164062500000000e-01 3.051757812500000000e-05
2.709350585937500000e-01 -9.999694824218750000e-01 3.051757812500000000e-05
2.230529785156250000e-01 -9.999694824218750000e-01 3.051757812500000000e-05
1.781311035156250000e-01 -9.999694824218750000e-01 3.051757812500000000e-05
4.190063476562500000e-02 -9.999694824218750000e-01 3.051757812500000000e-05
2.243041992187500000e-02 -9.999694824218750000e-01 3.051757812500000000e-05
0.000000000000000000e+00 -9.999694824218750000e-01 3.051757812500000000e-05
0.000000000000000000e+00 -9.999694824218750000e-01 3.051757812500000000e-05
0.000000000000000000e+00 -9.999694824218750000e-01 3.051757812500000000e-05
-1.251525878906250000e-01 -9.999694824218750000e-01 3.051757812500000000e-05
-1.337890625000000000e-01 -9.999694824218750000e-01 3.051757812500000000e-05
-1.650695800781250000e-01 -9.999694824218750000e-01 3.051757812500000000e-05
-2.599792480468750000e-01 -9.999694824218750000e-01 3.051757812500000000e-05
-3.236389160156250000e-01 -9.999694824218750000e-01 3.051757812500000000e-05
-3.193359375000000000e-01 -9.999694824218750000e-01 3.051757812500000000e-05
-3.721923828125000000e-01 -9.999694824218750000e-01 3.051757812500000000e-05
-3.786621093750000000e-01 -9.999694824218750000e-01 3.051757812500000000e-05
-4.121093750000000000e-01 -9.891967773437500000e-01 3.051757812500000000e-05
-4.142456054687500000e-01 -9.796142578125000000e-01 3.051757812500000000e-05
-4.304504394531250000e-01 -9.712524414062500000e-01 3.051757812500000000e-05
-4.617309570312500000e-01 -9.700317382812500000e-01 3.051757812500000000e-05
-3.236389160156250000e-01 -9.999694824218750000e-01 3.051757812500000000e-05
-1.283874511718750000e-01 -9.999694824218750000e-01 3.051757812500000000e-05
0.000000000000000000e+00 -9.999694824218750000e-01 3.051757812500000000e-05
0.000000000000000000e+00 -9.999694824218750000e-01 3.051757812500000000e-05
0.000000000000000000e+00 -9.999694824218750000e-01 3.051757812500000000e-05
4.638671875000000000e-02 -9.999694824218750000e-01 3.051757812500000000e-05
1.481933593750000000e-01 -9.999694824218750000e-01 3.051757812500000000e-05
1.422119140625000000e-01 -9.999694824218750000e-01 3.051757812500000000e-05
1.422119140625000000e-01 -9.999694824218750000e-01 3.051757812500000000e-05
1.422119140625000000e-01 -9.999694824218750000e-01 3.051757812500000000e-05
1.212463378906250000e-01 -9.999694824218750000e-01 3.051757812500000000e-05
1.212463378906250000e-01 -9.999694824218750000e-01 3.051757812500000000e-05
1.212463378906250000e-01 -9.999694824218750000e-01 3.051757812500000000e-05
1.212463378906250000e-01 -9.999694824218750000e-01 3.051757812500000000e-05
1.212463378906250000e-01 -9.999694824218750000e-01 3.051757812500000000e-05
1.212463378906250000e-01 -9.999694824218750000e-01 3.051757812500000000e-05
3.143310546875000000e-02 -9.999694824218750000e-01 3.051757812500000000e-05
2.093505859375000000e-02 -9.999694824218750000e-01 3.051757812500000000e-05
0.000000000000000000e+00 -9.999694824218750000e-01 3.051757812500000000e-05
0.000000000000000000e+00 -9.999694824218750000e-01 3.051757812500000000e-05
0.000000000000000000e+00 -9.999694824218750000e-01 3.051757812500000000e-05
0.000000000000000000e+00 -9.999694824218750000e-01 3.051757812500000000e-05
0.000000000000000000e+00 -9.999694824218750000e-01 3.051757812500000000e-05
0.000000000000000000e+00 -9.999694824218750000e-01 3.051757812500000000e-05
0.000000000000000000e+00 -9.999694824218750000e-01 3.051757812500000000e-05
0.000000000000000000e+00 -9.999694824218750000e-01 3.051757812500000000e-05
0.000000000000000000e+00 -9.999694824218750000e-01 3.051757812500000000e-05
0.000000000000000000e+00 -9.999694824218750000e-01 3.051757812500000000e-05
0.000000000000000000e+00 -9.999694824218750000e-01 3.051757812500000000e-05
0.000000000000000000e+00 -9.999694824218750000e-01 3.051757812500000000e-05
0.000000000000000000e+00 -9.999694824218750000e-01 3.051757812500000000e-05
0.000000000000000000e+00 -9.999694824218750000e-01 3.051757812500000000e-05
0.000000000000000000e+00 -9.999694824218750000e-01 3.051757812500000000e-05
0.000000000000000000e+00 -9.999694824218750000e-01 3.051757812500000000e-05
0.000000000000000000e+00 -9.999694824218750000e-01 3.051757812500000000e-05
0.000000000000000000e+00 -9.999694824218750000e-01 3.051757812500000000e-05
0.000000000000000000e+00 -9.999694824218750000e-01 3.051757812500000000e-05
0.000000000000000000e+00 -9.999694824218750000e-01 3.051757812500000000e-05
0.000000000000000000e+00 -9.999694824218750000e-01 3.051757812500000000e-05
0.000000000000000000e+00 -9.999694824218750000e-01 3.051757812500000000e-05
-8.093261718750000000e-02 -9.999694824218750000e-01 3.051757812500000000e-05
-1.510314941406250000e-01 -9.999694824218750000e-01 3.051757812500000000e-05
-2.470397949218750000e-01 -9.999694824218750000e-01 3.051757812500000000e-05
-3.279418945312500000e-01 -9.999694824218750000e-01 3.051757812500000000e-05
-3.926696777343750000e-01 -9.891967773437500000e-01 3.051757812500000000e-05
-4.476928710937500000e-01 -9.700317382812500000e-01 3.051757812500000000e-05
-5.577392578125000000e-01 -8.957824707031250000e-01 3.051757812500000000e-05
-6.505126953125000000e-01 -7.700500488281250000e-01 3.051757812500000000e-05
-7.119750976562500000e-01 -7.413024902343750000e-01 3.051757812500000000e-05
-7.508239746093750000e-01 -7.125549316406250000e-01 3.051757812500000000e-05
-8.716430664062500000e-01 -5.293273925781250000e-01 3.051757812500000000e-05
-8.759460449218750000e-01 -5.221252441406250000e-01 3.051757812500000000e-05
-8.899841308593750000e-01 -4.886169433593750000e-01 3.051757812500000000e-05
-8.932189941406250000e-01 -4.886169433593750000e-01 3.051757812500000000e-05
-8.953857421875000000e-01 -4.886169433593750000e-01 3.051757812500000000e-05
-8.953857421875000000e-01 -4.886169433593750000e-01 3.051757812500000000e-05
-8.953857421875000000e-01 -4.886169433593750000e-01 3.051757812500000000e-05
-8.953857421875000000e-01 -4.981994628906250000e-01 3.051757812500000000e-05
-8.953857421875000000e-01 -4.981994628906250000e-01 3.051757812500000000e-05
-8.953857421875000000e-01 -4.981994628906250000e-01 3.051757812500000000e-05
-8.953857421875000000e-01 -4.981994628906250000e-01 3.051757812500000000e-05
-8.953857421875000000e-01 -4.981994628906250000e-01 3.051757812500000000e-05
-8.953857421875000000e-01 -4.981994628906250000e-01 3.051757812500000000e-05
-8.953857421875000000e-01 -4.981994628906250000e-01 3.051757812500000000e-05
-8.953857421875000000e-01 -4.981994628906250000e-01 3.051757812500000000e-05
-8.953857421875000000e-01 -4.981994628906250000e-01 3.051757812500000000e-05
-8.953857421875000000e-01 -4.981994628906250000e-01 3.051757812500000000e-05
-8.953857421875000000e-01 -4.850158691406250000e-01 3.051757812500000000e-05
-9.503784179687500000e-01 -3.329162597656250000e-01 3.051757812500000000e-05
-1.000000000000000000e+00 -1.903991699218750000e-01 3.051757812500000000e-05
-1.000000000000000000e+00 -1.724548339843750000e-01 3.051757812500000000e-05
-1.000000000000000000e+00 -5.627441406250000000e-02 3.051757812500000000e-05
-7.454223632812500000e-01 3.051757812500000000e-05 3.051757812500000000e-05
0.000000000000000000e+00 3.051757812500000000e-05 3.051757812500000000e-05
0.000000000000000000e+00 3.051757812500000000e-05 3.051757812500000000e-05
0.000000000000000000e+00 3.051757812500000000e-05 3.051757812500000000e-05
0.000000000000000000e+00 3.051757812500000000e-05 3.051757812500000000e-05
-4.218139648437500000e-01 -3.952026367187500000e-02 3.051757812500000000e-05
-1.000000000000000000e+00 -5.386352539062500000e-02 3.051757812500000000e-05
-1.000000000000000000e+00 3.051757812500000000e-05 3.051757812500000000e-05
-1.000000000000000000e+00 3.051757812500000000e-05 3.051757812500000000e-05
-1.000000000000000000e+00 3.051757812500000000e-05 3.051757812500000000e-05
-1.000000000000000000e+00 3.051757812500000000e-05 3.051757812500000000e-05
-1.000000000000000000e+00 3.051757812500000000e-05 3.051757812500000000e-05
-1.000000000000000000e+00 3.051757812500000000e-05 3.051757812500000000e-05
-1.000000000000000000e+00 3.051757812500000000e-05 3.051757812500000000e-05
-1.000000000000000000e+00 3.051757812500000000e-05 3.051757812500000000e-05
-1.000000000000000000e+00 3.051757812500000000e-05 3.051757812500000000e-05
-1.000000000000000000e+00 3.051757812500000000e-05 3.051757812500000000e-05
-1.000000000000000000e+00 3.051757812500000000e-05 3.051757812500000000e-05
-1.000000000000000000e+00 3.051757812500000000e-05 3.051757812500000000e-05
-1.000000000000000000e+00 3.051757812500000000e-05 3.051757812500000000e-05
-1.000000000000000000e+00 3.051757812500000000e-05 3.051757812500000000e-05
-1.000000000000000000e+00 3.051757812500000000e-05 3.051757812500000000e-05
-1.000000000000000000e+00 3.051757812500000000e-05 3.051757812500000000e-05
-1.000000000000000000e+00 3.051757812500000000e-05 3.051757812500000000e-05
-1.000000000000000000e+00 3.051757812500000000e-05 3.051757812500000000e-05
-1.000000000000000000e+00 3.051757812500000000e-05 3.051757812500000000e-05
-1.000000000000000000e+00 3.051757812500000000e-05 3.051757812500000000e-05
-1.000000000000000000e+00 3.051757812500000000e-05 3.051757812500000000e-05
-1.000000000000000000e+00 3.051757812500000000e-05 3.051757812500000000e-05
-1.000000000000000000e+00 3.051757812500000000e-05 3.051757812500000000e-05
-1.000000000000000000e+00 3.051757812500000000e-05 3.051757812500000000e-05
-1.000000000000000000e+00 3.051757812500000000e-05 3.051757812500000000e-05
-1.000000000000000000e+00 3.051757812500000000e-05 3.051757812500000000e-05
-1.000000000000000000e+00 3.051757812500000000e-05 3.051757812500000000e-05
-1.000000000000000000e+00 3.051757812500000000e-05 3.051757812500000000e-05
-1.000000000000000000e+00 3.051757812500000000e-05 3.051757812500000000e-05
-1.000000000000000000e+00 3.051757812500000000e-05 3.051757812500000000e-05
-1.000000000000000000e+00 3.051757812500000000e-05 3.051757812500000000e-05
-1.000000000000000000e+00 3.051757812500000000e-05 3.051757812500000000e-05
-1.000000000000000000e+00 3.051757812500000000e-05 -2.333068847656250000e-01
-1.000000000000000000e+00 3.051757812500000000e-05 -9.999694824218750000e-01
-1.000000000000000000e+00 3.051757812500000000e-05 -9.999694824218750000e-01
-1.000000000000000000e+00 3.051757812500000000e-05 -9.999694824218750000e-01
-1.000000000000000000e+00 3.051757812500000000e-05 -9.999694824218750000e-01
-1.000000000000000000e+00 -4.309082031250000000e-02 -9.999694824218750000e-01
-1.000000000000000000e+00 -4.907226562500000000e-02 -9.999694824218750000e-01
-1.000000000000000000e+00 -4.907226562500000000e-02 -9.999694824218750000e-01
-1.000000000000000000e+00 -5.148315429687500000e-02 -9.999694824218750000e-01
-1.000000000000000000e+00 -5.627441406250000000e-02 -9.999694824218750000e-01
-1.000000000000000000e+00 -8.621215820312500000e-02 -9.999694824218750000e-01
-1.000000000000000000e+00 -8.859252929687500000e-02 -9.999694824218750000e-01
-1.000000000000000000e+00 -1.029663085937500000e-01 -9.999694824218750000e-01
-1.000000000000000000e+00 -1.173400878906250000e-01 -9.999694824218750000e-01
-1.000000000000000000e+00 -1.185607910156250000e-01 -9.999694824218750000e-01
-1.000000000000000000e+00 -1.915893554687500000e-01 -9.999694824218750000e-01
-1.000000000000000000e+00 -2.095642089843750000e-01 -9.999694824218750000e-01
-1.000000000000000000e+00 -2.227478027343750000e-01 -9.999694824218750000e-01
-1.000000000000000000e+00 -2.682495117187500000e-01 -9.999694824218750000e-01
-1.000000000000000000e+00 -2.742309570312500000e-01 -9.999694824218750000e-01
-9.892272949218750000e-01 -3.197326660156250000e-01 -9.999694824218750000e-01
-9.838256835937500000e-01 -3.664550781250000000e-01 -9.999694824218750000e-01
-9.622497558593750000e-01 -4.023742675781250000e-01 -9.999694824218750000e-01
-9.471435546875000000e-01 -4.215393066406250000e-01 -9.999694824218750000e-01
-9.320678710937500000e-01 -4.934082031250000000e-01 -9.999694824218750000e-01
-9.061584472656250000e-01 -5.473022460937500000e-01 -9.999694824218750000e-01
-8.910522460937500000e-01 -5.664367675781250000e-01 -9.999694824218750000e-01
-8.835144042968750000e-01 -6.323242187500000000e-01 -9.999694824218750000e-01
-8.770446777343750000e-01 -6.394958496093750000e-01 -9.999694824218750000e-01
-8.522338867187500000e-01 -6.610717773437500000e-01 -9.999694824218750000e-01
-8.435974121093750000e-01 -6.730346679687500000e-01 -9.999694824218750000e-01
-8.306579589843750000e-01 -6.946105957031250000e-01 -9.999694824218750000e-01
-8.317260742187500000e-01 -6.969909667968750000e-01 -9.999694824218750000e-01
-7.626953125000000000e-01 -7.293395996093750000e-01 -9.999694824218750000e-01
-7.346496582031250000e-01 -7.724304199218750000e-01 -9.999694824218750000e-01
-7.281799316406250000e-01 -7.808227539062500000e-01 -9.999694824218750000e-01
-7.184753417968750000e-01 -7.951965332031250000e-01 -9.999694824218750000e-01
-7.033691406250000000e-01 -8.167419433593750000e-01 -9.999694824218750000e-01
-6.947326660156250000e-01 -8.263244628906250000e-01 -9.999694824218750000e-01
-6.936645507812500000e-01 -8.263244628906250000e-01 -9.999694824218750000e-01
-6.936645507812500000e-01 -8.263244628906250000e-01 -9.999694824218750000e-01
-6.936645507812500000e-01 -8.263244628906250000e-01 -9.999694824218750000e-01
-6.936645507812500000e-01 -8.263244628906250000e-01 -9.999694824218750000e-01
-6.753234863281250000e-01 -8.359069824218750000e-01 -9.999694824218750000e-01
-5.350646972656250000e-01 -9.796142578125000000e-01 -9.999694824218750000e-01
-4.207153320312500000e-01 -9.999694824218750000e-01 -9.999694824218750000e-01
-1.165161132812500000e-01 -9.999694824218750000e-01 -9.999694824218750000e-01
-9.603881835937500000e-02 -9.999694824218750000e-01 -9.999694824218750000e-01
-2.200927734375000000e-01 -9.999694824218750000e-01 -9.999694824218750000e-01
0.000000000000000000e+00 3.051757812500000000e-05 -9.999694824218750000e-01
0.000000000000000000e+00 3.051757812500000000e-05 -9.999694824218750000e-01
0.000000000000000000e+00 3.051757812500000000e-05 -9.999694824218750000e-01
0.000000000000000000e+00 3.051757812500000000e-05 -9.999694824218750000e-01
0.000000000000000000e+00 3.051757812500000000e-05 -9.999694824218750000e-01
0.000000000000000000e+00 3.051757812500000000e-05 -9.999694824218750000e-01
0.000000000000000000e+00 3.051757812500000000e-05 -9.999694824218750000e-01
0.000000000000000000e+00 3.051757812500000000e-05 -9.999694824218750000e-01
0.000000000000000000e+00 3.051757812500000000e-05 -9.999694824218750000e-01
0.000000000000000000e+00 3.051757812500000000e-05 -9.999694824218750000e-01
0.000000000000000000e+00 3.051757812500000000e-05 -9.999694824218750000e-01
0.000000000000000000e+00 3.051757812500000000e-05 -9.999694824218750000e-01
0.000000000000000000e+00 3.051757812500000000e-05 -9.999694824218750000e-01
-2.286987304687500000e-01 -2.922058105468750000e-01 -9.999694824218750000e-01
-3.473815917968750000e-01 -7.125549316406250000e-01 -9.999694824218750000e-01
-3.872985839843750000e-01 -9.999694824218750000e-01 -9.999694824218750000e-01
-3.840637207031250000e-01 -9.999694824218750000e-01 -9.999694824218750000e-01
-3.840637207031250000e-01 -9.999694824218750000e-01 -9.999694824218750000e-01
-3.840637207031250000e-01 -9.999694824218750000e-01 -9.999694824218750000e-01
-3.150024414062500000e-01 -9.999694824218750000e-01 -9.999694824218750000e-01
-1.985168457031250000e-01 -9.999694824218750000e-01 -9.999694824218750000e-01
-2.006530761718750000e-01 -9.999694824218750000e-01 -9.999694824218750000e-01
-1.434936523437500000e-01 -9.999694824218750000e-01 -9.999694824218750000e-01
-9.710693359375000000e-02 -8.395080566406250000e-01 -9.999694824218750000e-01
0.000000000000000000e+00 3.051757812500000000e-05 -9.999694824218750000e-01
0.000000000000000000e+00 3.051757812500000000e-05 -9.999694824218750000e-01
0.000000000000000000e+00 3.051757812500000000e-05 -9.999694824218750000e-01
0.000000000000000000e+00 3.051757812500000000e-05 -9.999694824218750000e-01
0.000000000000000000e+00 3.051757812500000000e-05 -9.999694824218750000e-01
0.000000000000000000e+00 3.051757812500000000e-05 -9.999694824218750000e-01
0.000000000000000000e+00 3.051757812500000000e-05 -9.999694824218750000e-01
0.000000000000000000e+00 3.051757812500000000e-05 -9.999694824218750000e-01
0.000000000000000000e+00 3.051757812500000000e-05 -9.999694824218750000e-01
0.000000000000000000e+00 3.051757812500000000e-05 -9.999694824218750000e-01
0.000000000000000000e+00 3.051757812500000000e-05 -9.999694824218750000e-01
0.000000000000000000e+00 3.051757812500000000e-05 -9.999694824218750000e-01
0.000000000000000000e+00 3.051757812500000000e-05 -9.999694824218750000e-01
0.000000000000000000e+00 3.051757812500000000e-05 -9.999694824218750000e-01
0.000000000000000000e+00 3.051757812500000000e-05 -9.999694824218750000e-01
0.000000000000000000e+00 3.051757812500000000e-05 -9.999694824218750000e-01
0.000000000000000000e+00 3.051757812500000000e-05 -9.999694824218750000e-01
0.000000000000000000e+00 3.051757812500000000e-05 -9.999694824218750000e-01
0.000000000000000000e+00 3.051757812500000000e-05 -9.999694824218750000e-01
0.000000000000000000e+00 3.051757812500000000e-05 -9.999694824218750000e-01
0.000000000000000000e+00 3.051757812500000000e-05 -9.999694824218750000e-01
0.000000000000000000e+00 3.051757812500000000e-05 -9.999694824218750000e-01
0.000000000000000000e+00 3.051757812500000000e-05 -9.999694824218750000e-01
0.000000000000000000e+00 3.051757812500000000e-05 -9.999694824218750000e-01
0.000000000000000000e+00 3.051757812500000000e-05 3.051757812500000000e-05
0.000000000000000000e+00 3.051757812500000000e-05 3.051757812500000000e-05
0.000000000000000000e+00 3.051757812500000000e-05 3.051757812500000000e-05
0.000000000000000000e+00 3.051757812500000000e-05 3.051757812500000000e-05
0.000000000000000000e+00 3.051757812500000000e-05 3.051757812500000000e-05
0.000000000000000000e+00 3.051757812500000000e-05 3.051757812500000000e-05
0.000000000000000000e+00 3.051757812500000000e-05 3.051757812500000000e-05
0.000000000000000000e+00 3.051757812500000000e-05 3.051757812500000000e-05
0.000000000000000000e+00 3.051757812500000000e-05 3.051757812500000000e-05
0.000000000000000000e+00 3.051757812500000000e-05 3.051757812500000000e-05
0.000000000000000000e+00 3.051757812500000000e-05 3.051757812500000000e-05
0.000000000000000000e+00 3.051757812500000000e-05 3.051757812500000000e-05
0.000000000000000000e+00 3.051757812500000000e-05 3.051757812500000000e-05
0.000000000000000000e+00 3.051757812500000000e-05 3.051757812500000000e-05
0.000000000000000000e+00 3.051757812500000000e-05 3.051757812500000000e-05
0.000000000000000000e+00 3.051757812500000000e-05 3.051757812500000000e-05
0.000000000000000000e+00 3.051757812500000000e-05 3.051757812500000000e-05
0.000000000000000000e+00 3.051757812500000000e-05 3.051757812500000000e-05
0.000000000000000000e+00 3.051757812500000000e-05 3.051757812500000000e-05
0.000000000000000000e+00 3.051757812500000000e-05 3.051757812500000000e-05
0.000000000000000000e+00 3.051757812500000000e-05 3.051757812500000000e-05
0.000000000000000000e+00 3.051757812500000000e-05 3.051757812500000000e-05
0.000000000000000000e+00 3.051757812500000000e-05 3.051757812500000000e-05
0.000000000000000000e+00 3.051757812500000000e-05 3.051757812500000000e-05
0.000000000000000000e+00 3.051757812500000000e-05 3.051757812500000000e-05
0.000000000000000000e+00 3.051757812500000000e-05 3.051757812500000000e-05
0.000000000000000000e+00 3.051757812500000000e-05 3.051757812500000000e-05
0.000000000000000000e+00 3.051757812500000000e-05 3.051757812500000000e-05
0.000000000000000000e+00 3.051757812500000000e-05 3.051757812500000000e-05
0.000000000000000000e+00 3.051757812500000000e-05 3.051757812500000000e-05
