0.000000000000000000e+00 3.051757812500000000e-05 3.051757812500000000e-05
0.000000000000000000e+00 3.051757812500000000e-05 3.051757812500000000e-05
0.000000000000000000e+00 3.051757812500000000e-05 3.051757812500000000e-05
0.000000000000000000e+00 3.051757812500000000e-05 3.051757812500000000e-05
0.000000000000000000e+00 3.051757812500000000e-05 3.051757812500000000e-05
0.000000000000000000e+00 3.051757812500000000e-05 3.051757812500000000e-05
0.000000000000000000e+00 3.051757812500000000e-05 3.051757812500000000e-05
0.000000000000000000e+00 3.051757812500000000e-05 3.051757812500000000e-05
0.000000000000000000e+00 3.051757812500000000e-05 3.051757812500000000e-05
0.000000000000000000e+00 3.051757812500000000e-05 3.051757812500000000e-05
0.000000000000000000e+00 3.051757812500000000e-05 3.051757812500000000e-05
0.000000000000000000e+00 3.051757812500000000e-05 3.051757812500000000e-05
0.000000000000000000e+00 3.051757812500000000e-05 3.051757812500000000e-05
0.000000000000000000e+00 3.051757812500000000e-05 3.051757812500000000e-05
0.000000000000000000e+00 3.051757812500000000e-05 3.051757812500000000e-05
0.000000000000000000e+00 3.051757812500000000e-05 3.051757812500000000e-05
-1.022744139815668502e-03 8.765258342380071940e-03 4.938667170734581738e-03
1.500682920144048027e-01 1.425137959782051267e-01 3.356686609602000937e-01
7.244853853679392719e-01 1.157550369040312166e-01 3.954143919127241502e-01
7.280818307088918750e-01 1.235550611880437133e-01 3.999934308909972036e-01
7.412248148042912543e-01 1.386510399099406543e-01 4.017151518758944051e-01
8.277897523442654393e-01 1.498694692623580016e-01 4.050067007839892042e-01
9.249413281760457961e-01 1.631770261306626502e-01 4.072617792289948135e-01
9.426002424265791380e-01 1.823103547497521015e-01 4.065970504993101642e-01
9.582047132325273164e-01 1.953249407420021289e-01 3.885807313545316943e-01
9.741610199002790349e-01 1.506921130768125172e-01 2.583565895255823253e-01
9.897594415194873596e-01 1.888921739181927961e-01 2.879247875376199084e-01
1.005162229433376853e+00 2.061585236194569681e-01 2.775670544566093967e-01
1.017219054388738497e+00 2.666655255230117039e-01 3.443040405889173372e-01
1.029868295416254353e+00 2.970234820254127328e-01 3.527857309561919785e-01
1.040498490778948071e+00 3.373069893470237446e-01 3.754685887806472611e-01
1.051788692630130306e+00 3.624288298819260401e-01 3.686891386254625425e-01
1.062180494615416082e+00 3.885379675837788982e-01 3.614385317110841433e-01
1.071668243924769337e+00 4.150942209706017794e-01 3.534278025797711886e-01
1.080194199761208118e+00 4.420685279662383005e-01 3.446694748749961068e-01
1.087708962858499717e+00 4.693969160356691317e-01 3.351605550925537136e-01
1.094165130223216487e+00 4.970190580121719437e-01 3.249045047228613092e-01
1.099518248762026529e+00 5.248719311532099585e-01 3.139081021129802029e-01
1.103727050958672962e+00 5.528900436073220792e-01 3.021814929728227628e-01
1.130373144583032730e+00 5.757602707033349088e-01 2.706393007287397068e-01
1.129271882928061688e+00 5.979583721988229739e-01 2.500707168277376269e-01
1.130205744770930387e+00 6.280223913656337587e-01 2.378461640171471159e-01
1.128673785993778100e+00 6.556818159772943577e-01 2.227832143200154380e-01
1.125815830467506107e+00 6.831466490866057173e-01 2.071311870532139277e-01
1.121627535766105632e+00 7.102895779121374265e-01 1.909380238516452111e-01
1.113183283367392029e+00 7.320301013098579057e-01 1.698616448453950933e-01
1.103217004947442792e+00 7.529179010848908726e-01 1.484227445881285690e-01
1.090246732482829328e+00 7.700615047243335454e-01 1.245942256952174421e-01
1.080540615899493684e+00 7.943235513471990084e-01 1.069489652983783845e-01
1.069637410640132513e+00 8.177706069727336269e-01 8.908611072073936710e-02
1.057495984659606370e+00 8.404874258189212188e-01 7.097024630636761255e-02
1.044135327239220645e+00 8.624202523032159506e-01 5.264211677914952536e-02
1.014844403427712871e+00 8.554900487837717726e-01 1.716820060709011581e-02
9.999694824218750000e-01 8.710632324218750000e-01 3.051757812500000000e-05
9.999694824218750000e-01 8.723754882812500000e-01 3.051757812500000000e-05
9.999694824218750000e-01 8.723754882812500000e-01 3.051757812500000000e-05
9.999694824218750000e-01 8.723754882812500000e-01 3.051757812500000000e-05
9.999694824218750000e-01 8.407897949218750000e-01 3.051757812500000000e-05
9.999694824218750000e-01 8.118591308593750000e-01 3.051757812500000000e-05
9.999694824218750000e-01 7.026367187500000000e-01 3.051757812500000000e-05
9.999694824218750000e-01 5.565795898437500000e-01 3.051757812500000000e-05
9.999694824218750000e-01 3.881835937500000000e-01 3.051757812500000000e-05
9.999694824218750000e-01 3.723754882812500000e-01 3.051757812500000000e-05
9.999694824218750000e-01 3.842163085937500000e-01 3.051757812500000000e-05
9.999694824218750000e-01 3.934326171875000000e-01 3.051757812500000000e-05
9.999694824218750000e-01 4.065856933593750000e-01 3.051757812500000000e-05
9.999694824218750000e-01 4.434509277343750000e-01 3.051757812500000000e-05
9.999694824218750000e-01 5.736999511718750000e-01 3.051757812500000000e-05
9.999694824218750000e-01 7.737121582031250000e-01 3.051757812500000000e-05
9.999694824218750000e-01 9.618530273437500000e-01 3.051757812500000000e-05
9.939880371093750000e-01 1.000000000000000000e+00 3.051757812500000000e-05
9.865112304687500000e-01 1.000000000000000000e+00 3.051757812500000000e-05
9.745483398437500000e-01 1.000000000000000000e+00 3.051757812500000000e-05
9.700317382812500000e-01 1.000000000000000000e+00 3.051757812500000000e-05
9.700317382812500000e-01 1.000000000000000000e+00 3.051757812500000000e-05
9.700317382812500000e-01 1.000000000000000000e+00 3.051757812500000000e-05
9.700317382812500000e-01 1.000000000000000000e+00 3.051757812500000000e-05
9.700317382812500000e-01 1.000000000000000000e+00 3.051757812500000000e-05
9.700317382812500000e-01 1.000000000000000000e+00 3.051757812500000000e-05
9.700317382812500000e-01 1.000000000000000000e+00 3.051757812500000000e-05
9.700317382812500000e-01 1.000000000000000000e+00 3.051757812500000000e-05
9.266357421875000000e-01 1.000000000000000000e+00 3.051757812500000000e-05
7.215270996093750000e-01 1.000000000000000000e+00 3.051757812500000000e-05
6.361999511718750000e-01 1.000000000000000000e+00 3.051757812500000000e-05
5.793151855468750000e-01 1.000000000000000000e+00 3.051757812500000000e-05
5.538635253906250000e-01 1.000000000000000000e+00 3.051757812500000000e-05
4.835205078125000000e-01 1.000000000000000000e+00 3.051757812500000000e-05
4.715270996093750000e-01 1.000000000000000000e+00 3.051757812500000000e-05
3.757324218750000000e-01 1.000000000000000000e+00 3.051757812500000000e-05
3.487854003906250000e-01 1.000000000000000000e+00 3.051757812500000000e-05
2.424926757812500000e-01 1.000000000000000000e+00 3.051757812500000000e-05
1.781311035156250000e-01 1.000000000000000000e+00 3.051757812500000000e-05
1.212463378906250000e-01 1.000000000000000000e+00 3.051757812500000000e-05
3.741455078125000000e-02 1.000000000000000000e+00 3.051757812500000000e-05
1.644897460937500000e-02 1.000000000000000000e+00 3.051757812500000000e-05
0.000000000000000000e+00 1.000000000000000000e+00 3.051757812500000000e-05
0.000000000000000000e+00 1.000000000000000000e+00 3.051757812500000000e-05
0.000000000000000000e+00 1.000000000000000000e+00 3.051757812500000000e-05
0.000000000000000000e+00 1.000000000000000000e+00 3.051757812500000000e-05
0.000000000000000000e+00 1.000000000000000000e+00 3.051757812500000000e-05
0.000000000000000000e+00 1.000000000000000000e+00 3.051757812500000000e-05
0.000000000000000000e+00 1.000000000000000000e+00 3.051757812500000000e-05
-3.778076171875000000e-02 1.000000000000000000e+00 3.051757812500000000e-05
-3.454589843750000000e-02 1.000000000000000000e+00 3.051757812500000000e-05
-3.668212890625000000e-02 1.000000000000000000e+00 3.051757812500000000e-05
-9.170532226562500000e-02 1.000000000000000000e+00 3.051757812500000000e-05
-2.481384277343750000e-01 1.000000000000000000e+00 3.051757812500000000e-05
-2.675476074218750000e-01 1.000000000000000000e+00 3.051757812500000000e-05
-3.153282278303605746e-01 1.002511527958414028e+00 4.719498168842726181e-03
-3.631600009285926856e-01 1.021516612481575104e+00 3.760093130972000375e-02
-4.011415867949908454e-01 1.033159618738893837e+00 5.439478455317378613e-02
-4.261098567263131853e-01 1.033834443636509004e+00 5.231197457340538981e-02
-4.482608680136331292e-01 1.031216068473209013e+00 4.563236218750246764e-02
-4.776869604657958401e-01 1.033618618399028799e+00 4.658727462428804283e-02
-5.135556009848029069e-01 1.040542217999939067e+00 5.339213169130179598e-02
-5.606979734516001068e-01 1.055691933715608322e+00 6.986896924431593159e-02
-5.924244596143510844e-01 1.057215745980086163e+00 6.854133313001919969e-02
-6.143558827257629140e-01 1.049385904489708254e+00 5.661351112868634461e-02
-6.357374742682938562e-01 1.040058259540460606e+00 4.401819031173150737e-02
-6.566717681175957555e-01 1.029670435947223295e+00 3.130606830083644543e-02
-6.760897400484209285e-01 1.017514910285541641e+00 1.778044584882613327e-02
-6.983806786991788584e-01 1.007019996272815243e+00 6.879805550440602074e-03
-7.076721191406250000e-01 1.000000000000000000e+00 3.051757812500000000e-05
-7.087402343750000000e-01 1.000000000000000000e+00 3.051757812500000000e-05
-7.141418457031250000e-01 1.000000000000000000e+00 3.051757812500000000e-05
-7.119750976562500000e-01 1.000000000000000000e+00 3.051757812500000000e-05
-7.109069824218750000e-01 1.000000000000000000e+00 3.051757812500000000e-05
-7.119750976562500000e-01 1.000000000000000000e+00 3.051757812500000000e-05
-7.119750976562500000e-01 1.000000000000000000e+00 3.051757812500000000e-05
-6.008911132812500000e-01 1.000000000000000000e+00 3.051757812500000000e-05
-5.793151855468750000e-01 1.000000000000000000e+00 3.051757812500000000e-05
-5.480346679687500000e-01 1.000000000000000000e+00 3.051757812500000000e-05
-4.174804687500000000e-01 1.000000000000000000e+00 3.051757812500000000e-05
0.000000000000000000e+00 1.000000000000000000e+00 3.051757812500000000e-05
1.601562500000000000e-01 1.000000000000000000e+00 3.051757812500000000e-05
4.565734863281250000e-01 1.000000000000000000e+00 3.051757812500000000e-05
5.478820800781250000e-01 1.000000000000000000e+00 3.051757812500000000e-05
6.556701660156250000e-01 1.000000000000000000e+00 3.051757812500000000e-05
6.556701660156250000e-01 1.000000000000000000e+00 3.051757812500000000e-05
5.553588867187500000e-01 1.000000000000000000e+00 3.051757812500000000e-05
3.038635253906250000e-01 1.000000000000000000e+00 3.051757812500000000e-05
1.152648925781250000e-01 1.000000000000000000e+00 3.051757812500000000e-05
1.152648925781250000e-01 1.000000000000000000e+00 3.051757812500000000e-05
1.152648925781250000e-01 1.000000000000000000e+00 3.051757812500000000e-05
1.407165527343750000e-01 1.000000000000000000e+00 3.051757812500000000e-05
2.589721679687500000e-01 1.000000000000000000e+00 3.051757812500000000e-05
5.928039550781250000e-01 1.000000000000000000e+00 3.051757812500000000e-05
7.619628906250000000e-01 1.000000000000000000e+00 3.051757812500000000e-05
9.176635742187500000e-01 1.000000000000000000e+00 3.051757812500000000e-05
9.805297851562500000e-01 1.000000000000000000e+00 3.051757812500000000e-05
9.999694824218750000e-01 1.000000000000000000e+00 3.051757812500000000e-05
9.999694824218750000e-01 9.250183105468750000e-01 3.051757812500000000e-05
9.999694824218750000e-01 8.934326171875000000e-01 3.051757812500000000e-05
9.999694824218750000e-01 7.894897460937500000e-01 3.051757812500000000e-05
9.999694824218750000e-01 6.973876953125000000e-01 3.051757812500000000e-05
9.999694824218750000e-01 6.408081054687500000e-01 3.051757812500000000e-05
9.999694824218750000e-01 5.618591308593750000e-01 3.051757812500000000e-05
-6.309142709888126976e-02 2.096207688515251688e-02 9.438813012195962013e-03
0.000000000000000000e+00 3.051757812500000000e-05 3.051757812500000000e-05
0.000000000000000000e+00 3.051757812500000000e-05 3.051757812500000000e-05
1.145294826105169306e-01 1.763257171072650509e-01 -5.966649054036124999e-01
1.725568452717410328e-01 2.656860144247953359e-01 -8.814126715190477857e-01
1.684502808655446437e-01 2.595887835180877290e-01 -8.875493083548684492e-01
1.626307773950329272e-01 2.508781142396095953e-01 -8.958903727170220987e-01
1.568011243812983679e-01 2.421091187749369600e-01 -9.038234306904130433e-01
1.508149800929266537e-01 2.330719687131125317e-01 -9.115449942345724699e-01
1.446874155868581036e-01 2.237897324342618399e-01 -9.190248028692232785e-01
1.384205309593621314e-01 2.142663385441612445e-01 -9.262508263615104598e-01
1.320178833528582174e-01 2.045080370264399094e-01 -9.332097568989256020e-01
1.254833432501365198e-01 1.945216453867934236e-01 -9.398885680960291644e-01
1.188211296046169096e-01 1.843146108596865618e-01 -9.462745091865693015e-01
1.120358753006433922e-01 1.738951048691498025e-01 -9.523550929027273515e-01
1.051325440713467563e-01 1.632719057147382635e-01 -9.581182209983906128e-01
1.447495516516178193e-01 1.183010417741632014e-01 -9.462436715571376222e-01
2.795584881924250698e-01 5.749728487014105216e-03 -9.037337283405146859e-01
3.861064327895338821e-01 -8.769143053878292182e-02 -8.581835008477497473e-01
4.607057971074288716e-01 -1.543120680263140310e-01 -8.409007166877208173e-01
4.551062304745675524e-01 -1.637134792030672248e-01 -8.541863159874940603e-01
4.500490756889413690e-01 -1.742951125714227167e-01 -8.677306586847488568e-01
4.461309854171375822e-01 -1.863000040803050039e-01 -8.814828754108370301e-01
4.062803720870374891e-01 -1.748939179988409087e-01 -8.920867853120967306e-01
3.989875575573462729e-01 -1.855956769602307155e-01 -9.058699945387402863e-01
3.525271802396974241e-01 -1.695156544747743466e-01 -9.169372522244978452e-01
2.819026490582209332e-01 -1.362726757497008112e-01 -9.273611243765166323e-01
2.779598194695458435e-01 -1.497729619923865441e-01 -9.423459906553166565e-01
2.359895843074601984e-01 -1.362366361173042995e-01 -9.558182246858245579e-01
2.173525937449900525e-01 -1.399635228876010551e-01 -9.706391587838067991e-01
1.658054186384003703e-01 -1.199816218748541718e-01 -9.852637132643123907e-01
9.833785577629405861e-02 -8.847484679516981476e-02 -1.000899387593918721e+00
2.856842303134810024e-02 -5.541736760693016794e-02 -1.016385522376945572e+00
2.061987276645715905e-02 -6.899738654989640008e-02 -1.031800380841286113e+00
1.046442193889962624e-02 -8.174982191715352009e-02 -1.046848959118690248e+00
6.997446802553120015e-02 -7.222527696133895780e-02 -6.545504633245874393e-02
8.007050279834615480e-02 -8.286483679201062102e-02 -8.234344658481136670e-02
7.939853870262580937e-02 -8.252877820030912748e-02 -8.179522520277029973e-02
8.592989062272082812e-02 -8.801613335477198596e-02 -8.362041086077061369e-02
9.658845750186895174e-02 -9.663632325183313387e-02 -8.505904162833602400e-02
1.006314368915852686e-01 -1.002523627613176593e-01 -8.608228516707587541e-02
1.086244007175888315e-01 -1.070424053248801854e-01 -8.791371046717413873e-02
1.060631981182771355e-01 -1.057614962956452409e-01 -8.950347984728637685e-02
1.082429568050937707e-01 -1.081434212511309667e-01 -9.087914724335800776e-02
1.097076078682615030e-01 -1.099973606969626427e-01 -9.233474952008390024e-02
1.111960121097347320e-01 -1.119015508842211570e-01 -9.380977310479467202e-02
1.126976011307960768e-01 -1.138469710202117957e-01 -9.530717287335964405e-02
1.095926914581580869e-01 -1.121225254887923128e-01 -9.615552109096565936e-02
9.840942522398210546e-02 -1.038661839093516503e-01 -9.581639691463354758e-02
7.420091965539066248e-02 -8.524776648319098982e-02 -9.607566452041468863e-02
4.121870322580800661e-02 -9.558017150617292845e-02 -3.958305047567143298e-01
-8.044883971666616507e-02 -8.390555435045898847e-02 -1.086248365137836291e+00
-1.184849488165073961e-01 -6.273566097839755606e-02 -1.091152204078569277e+00
-1.473456655032081564e-01 -6.539752365650786103e-02 -1.103937943734015104e+00
-1.745725971451133063e-01 -6.933136357050462273e-02 -1.117393599639357804e+00
-2.074451664427253705e-01 -6.947416107016535225e-02 -1.129027211125426922e+00
-2.624663421024363563e-01 -5.294278840571675637e-02 -1.140731280690876481e+00
-3.004067008969929509e-01 -5.054821119439223409e-02 -1.149830990343914783e+00
-3.625374122361038065e-01 -2.860924068731673930e-02 -1.153180753374138501e+00
-3.757145811756197884e-01 -4.768232413560080651e-02 -1.161201470940983249e+00
-3.871599304209478176e-01 -6.983023570804125502e-02 -1.171825556570647686e+00
-4.038487528019970019e-01 -8.747886474706623172e-02 -1.178660120819165824e+00
-4.206295873494011461e-01 -1.056009916144254879e-01 -1.184714232661884692e+00
-4.438950010062084894e-01 -1.180142478981030529e-01 -1.186830443179842653e+00
-5.239875839189114259e-01 -8.477599078467501492e-02 -1.181715690194776514e+00
-6.016261132263696076e-01 -4.907723783974249354e-02 -1.168124517996454115e+00
-4.639399058407912557e-01 2.122573033683657906e-01 -2.743278396919483497e-01
-4.801059001617394850e-01 2.121998980798441847e-01 -2.812213396322875703e-01
-4.863467308244889264e-01 2.103004813054402122e-01 -2.828173144332953304e-01
-4.586350368027181656e-01 1.730442930519465738e-01 -3.068013531835869223e-01
-4.631200227891143495e-01 1.685064812350903773e-01 -3.106639790913404697e-01
-4.637307153130902915e-01 1.601387204923545582e-01 -3.172216083540032039e-01
-3.993131341213034258e-01 1.020591128505041745e-01 -3.337462304577757388e-01
-3.312008724709790686e-01 3.960094431682270599e-02 -3.565320495469208595e-01
-2.646969238716142536e-01 -1.051649299454038289e-02 -3.586140136914767185e-01
-1.621301515410111804e-01 -9.406478507358018160e-02 -3.818747579059345032e-01
-1.834262106172646067e-02 -1.960815552219508096e-01 -3.885923241400650596e-01
7.536431154223033335e-02 -2.540408338247300835e-01 -3.740182909876079709e-01
9.720281725759555291e-02 -2.711236847460954946e-01 -3.719357892842057312e-01
-1.203186699161612472e-02 -4.375342183063093415e-01 -8.255735491531767112e-01
-1.093111861543333285e-01 -5.873797844576960081e-01 -1.218273726924574696e+00
-1.121359625549952499e-01 -5.970075474539220384e-01 -1.217374640397660635e+00
-1.197842547420783221e-01 -6.047500834079851950e-01 -1.217637803242267225e+00
-1.710944423319163965e-01 -5.843946023651143129e-01 -1.223275340479316853e+00
-2.475746875609707298e-01 -5.488407484109574241e-01 -1.235442316532103346e+00
-2.575832395355161508e-01 -5.509631955081395471e-01 -1.233389032299442079e+00
-2.601823602667742708e-01 -5.587093669360128079e-01 -1.233126660912970962e+00
-2.630489054192329812e-01 -5.655751098448307257e-01 -1.232441428793867200e+00
-2.657277059133612007e-01 -5.721874680113778755e-01 -1.231709822697723888e+00
-2.682473980941298963e-01 -5.785726122785959102e-01 -1.230937319288878395e+00
-3.978155447674702749e-02 -2.544895551794537081e-01 -4.274222920307866325e-01
-9.056790048528295944e-02 -2.140005807298751561e-01 -4.183633730848894672e-01
0.000000000000000000e+00 3.051757812500000000e-05 3.051757812500000000e-05
0.000000000000000000e+00 3.051757812500000000e-05 3.051757812500000000e-05
0.000000000000000000e+00 3.051757812500000000e-05 3.051757812500000000e-05
0.000000000000000000e+00 3.051757812500000000e-05 3.051757812500000000e-05
0.000000000000000000e+00 3.051757812500000000e-05 3.051757812500000000e-05
0.000000000000000000e+00 3.051757812500000000e-05 3.051757812500000000e-05
0.000000000000000000e+00 3.051757812500000000e-05 3.051757812500000000e-05
0.000000000000000000e+00 3.051757812500000000e-05 3.051757812500000000e-05
0.000000000000000000e+00 3.051757812500000000e-05 3.051757812500000000e-05
0.000000000000000000e+00 3.051757812500000000e-05 3.051757812500000000e-05
0.000000000000000000e+00 3.051757812500000000e-05 3.051757812500000000e-05
0.000000000000000000e+00 3.051757812500000000e-05 3.051757812500000000e-05
0.000000000000000000e+00 3.051757812500000000e-05 3.051757812500000000e-05
0.000000000000000000e+00 3.051757812500000000e-05 3.051757812500000000e-05
0.000000000000000000e+00 3.051757812500000000e-05 3.051757812500000000e-05
0.000000000000000000e+00 3.051757812500000000e-05 3.051757812500000000e-05
0.000000000000000000e+00 3.051757812500000000e-05 3.051757812500000000e-05
0.000000000000000000e+00 3.051757812500000000e-05 3.051757812500000000e-05
0.000000000000000000e+00 3.051757812500000000e-05 3.051757812500000000e-05
0.000000000000000000e+00 3.051757812500000000e-05 3.051757812500000000e-05
0.000000000000000000e+00 3.051757812500000000e-05 3.051757812500000000e-05
0.000000000000000000e+00 3.051757812500000000e-05 3.051757812500000000e-05
0.000000000000000000e+00 3.051757812500000000e-05 3.051757812500000000e-05
2.403779063669199412e-01 3.133193813185566889e-01 7.978222966699004548e-01
2.403817234508847933e-01 3.133327314131575947e-01 7.978045625887437708e-01
2.354977461632236924e-01 3.073075082588198614e-01 8.080725246108437787e-01
2.307283561358388912e-01 3.014817928234525546e-01 8.175277043934291443e-01
2.257646513306215963e-01 2.953628804795704332e-01 8.269388852860071193e-01
2.206244645894519518e-01 2.889913958908488789e-01 8.362366347481763329e-01
2.153050085658817225e-01 2.823609925090042050e-01 8.454153369641262961e-01
2.098062693536959511e-01 2.754705925364460128e-01 8.544624503017328454e-01
2.041291064134943545e-01 2.683221614568195856e-01 8.633628606051717558e-01
1.982705769037849675e-01 2.609148027579732965e-01 8.721062551550935460e-01
1.922354359322265005e-01 2.532491606298650777e-01 8.806770857931783825e-01
1.860246551607860899e-01 2.453277211121399071e-01 8.890611872092201162e-01
1.796399077152658896e-01 2.371523531032598553e-01 8.972449358873753056e-01
1.730877601974650515e-01 2.287491139494665093e-01 9.051989770461101870e-01
1.663684687707081555e-01 2.200953074731611947e-01 9.129270376434854839e-01
1.594831097557440902e-01 2.111979977942402553e-01 9.204140584378397438e-01
1.524292519239699439e-01 2.020445970234423516e-01 9.276565015431361694e-01
1.452163466801550396e-01 1.926554238046958023e-01 9.346297952008019161e-01
1.378483956985408210e-01 1.830370932064061540e-01 9.413198141431010635e-01
1.303360804038940224e-01 1.732142009726223009e-01 9.477039330887029323e-01
1.226801146457669467e-01 1.631749587047502670e-01 9.537788598637715332e-01
1.148853586425276213e-01 1.529266632422109917e-01 9.595318262826831868e-01
1.069575795508470872e-01 1.424819668146380669e-01 9.649486916928862179e-01
9.890241336142327477e-02 1.318463936310166340e-01 9.700185306601059043e-01
9.072347255043146375e-02 1.210238188150828120e-01 9.747315110342846811e-01
8.242026734970110680e-02 1.100172799721915867e-01 9.790786151249888380e-01
7.401188682743223279e-02 9.885345771268547188e-02 9.830421105336734078e-01
6.550634273866591528e-02 8.754308402349771090e-02 9.866120640587220381e-01
5.691210548652173712e-02 7.609872282962341916e-02 9.897788930880792035e-01
4.824115359223854482e-02 6.453806990980681668e-02 9.925328006238429701e-01
3.950383074871142292e-02 5.287522148476322265e-02 9.948661212871074966e-01
3.070523739390188314e-02 4.111922274357021623e-02 9.967730472771714201e-01
2.185164037224440053e-02 2.928001783743734363e-02 9.982478021884569896e-01
1.295509754193765496e-02 1.737543182359860619e-02 9.992843609492800816e-01
4.029975194784643153e-03 5.427013199058537511e-03 9.998780120668826488e-01
0.000000000000000000e+00 3.051757812500000000e-05 1.000000000000000000e+00
0.000000000000000000e+00 3.051757812500000000e-05 1.000000000000000000e+00
0.000000000000000000e+00 3.051757812500000000e-05 1.000000000000000000e+00
0.000000000000000000e+00 3.051757812500000000e-05 1.000000000000000000e+00
0.000000000000000000e+00 3.051757812500000000e-05 1.000000000000000000e+00
0.000000000000000000e+00 3.051757812500000000e-05 1.000000000000000000e+00
0.000000000000000000e+00 3.051757812500000000e-05 1.000000000000000000e+00
0.000000000000000000e+00 3.051757812500000000e-05 1.000000000000000000e+00
0.000000000000000000e+00 3.051757812500000000e-05 1.000000000000000000e+00
0.000000000000000000e+00 3.051757812500000000e-05 1.000000000000000000e+00
0.000000000000000000e+00 3.051757812500000000e-05 1.000000000000000000e+00
0.000000000000000000e+00 3.051757812500000000e-05 1.000000000000000000e+00
0.000000000000000000e+00 3.051757812500000000e-05 1.000000000000000000e+00
0.000000000000000000e+00 3.051757812500000000e-05 1.000000000000000000e+00
0.000000000000000000e+00 3.051757812500000000e-05 1.000000000000000000e+00
0.000000000000000000e+00 3.051757812500000000e-05 1.000000000000000000e+00
0.000000000000000000e+00 3.051757812500000000e-05 1.000000000000000000e+00
0.000000000000000000e+00 3.051757812500000000e-05 1.000000000000000000e+00
0.000000000000000000e+00 3.051757812500000000e-05 1.000000000000000000e+00
0.000000000000000000e+00 3.051757812500000000e-05 1.000000000000000000e+00
0.000000000000000000e+00 3.051757812500000000e-05 1.000000000000000000e+00
0.000000000000000000e+00 3.051757812500000000e-05 1.000000000000000000e+00
0.000000000000000000e+00 3.051757812500000000e-05 1.000000000000000000e+00
0.000000000000000000e+00 3.051757812500000000e-05 1.000000000000000000e+00
0.000000000000000000e+00 3.051757812500000000e-05 1.000000000000000000e+00
0.000000000000000000e+00 3.051757812500000000e-05 1.000000000000000000e+00
0.000000000000000000e+00 3.051757812500000000e-05 1.000000000000000000e+00
0.000000000000000000e+00 3.051757812500000000e-05 1.000000000000000000e+00
0.000000000000000000e+00 3.051757812500000000e-05 1.000000000000000000e+00
0.000000000000000000e+00 3.051757812500000000e-05 1.000000000000000000e+00
0.000000000000000000e+00 3.051757812500000000e-05 1.000000000000000000e+00
0.000000000000000000e+00 -1.125488281250000000e-01 1.000000000000000000e+00
0.000000000000000000e+00 -2.981872558593750000e-01 1.000000000000000000e+00
0.000000000000000000e+00 -4.790344238281250000e-01 1.000000000000000000e+00
3.367227392692222210e-02 -6.910445050396448741e-01 1.004607315340197538e+00
1.285800994601794811e-01 -8.473584328416803313e-01 1.093622254875092903e+00
1.201019304282257699e-01 -8.719089611668875417e-01 1.089707937819570649e+00
1.083430457500454830e-01 -8.938056961854675686e-01 1.077997392124321330e+00
9.200176271298292352e-02 -9.131627032919162890e-01 1.066875204494813767e+00
7.442468076711805658e-02 -9.314376698443312952e-01 1.055340861708610412e+00
5.993667130815476252e-02 -9.506567709875634042e-01 1.041726898998893036e+00
4.533263118681982173e-02 -9.691789547492826173e-01 1.027293696562383341e+00
6.735229492187500000e-02 -9.999694824218750000e-01 1.000000000000000000e+00
8.532714843750000000e-02 -9.999694824218750000e-01 1.000000000000000000e+00
1.811218261718750000e-01 -9.999694824218750000e-01 1.000000000000000000e+00
2.050781250000000000e-01 -9.999694824218750000e-01 1.000000000000000000e+00
3.697509765625000000e-01 -9.999694824218750000e-01 1.000000000000000000e+00
6.032714843750000000e-01 -9.832153320312500000e-01 1.000000000000000000e+00
6.661376953125000000e-01 -9.664611816406250000e-01 1.000000000000000000e+00
7.454833984375000000e-01 -9.113769531250000000e-01 1.000000000000000000e+00
8.338317871093750000e-01 -8.251342773437500000e-01 1.000000000000000000e+00
8.966979980468750000e-01 -7.808227539062500000e-01 1.000000000000000000e+00
9.266357421875000000e-01 -7.329101562500000000e-01 1.000000000000000000e+00
9.296264648437500000e-01 -7.305297851562500000e-01 1.000000000000000000e+00
9.296264648437500000e-01 -7.305297851562500000e-01 1.000000000000000000e+00
9.296264648437500000e-01 -7.640686035156250000e-01 9.798889160156250000e-01
9.296264648437500000e-01 -7.975769042968750000e-01 9.776306152343750000e-01
9.266357421875000000e-01 -7.975769042968750000e-01 9.776306152343750000e-01
9.266357421875000000e-01 -7.975769042968750000e-01 9.776306152343750000e-01
9.236450195312500000e-01 -7.520751953125000000e-01 9.776306152343750000e-01
9.715270996093750000e-01 -7.065734863281250000e-01 9.530334472656250000e-01
9.805297851562500000e-01 -6.981811523437500000e-01 9.317932128906250000e-01
9.850158691406250000e-01 -6.993713378906250000e-01 8.288879394531250000e-01
9.880065917968750000e-01 -7.041625976562500000e-01 7.528076171875000000e-01
9.880065917968750000e-01 -7.041625976562500000e-01 6.331176757812500000e-01
9.880065917968750000e-01 -7.041625976562500000e-01 4.854736328125000000e-01
9.880065917968750000e-01 -7.041625976562500000e-01 1.677856445312500000e-01
9.880065917968750000e-01 -7.041625976562500000e-01 3.244018554687500000e-02
9.880065917968750000e-01 -7.041625976562500000e-01 3.051757812500000000e-05
9.880065917968750000e-01 -7.041625976562500000e-01 3.051757812500000000e-05
9.880065917968750000e-01 -7.041625976562500000e-01 3.051757812500000000e-05
9.880065917968750000e-01 -7.041625976562500000e-01 3.051757812500000000e-05
9.880065917968750000e-01 -7.041625976562500000e-01 3.051757812500000000e-05
9.880065917968750000e-01 -7.041625976562500000e-01 3.051757812500000000e-05
9.880065917968750000e-01 -7.233276367187500000e-01 3.051757812500000000e-05
9.266357421875000000e-01 -7.604675292968750000e-01 3.051757812500000000e-05
7.814331054687500000e-01 -8.730468750000000000e-01 3.051757812500000000e-05
6.946105957031250000e-01 -9.233398437500000000e-01 3.051757812500000000e-05
6.691589355468750000e-01 -9.305114746093750000e-01 3.051757812500000000e-05
6.376953125000000000e-01 -9.700317382812500000e-01 3.051757812500000000e-05
5.942993164062500000e-01 -9.772338867187500000e-01 3.051757812500000000e-05
5.913085937500000000e-01 -9.772338867187500000e-01 3.051757812500000000e-05
5.628662109375000000e-01 -9.772338867187500000e-01 3.051757812500000000e-05
5.628662109375000000e-01 -9.796142578125000000e-01 3.051757812500000000e-05
5.194396972656250000e-01 -9.844055175781250000e-01 3.051757812500000000e-05
4.446105957031250000e-01 -9.939880371093750000e-01 3.051757812500000000e-05
4.461059570312500000e-01 -9.939880371093750000e-01 3.051757812500000000e-05
4.446105957031250000e-01 -9.939880371093750000e-01 3.051757812500000000e-05
4.446105957031250000e-01 -9.939880371093750000e-01 3.051757812500000000e-05
4.446105957031250000e-01 -9.939880371093750000e-01 3.051757812500000000e-05
4.446105957031250000e-01 -9.939880371093750000e-01 3.051757812500000000e-05
4.446105957031250000e-01 -9.939880371093750000e-01 3.051757812500000000e-05
4.446105957031250000e-01 -9.939880371093750000e-01 3.489990234375000000e-01
3.787231445312500000e-01 -9.939880371093750000e-01 6.912841796875000000e-01
3.487854003906250000e-01 -9.939880371093750000e-01 7.449951171875000000e-01
2.469787597656250000e-01 -9.999694824218750000e-01 7.449951171875000000e-01
1.616516113281250000e-01 -9.999694824218750000e-01 7.449951171875000000e-01
3.292846679687500000e-02 -9.999694824218750000e-01 7.449951171875000000e-01
0.000000000000000000e+00 -9.999694824218750000e-01 7.606506347656250000e-01
0.000000000000000000e+00 -9.999694824218750000e-01 6.409606933593750000e-01
0.000000000000000000e+00 -9.999694824218750000e-01 3.051757812500000000e-05
-1.035766601562500000e-01 -9.999694824218750000e-01 3.051757812500000000e-05
-1.564331054687500000e-01 -9.999694824218750000e-01 3.051757812500000000e-05
-2.556762695312500000e-01 -9.999694824218750000e-01 3.051757812500000000e-05
-2.837219238281250000e-01 -9.999694824218750000e-01 3.051757812500000000e-05
-2.880554199218750000e-01 -9.999694824218750000e-01 3.051757812500000000e-05
-2.858886718750000000e-01 -9.999694824218750000e-01 3.051757812500000000e-05
-2.891235351562500000e-01 -9.999694824218750000e-01 3.051757812500000000e-05
-3.376770019531250000e-01 -9.999694824218750000e-01 3.051757812500000000e-05
-3.613891601562500000e-01 -9.999694824218750000e-01 3.051757812500000000e-05
-3.603210449218750000e-01 -9.999694824218750000e-01 3.051757812500000000e-05
-3.646240234375000000e-01 -9.999694824218750000e-01 3.051757812500000000e-05
-3.646240234375000000e-01 -9.999694824218750000e-01 3.051757812500000000e-05
-2.875742669325560552e-01 -1.032324206655299337e+00 -1.636768404099812890e-01
-1.652324694079410905e-01 -1.087041437956562939e+00 -3.181687523936636008e-01
-1.790447116236841274e-01 -1.084073880354116781e+00 -3.214625043639589563e-01
-1.845230213650160822e-01 -1.084581214480859312e+00 -3.356083076442928359e-01
-2.116395776968456877e-01 -1.074418603556604124e+00 -3.243424608120958341e-01
-2.430074681766341005e-01 -1.061198241793358754e+00 -3.070775069554060321e-01
-3.142833476528505421e-01 -1.043006318408081778e+00 -2.478768132301819027e-01
-4.085633858888568781e-01 -1.009252734394109785e+00 -1.568300805199079884e-01
-4.526726971976555713e-01 -8.796429032641535084e-01 -6.113248253488925976e-02
-4.854396301255449186e-01 -8.661521346937188781e-01 -3.665753882945926856e-02
-6.311107152250153840e-01 -7.786047626697838453e-01 1.411436407104982027e-01
-6.403290462964741359e-01 -7.148741203663433463e-01 1.745605014582264358e-01
-6.699072601085760414e-01 -7.105038655202640108e-01 1.926287675729415061e-01
-6.791982966316851833e-01 -7.101124367677443816e-01 1.893383304346587248e-01
-6.859307343595164586e-01 -7.084506605191225326e-01 1.842108670034773577e-01
-6.869937498540057419e-01 -6.583501328249105056e-01 2.036489119608421439e-01
-6.944562017533797427e-01 -6.407768776538295130e-01 2.095095558401882108e-01
-7.029231100709483204e-01 -6.211864257211684448e-01 2.180058890086997436e-01
-7.491961215986586708e-01 -1.218651617706761336e-01 4.074070993419680597e-01
-8.090128208494257178e-01 -4.500360542871673086e-02 3.823172930701493888e-01
-8.368217933082169324e-01 8.744716258064472170e-03 3.551329233540381769e-01
-8.469916018743912645e-01 2.984603932078153110e-02 3.396680636767989148e-01
-8.630213088193148252e-01 7.914725429454874672e-02 3.102113735049933374e-01
-8.726108904286016266e-01 1.009171573473738592e-01 2.943359964818360597e-01
-7.024720481821978835e-01 -2.941741012197227612e-01 3.643057254679427648e-01
-7.079131245828742536e-01 -2.912724369673762581e-01 3.634107421078961453e-01
-7.139162722671752448e-01 -2.894108863507419693e-01 3.613349933346181597e-01
-7.201336693269188016e-01 -2.876877259300939516e-01 3.589117807461724707e-01
-7.263420168549223899e-01 -2.859473843986179986e-01 3.563752173102678888e-01
-8.940999703170142698e-01 8.226181871209173324e-02 2.750050115357814962e-01
-8.973176100582944681e-01 7.863760871322436619e-02 2.720338213768416780e-01
-7.442823124315542938e-01 -2.796058728670973714e-01 3.492325959656902845e-01
-7.496960057580048797e-01 -2.767003330865924760e-01 3.475582319209761240e-01
-7.554908036798728688e-01 -2.745741274462912829e-01 3.449343808528319011e-01
-7.614547398831483793e-01 -2.725628463732094886e-01 3.419737139827696559e-01
-7.674021453249918467e-01 -2.705385974208390776e-01 3.388946815474357943e-01
-9.213251516346729897e-01 8.570759738287071772e-02 2.375293602607644050e-01
-9.285851929039127262e-01 1.115282125277675257e-01 2.205673725576694777e-01
-7.694826353276634778e-01 -2.076597017928556166e-01 3.530772444023116963e-01
-7.747657363052168344e-01 -2.046115558789756705e-01 3.509227493049431601e-01
-7.803995618301577952e-01 -2.020891803030410161e-01 3.480495076963123768e-01
-7.861281571391767198e-01 -1.996994665473684483e-01 3.448886923561074180e-01
-7.918361173547259213e-01 -1.973087233398894136e-01 3.416062674366780461e-01
-7.974988384605934399e-01 -1.948908611864019480e-01 3.382364390342228466e-01
-8.031103854440718726e-01 -1.924410779254473181e-01 3.347864207375208512e-01
-8.086684489278876953e-01 -1.899588053197767967e-01 3.312580806170560832e-01
-8.141714438667790876e-01 -1.874443447395083284e-01 3.276522213025040986e-01
-8.196179628753834656e-01 -1.848981703672648302e-01 3.239694308869334183e-01
-8.250066291673222585e-01 -1.823208128439574582e-01 3.202102768628219409e-01
-8.303361031317753049e-01 -1.797128065893444093e-01 3.163753275697524514e-01
-8.356050458361385935e-01 -1.770747101464965889e-01 3.124651759500642334e-01
-8.408121319306709474e-01 -1.744070903077629964e-01 3.084804360529534994e-01
-8.459560574785651710e-01 -1.717105136803253607e-01 3.044217388680525715e-01
-8.510355363238601978e-01 -1.689855517867361046e-01 3.002897325553851582e-01
-8.560492861423618649e-01 -1.662327903373593818e-01 2.960850927460574877e-01
-8.609960443586764933e-01 -1.634528172567567272e-01 2.918085116827525138e-01
-8.658745592119567736e-01 -1.606462282892883453e-01 2.874607050559043198e-01
-8.706835904008278781e-01 -1.578136280159293803e-01 2.830424113276475140e-01
-8.754219224954989942e-01 -1.549556134390908946e-01 2.785543832960808430e-01
-8.800883437582227575e-01 -1.520727989649898748e-01 2.739974016192994744e-01
-8.846816675892276161e-01 -1.491657912438408562e-01 2.693722604108900742e-01
-8.892007092147050651e-01 -1.462352147791796952e-01 2.646797849741141517e-01
-8.936443109605107793e-01 -1.432816838207514876e-01 2.599208122916845665e-01
-8.952330819357814384e-01 -1.441286818592025787e-01 2.518820060666125404e-01
-8.987921668343173964e-01 -1.422401850295800518e-01 2.461292876131518925e-01
-9.026678833580542571e-01 -1.398058998641459882e-01 2.408047612768540180e-01
-9.075993673986700871e-01 -1.357116606153707938e-01 2.367469238115027241e-01
-9.116854791100557076e-01 -1.326987183266644943e-01 2.317340167176232535e-01
-9.156970933022315906e-01 -1.296594424106184140e-01 2.266536530713204045e-01
-9.196264802569387165e-01 -1.266008690173618112e-01 2.215140843353410882e-01
-9.234733637588100619e-01 -1.235231543275554927e-01 2.163152401395444513e-01
-9.272366749824910714e-01 -1.204270335945908516e-01 2.110581073960701437e-01
-9.309154103457299989e-01 -1.173131474652532730e-01 2.057436617389307165e-01
-9.345085626787326127e-01 -1.141821431201488907e-01 2.003729351363748301e-01
-9.364346390282540789e-01 -1.138666281628348820e-01 1.929495247780548262e-01
-9.438948562421315414e-01 -1.033377894978920603e-01 1.926170561509029378e-01
-9.471533845847593946e-01 -1.001604938028461539e-01 1.870582997198307618e-01
-9.503451231810201572e-01 -9.693599788108454851e-02 1.814128505011961268e-01
-9.534411927442089096e-01 -9.370058659382771160e-02 1.757251192373504023e-01
-9.564443897547518780e-01 -9.045240691539688238e-02 1.699893157735581639e-01
-9.593538694560966862e-01 -8.719275972856824208e-02 1.642063457415003647e-01
-9.621689352633689962e-01 -8.392240494759388436e-02 1.583770935775574706e-01
-9.648888195693763326e-01 -8.064206547724013519e-02 1.525027022747386107e-01
-9.675127489141028825e-01 -7.735244536832899809e-02 1.465844153942454098e-01
-9.700399692657069028e-01 -7.405423198189706180e-02 1.406235123871497905e-01
-9.724697417087768692e-01 -7.074811918090366525e-02 1.346213132923671785e-01
-9.748013531168978618e-01 -6.743479674866192930e-02 1.285791543931110725e-01
-9.770341102049461268e-01 -6.411496479788179881e-02 1.224984025653471920e-01
-9.791673507629378159e-01 -6.078931418749759785e-02 1.163804280495817078e-01
-9.812004314715295772e-01 -5.745855234250267507e-02 1.102266368387734563e-01
-9.831327418813823327e-01 -5.412337541974537869e-02 1.040384339852406526e-01
-9.849636923437282698e-01 -5.078449586261339632e-02 9.781725910676414282e-02
-9.872527670418679291e-01 -5.502721164640635154e-02 8.771230790673428812e-02
-9.909602385149186565e-01 -8.203377167860656516e-02 6.600701543472059507e-02
-9.280878361151464473e-01 -3.751879429306598929e-02 7.270118736652947389e-02
0.000000000000000000e+00 3.051757812500000000e-05 3.051757812500000000e-05
0.000000000000000000e+00 3.051757812500000000e-05 3.051757812500000000e-05
0.000000000000000000e+00 3.051757812500000000e-05 3.051757812500000000e-05
0.000000000000000000e+00 3.051757812500000000e-05 3.051757812500000000e-05
-1.068115234375000000e-01 3.051757812500000000e-05 3.051757812500000000e-05
-9.738175715349315364e-01 -1.367793508318988771e-01 1.215946938177125611e-02
-9.974426086872848485e-01 -1.195134492003796928e-01 2.283175018378789944e-02
-9.959234833185985902e-01 -7.055903398854249109e-02 3.937879597617766070e-02
-9.968064064859999407e-01 -6.630391320091003071e-02 3.349051416072876958e-02
-9.959566862504282136e-01 -2.505275042280040790e-02 4.640192311789546192e-02
-9.968072597214220343e-01 -2.075563032350447382e-02 4.045882166706134958e-02
-9.976334119635084097e-01 -1.836765539162164493e-02 3.349474894518394280e-02
-9.983733275345564318e-01 -1.690817021856310526e-02 2.606017928569463390e-02
-9.989390802434181538e-01 -1.356789451851006002e-02 1.957605573966393619e-02
-9.993987023400074943e-01 -1.023361882758528144e-02 1.307996167909171795e-02
-9.997521695287533428e-01 -6.904817759091781346e-03 6.571868680752305028e-03
-9.999993029831825142e-01 -3.582496799286672123e-03 5.398274093830227548e-05
-1.000000000000000000e+00 -3.570556640625000000e-03 3.051757812500000000e-05
-1.000000000000000000e+00 -3.570556640625000000e-03 3.051757812500000000e-05
-9.984837058425486411e-01 -1.513493756940023915e-01 -9.939457623857966828e-02
-1.002287565923358992e+00 -3.917822151319911850e-01 -2.290078904749073274e-01
-1.008257148177879703e+00 -4.101178763327623100e-01 -2.468157790954187414e-01
-1.013960415436461648e+00 -4.113641383838810839e-01 -2.571543620596152824e-01
-1.018520593859559620e+00 -4.902393833301203485e-01 -3.077686655086134815e-01
-1.022937371877870261e+00 -5.335339537546274213e-01 -3.407878469355245521e-01
-1.027641793265253733e+00 -5.381829247076799216e-01 -3.546212157757112626e-01
-1.031961301033643474e+00 -5.493551008610827457e-01 -3.724173288290278938e-01
-1.035891700947837002e+00 -5.649004460126599847e-01 -3.929161235269394981e-01
-1.039680119513041845e+00 -5.755669731184593907e-01 -4.112420758598533954e-01
-1.043418125794683737e+00 -5.804354103407506349e-01 -4.268467474331413269e-01
-1.047137875616292790e+00 -5.805465551015799308e-01 -4.401752874932186588e-01
-1.039804306772732945e+00 -6.045533371737027428e-01 -4.662013001056195538e-01
-1.018136947780790447e+00 -6.477655864268021535e-01 -5.021198223066054567e-01
-1.002327033985042526e+00 -6.713756010677364161e-01 -5.279226715423008809e-01
-9.716236067120443964e-01 -7.338549299168201090e-01 -5.751886902956020453e-01
-9.134336932858255764e-01 -8.395023122545087757e-01 -6.454554095073286035e-01
-9.079512528819294603e-01 -8.379450079634486181e-01 -6.597337009858891266e-01
-8.722357434432603807e-01 -8.624271210833163170e-01 -6.865531599822898290e-01
-1.016752248613631560e+00 -5.663851515021262051e-01 -2.484216419455407276e-01
-9.775617614385607723e-01 -6.167738822245164565e-01 -2.376031714161390695e-01
-9.738693524668747825e-01 -6.491212085432672696e-01 -2.418390978967616123e-01
-9.759493922570978697e-01 -6.556778871711653744e-01 -2.530911194431270106e-01
-9.752198201040307435e-01 -6.156627601470050504e-01 -2.717825914032677703e-01
-1.103296250521920596e+00 -4.130879215079676925e-01 -3.647824348674455486e-01
-1.131134299895463213e+00 -2.124811393970017503e-01 -4.193023110216027582e-01
-9.524200659647964473e-01 9.320025607963422498e-02 -4.104058096159484137e-01
-8.290075943607037035e-01 9.794356027524898922e-02 -3.715952496673973204e-01
-8.269811793075807493e-01 1.039028516689162046e-01 -3.786926120632827519e-01
-5.445295021877991637e-01 6.193657110293597778e-01 -3.497959062757107773e-01
-4.650369617843380099e-01 8.360629586066975483e-01 -3.553372005759789509e-01
-3.605179312804873137e-01 1.039229648152666829e+00 -3.516194580517468804e-01
-3.684317816411060709e-01 8.910831854757591541e-01 -3.390447854561404739e-01
-4.066915972663433521e-01 8.340397487224885387e-01 -3.548348362708368953e-01
-4.066380723195148206e-01 8.705707746966981908e-01 -3.697804304102880746e-01
-3.714932436749871503e-01 3.522477460300654784e-02 -1.079470955256690567e-01
-1.036128568581402842e-01 -2.474414507044040978e-01 -2.193248634416438692e-01
0.000000000000000000e+00 3.051757812500000000e-05 3.051757812500000000e-05
0.000000000000000000e+00 3.051757812500000000e-05 3.051757812500000000e-05
0.000000000000000000e+00 3.051757812500000000e-05 3.051757812500000000e-05
-1.587538598703188697e-01 -3.753399890653043580e-01 -3.192073397525271305e-01
-1.776344058748662302e-01 -4.199550007413440089e-01 -3.533595632397124042e-01
-1.778682787227175432e-01 -4.212923410941664670e-01 -3.573329009577238535e-01
-1.781218629257390329e-01 -4.226147441188323195e-01 -3.614074622698567607e-01
-1.783608521611624032e-01 -4.239116775903145617e-01 -3.655161288519813700e-01
-3.551168471586461650e-01 1.477920214264290544e-01 -2.181926288365010347e-01
-3.568085356439912315e-01 1.449593961394735897e-01 -2.187376455975370559e-01
-3.583956472929002435e-01 1.459924322601172664e-01 -2.212570917678213789e-01
-3.600045249612936482e-01 1.466058447189028113e-01 -2.236089185775747001e-01
-3.616073768443957004e-01 1.472645071945566930e-01 -2.260080417290128985e-01
-1.872692356382496537e-01 -4.236112248510902067e-01 -3.761791806900912638e-01
-1.893715505804217936e-01 -4.229255783739726549e-01 -3.769023645159746971e-01
-3.665560659937325827e-01 1.454033326025771788e-01 -2.313954740907483432e-01
-3.683052549343148185e-01 1.426000036827633488e-01 -2.321557924312196430e-01
-3.698972874840247838e-01 1.435881994469740131e-01 -2.348391872646659051e-01
-3.715143364484856936e-01 1.441636460941713715e-01 -2.373625007085246041e-01
-1.961327747681071154e-01 -4.232017762101054070e-01 -3.879903745472833565e-01
-1.982643495448392634e-01 -4.224832509838896133e-01 -3.888763551516173367e-01
-3.765239391379531231e-01 1.422171876409591140e-01 -2.432284764590914028e-01
-3.783133753592544668e-01 1.394007107488869079e-01 -2.441742375557494071e-01
-3.799049072268390614e-01 1.403457800485095608e-01 -2.470056564704943280e-01
-3.815235778525333243e-01 1.408803914890287556e-01 -2.496829021351811839e-01
-3.831319104249821250e-01 1.414579346141951743e-01 -2.524091234899425995e-01
-2.072227910744876278e-01 -4.217165287091856340e-01 -4.017776204388169292e-01
-2.093826975503952637e-01 -4.209466490694205310e-01 -4.028650558026011241e-01
-3.881704398374456466e-01 1.394203202315450196e-01 -2.588777453627572056e-01
-3.899951464907994714e-01 1.366016075751519121e-01 -2.600546170631841125e-01
-3.915677081085590650e-01 1.374969982342156283e-01 -2.630755148410057753e-01
-3.931701364469217808e-01 1.379858639147102384e-01 -2.659489421872307524e-01
-3.947593174939832972e-01 1.385163963293666034e-01 -2.688722251621804560e-01
-2.183780605055768154e-01 -4.197396618825587900e-01 -4.168957354692893746e-01
-2.205509075474426928e-01 -4.189098362697689648e-01 -4.182029700126862481e-01
-3.997799316528994340e-01 1.363873705084943933e-01 -2.759929038643881283e-01
-4.016236908040120013e-01 1.335698167810706882e-01 -2.774215018177506042e-01
-4.031603515774477842e-01 1.344102336329002223e-01 -2.806441380680748665e-01
-4.104652373409133914e-01 6.370067727422434878e-02 -2.735759368447876483e-01
-1.827543698007020045e-01 -5.936129451442275773e-01 -5.433053974563260002e-01
-7.726920408939576268e-02 -1.010056476382491963e+00 -8.092502028655750301e-01
-4.326546905469571547e-01 -8.383561489953269552e-01 -1.250194726613494955e-01
-4.319101279407489002e-01 -8.477730526202585937e-01 -1.322365679206657374e-01
-4.338427878074875288e-01 -8.561294852373456665e-01 -1.407521338819840429e-01
-4.333107440642831598e-01 -8.643998235388217211e-01 -1.481529913263252007e-01
-4.315701423065553266e-01 -8.725371641973640457e-01 -1.550913849613440032e-01
-4.341315460303767360e-01 -8.810265555650921288e-01 -1.647824252587308802e-01
-4.189103179441948654e-01 -8.880457512015234034e-01 -1.641725834165954634e-01
-3.949527813052462477e-01 -8.945108624812392328e-01 -1.584103366963202086e-01
-3.481048594337023960e-01 -8.994977034239057812e-01 -1.386489098754750682e-01
-2.731768295176690842e-01 -9.029800628577284716e-01 -1.013099047161312161e-01
-1.007918787145751782e-01 -8.690939541114015565e-01 -6.306112370786931542e-03
2.684574421721028781e-01 -3.421092933446276962e-01 3.051757812500000000e-05
2.851864015793594831e-01 1.004002050566857179e-01 3.051757812500000000e-05
3.080644145185771343e-01 6.764207994823949743e-01 3.051757812500000000e-05
3.233777948520218937e-01 1.018460129316680174e+00 3.051757812500000000e-05
3.295434445290508219e-01 1.094846019332187836e+00 3.051757812500000000e-05
2.404548197576487079e-01 1.099067085400835309e+00 3.051757812500000000e-05
1.487959520000903257e-01 1.102259561815883027e+00 -5.836729028178200274e-02
1.414136208455074595e-01 1.110121812854301782e+00 -7.587830414391028011e-02
1.244474609603922755e-01 1.116974438788578716e+00 -9.918252017024542511e-02
1.328110663224963961e-01 1.125511005799060493e+00 -1.076528843222179788e-01
1.388895285832351112e-01 1.133721326133538598e+00 -1.177676566293576199e-01
6.785467726285979717e-01 1.034000473758254213e+00 2.091219278035374163e-01
7.189408762423907806e-01 1.038189157590855283e+00 2.198078728325918718e-01
6.856666329132291571e-01 1.033935002656581670e+00 1.853899316212750947e-01
-3.735395606742207830e-01 1.238156802680360630e-01 -2.701783237374297819e-01
-2.260450925016338208e-01 -4.198864616208929368e-01 -4.353978391085040478e-01
-2.283392432343373524e-01 -4.190698553635521240e-01 -4.378307840231066006e-01
-4.102353047451203216e-01 1.397830941180715214e-01 -2.960682687757670850e-01
-4.121263715515913750e-01 1.369150570208960416e-01 -2.977355016444259705e-01
-4.136070373548957901e-01 1.377394858060726757e-01 -3.012422101476179837e-01
-4.151277596721993923e-01 1.381563331362247737e-01 -3.046102589171884034e-01
-2.349603964352915408e-01 -4.177234171589985778e-01 -4.527794907682676229e-01
-2.371330656781908963e-01 -4.167504853822911470e-01 -4.545384857128829115e-01
-4.200285309233554587e-01 1.358497415187325807e-01 -3.131724809520511910e-01
-4.219002403444761518e-01 1.329918850243291539e-01 -3.151091909343961550e-01
-4.233201625663600698e-01 1.337555017993792561e-01 -3.188174885875554310e-01
-4.247800255340174469e-01 1.341179221950036249e-01 -3.223957222952709145e-01
-4.262146718202269313e-01 1.345187689754435145e-01 -3.260276524407238474e-01
-2.456876101237976673e-01 -4.138125730559594206e-01 -4.725385551091120240e-01
-2.478154527326638656e-01 -4.127389286230370713e-01 -4.745705112332093689e-01
-4.309080049641827448e-01 1.321054917648056548e-01 -3.354154103752101657e-01
-4.327311133279069799e-01 1.292632391255026381e-01 -3.376790345379397928e-01
-4.340456536043236779e-01 1.299534589218856728e-01 -3.416306460677347445e-01
-4.354003792178789967e-01 1.302507193407175801e-01 -3.454626888055037925e-01
-4.367248753846875164e-01 1.305841212100909976e-01 -3.493474676847058147e-01
-2.559315453376137528e-01 -4.089996097754399207e-01 -4.940369347969115754e-01
-2.579769039859803326e-01 -4.078136221896558888e-01 -4.963602152453707728e-01
-4.411102372085422552e-01 1.280622104360977787e-01 -3.595934616764715486e-01
-4.428477898319449491e-01 1.252420066214152694e-01 -3.622012486059373870e-01
-4.440240622606840826e-01 1.258507262674136429e-01 -3.664006762593332578e-01
-4.452396662148860318e-01 1.260766246717448802e-01 -3.704922578526536059e-01
-4.528821933649478937e-01 5.867614443062071916e-02 -3.655825645975758764e-01
-4.362961352678770832e-02 -5.986268340690339418e-01 -5.586513200599364515e-01
3.627113960934930104e-02 -6.540221595293400636e-01 -5.625714161907015010e-01
-2.322936434962500352e-01 -2.228536610512589500e-01 -1.560799646509586358e-01
-2.043345476674099936e-01 -2.266536554535584502e-01 -1.367923876765974045e-01
-2.135443171265973827e-01 -3.128544754867916278e-01 -1.283213418256977656e-01
-2.110943100027440344e-01 -3.817994456304134587e-01 -1.149071104529885146e-01
-2.103309665138138884e-01 -3.964338220007147529e-01 -1.135680396690570415e-01
-2.042767431477259255e-01 -4.192035577619562803e-01 -1.071680458149212312e-01
-1.553764353413032984e-01 -4.912404770562670553e-01 -6.012285939366646126e-02
-5.304651795239678780e-02 -6.002817486422505899e-01 3.051757812500000000e-05
-4.934605121727086985e-02 -6.522046168959438894e-01 3.051757812500000000e-05
-1.224241393452674131e-02 -6.993267183743138160e-01 3.051757812500000000e-05
7.855349007535705752e-03 -7.237126017796821076e-01 3.051757812500000000e-05
2.773696013134796523e-02 -7.055168726217885267e-01 3.051757812500000000e-05
4.063680189064167170e-02 -6.930589666004898231e-01 3.051757812500000000e-05
4.662364820192765880e-02 -6.986737478915744370e-01 3.051757812500000000e-05
5.078360483239385825e-02 -7.042873585667459579e-01 3.051757812500000000e-05
7.170467012115311345e-02 -6.849066865206697718e-01 3.051757812500000000e-05
9.335175714836252414e-02 -6.502079717520341529e-01 3.051757812500000000e-05
1.363404008500163078e-01 -5.283360096750348012e-01 3.051757812500000000e-05
1.543616932147987564e-01 -3.734504414487163637e-01 3.051757812500000000e-05
1.580127468376762989e-01 -3.329780869163159185e-01 3.051757812500000000e-05
6.411422219680367185e-01 -3.019956681644215823e-01 4.778740340940431652e-01
6.561879305100257742e-01 3.851343193520586489e-02 4.587132353455061762e-01
6.620856151099754339e-01 3.692739861895031478e-02 4.569269600679358168e-01
6.678161824693131798e-01 3.702889562956759861e-02 4.549782369141320282e-01
6.735419307965745395e-01 3.696511337311071677e-02 4.529649099997990480e-01
6.792664803344344859e-01 3.690954903276449234e-02 4.508709049791198575e-01
6.849860605441715489e-01 3.684597987729211488e-02 4.486979489336475613e-01
6.906996154716311676e-01 3.677595654780732581e-02 4.464454040262845758e-01
6.964056251369512562e-01 3.669935337857117841e-02 4.441129621576261899e-01
7.021026043102235326e-01 3.661619257606604089e-02 4.417003161987684279e-01
7.077890399350947881e-01 3.652647413922750774e-02 4.392071989631368689e-01
0.000000000000000000e+00 3.051757812500000000e-05 3.051757812500000000e-05
-3.442955637802518343e-01 4.452772494404507592e-02 -2.549380270413333927e-01
-4.412100481293169119e-01 5.694663603980977540e-02 -3.190474601528882070e-01
-4.425461326290837660e-01 5.694961356833627003e-02 -3.222134096556128480e-01
-4.441289404154165066e-01 5.694190662170024037e-02 -3.260494613481800252e-01
-4.456662038384497926e-01 5.693606032409977841e-02 -3.298675971464513079e-01
-4.471846550091371775e-01 5.692542380027593163e-02 -3.337329169113999461e-01
-4.486808244666777301e-01 5.691104465201362456e-02 -3.376391721574250049e-01
-4.501541215310023714e-01 5.689261915408764386e-02 -3.415869190069990013e-01
-4.516036737573627668e-01 5.687004240969252555e-02 -3.455760572957095045e-01
-4.530286294769590438e-01 5.684318690370559340e-02 -3.496065431758956787e-01
-4.544281305424143769e-01 5.681193167477174150e-02 -3.536783245959119748e-01
-4.558013143571125192e-01 5.677615812368250192e-02 -3.577913464840375424e-01
-4.571473064781166329e-01 5.673574916491871262e-02 -3.619455312626815857e-01
-4.584652312701963384e-01 5.669059086268693481e-02 -3.661408055957453556e-01
-4.597542034439465741e-01 5.664057146423288197e-02 -3.703770783742214023e-01
-4.610133334654483162e-01 5.658558157000660033e-02 -3.746542544788963314e-01
-4.622417219844475178e-01 5.652551371302443756e-02 -3.789722189155709797e-01
-4.634384621837975282e-01 5.646026168766805908e-02 -3.833308411362860157e-01
-4.646026424745105521e-01 5.638972246726205867e-02 -3.877299837660578286e-01
-2.869095673624939558e-01 6.889471260415545861e-02 -2.563088423848028929e-01
1.165329869464802881e-01 9.791926006883033828e-02 3.051757812500000000e-05
1.573836780328836671e-01 1.017490863275803403e-01 3.051757812500000000e-05
1.587851625466982775e-01 1.030620940815842046e-01 3.051757812500000000e-05
1.601147848908914817e-01 1.043782111837292387e-01 3.051757812500000000e-05
6.425192419879262040e-01 4.508202565656624361e-02 4.623104094838034750e-01
6.435523414542263509e-01 4.559969981399265154e-02 4.619756042900352577e-01
6.497113105067721106e-01 4.547946184177840273e-02 4.601636066965991700e-01
6.554214206351969274e-01 4.541314914611333659e-02 4.584009299912354396e-01
6.611741882443746832e-01 4.533323887638744665e-02 4.565483824078700459e-01
6.669246052199158115e-01 4.524619691284315071e-02 4.546181984103017659e-01
6.726750195492783302e-01 4.515140451400083410e-02 4.526087114465974226e-01
6.784235802679490224e-01 4.504890994480557909e-02 4.505195663432720043e-01
6.841687889159210334e-01 4.493869090669492389e-02 4.483503242336079331e-01
6.899090949878852186e-01 4.482072633302484899e-02 4.461005924413339319e-01
6.956429352933808374e-01 4.469498957797422845e-02 4.437700123152542031e-01
7.013687297902272411e-01 4.456145011714145177e-02 4.413582616569343697e-01
7.070848853036700854e-01 4.442007334806706564e-02 4.388650542020169909e-01
7.127897908542097927e-01 4.427082247326100117e-02 4.362901425950529988e-01
7.184818232044449804e-01 4.411365774058659955e-02 4.336333171401305364e-01
0.000000000000000000e+00 3.051757812500000000e-05 3.051757812500000000e-05
0.000000000000000000e+00 3.051757812500000000e-05 3.051757812500000000e-05
0.000000000000000000e+00 3.051757812500000000e-05 3.051757812500000000e-05
0.000000000000000000e+00 3.051757812500000000e-05 3.051757812500000000e-05
0.000000000000000000e+00 3.051757812500000000e-05 3.051757812500000000e-05
0.000000000000000000e+00 3.051757812500000000e-05 3.051757812500000000e-05
0.000000000000000000e+00 3.051757812500000000e-05 3.051757812500000000e-05
0.000000000000000000e+00 3.051757812500000000e-05 3.051757812500000000e-05
0.000000000000000000e+00 3.051757812500000000e-05 3.051757812500000000e-05
0.000000000000000000e+00 3.051757812500000000e-05 3.051757812500000000e-05
0.000000000000000000e+00 3.051757812500000000e-05 3.051757812500000000e-05
0.000000000000000000e+00 3.051757812500000000e-05 3.051757812500000000e-05
0.000000000000000000e+00 3.051757812500000000e-05 3.051757812500000000e-05
0.000000000000000000e+00 3.051757812500000000e-05 3.051757812500000000e-05
0.000000000000000000e+00 3.051757812500000000e-05 3.051757812500000000e-05
0.000000000000000000e+00 3.051757812500000000e-05 3.051757812500000000e-05
0.000000000000000000e+00 3.051757812500000000e-05 3.051757812500000000e-05
0.000000000000000000e+00 3.051757812500000000e-05 3.051757812500000000e-05
0.000000000000000000e+00 3.051757812500000000e-05 3.051757812500000000e-05
0.000000000000000000e+00 3.051757812500000000e-05 3.051757812500000000e-05
0.000000000000000000e+00 3.051757812500000000e-05 3.051757812500000000e-05
0.000000000000000000e+00 3.051757812500000000e-05 3.051757812500000000e-05
0.000000000000000000e+00 3.051757812500000000e-05 3.051757812500000000e-05
0.000000000000000000e+00 3.051757812500000000e-05 3.051757812500000000e-05
0.000000000000000000e+00 3.051757812500000000e-05 3.051757812500000000e-05
0.000000000000000000e+00 3.051757812500000000e-05 3.051757812500000000e-05
0.000000000000000000e+00 3.051757812500000000e-05 3.051757812500000000e-05
0.000000000000000000e+00 3.051757812500000000e-05 3.051757812500000000e-05
0.000000000000000000e+00 3.051757812500000000e-05 3.051757812500000000e-05
0.000000000000000000e+00 3.051757812500000000e-05 3.051757812500000000e-05
0.000000000000000000e+00 3.051757812500000000e-05 3.051757812500000000e-05
0.000000000000000000e+00 3.051757812500000000e-05 3.051757812500000000e-05
0.000000000000000000e+00 3.051757812500000000e-05 3.051757812500000000e-05
0.000000000000000000e+00 3.051757812500000000e-05 3.051757812500000000e-05
0.000000000000000000e+00 3.051757812500000000e-05 3.051757812500000000e-05
0.000000000000000000e+00 3.051757812500000000e-05 3.051757812500000000e-05
0.000000000000000000e+00 3.051757812500000000e-05 3.051757812500000000e-05
0.000000000000000000e+00 3.051757812500000000e-05 3.051757812500000000e-05
0.000000000000000000e+00 3.051757812500000000e-05 3.051757812500000000e-05
0.000000000000000000e+00 3.051757812500000000e-05 3.051757812500000000e-05
0.000000000000000000e+00 3.051757812500000000e-05 3.051757812500000000e-05
0.000000000000000000e+00 3.051757812500000000e-05 3.051757812500000000e-05
0.000000000000000000e+00 3.051757812500000000e-05 3.051757812500000000e-05
0.000000000000000000e+00 3.051757812500000000e-05 3.051757812500000000e-05
0.000000000000000000e+00 3.051757812500000000e-05 3.051757812500000000e-05
0.000000000000000000e+00 3.051757812500000000e-05 3.051757812500000000e-05
0.000000000000000000e+00 3.051757812500000000e-05 3.051757812500000000e-05
0.000000000000000000e+00 3.051757812500000000e-05 3.051757812500000000e-05
0.000000000000000000e+00 3.051757812500000000e-05 3.051757812500000000e-05
0.000000000000000000e+00 3.051757812500000000e-05 3.051757812500000000e-05
0.000000000000000000e+00 3.051757812500000000e-05 3.051757812500000000e-05
0.000000000000000000e+00 3.051757812500000000e-05 3.051757812500000000e-05
0.000000000000000000e+00 3.051757812500000000e-05 3.051757812500000000e-05
0.000000000000000000e+00 3.051757812500000000e-05 3.051757812500000000e-05
0.000000000000000000e+00 3.051757812500000000e-05 3.051757812500000000e-05
0.000000000000000000e+00 3.051757812500000000e-05 3.051757812500000000e-05
0.000000000000000000e+00 3.051757812500000000e-05 3.051757812500000000e-05
0.000000000000000000e+00 3.051757812500000000e-05 3.051757812500000000e-05
0.000000000000000000e+00 3.051757812500000000e-05 3.051757812500000000e-05
0.000000000000000000e+00 3.051757812500000000e-05 3.051757812500000000e-05
0.000000000000000000e+00 3.051757812500000000e-05 3.051757812500000000e-05
0.000000000000000000e+00 3.051757812500000000e-05 3.051757812500000000e-05
0.000000000000000000e+00 3.051757812500000000e-05 3.051757812500000000e-05
0.000000000000000000e+00 3.051757812500000000e-05 3.051757812500000000e-05
0.000000000000000000e+00 3.051757812500000000e-05 3.051757812500000000e-05
0.000000000000000000e+00 3.051757812500000000e-05 3.051757812500000000e-05
0.000000000000000000e+00 3.051757812500000000e-05 3.051757812500000000e-05
0.000000000000000000e+00 3.051757812500000000e-05 3.051757812500000000e-05
0.000000000000000000e+00 3.051757812500000000e-05 3.051757812500000000e-05
0.000000000000000000e+00 3.051757812500000000e-05 3.051757812500000000e-05
0.000000000000000000e+00 3.051757812500000000e-05 3.051757812500000000e-05
0.000000000000000000e+00 3.051757812500000000e-05 3.051757812500000000e-05
0.000000000000000000e+00 3.051757812500000000e-05 3.051757812500000000e-05
0.000000000000000000e+00 3.051757812500000000e-05 3.051757812500000000e-05
0.000000000000000000e+00 3.051757812500000000e-05 3.051757812500000000e-05
0.000000000000000000e+00 3.051757812500000000e-05 3.051757812500000000e-05
0.000000000000000000e+00 3.051757812500000000e-05 3.051757812500000000e-05
0.000000000000000000e+00 3.051757812500000000e-05 3.051757812500000000e-05
