0.000000000000000000e+00 3.051757812500000000e-05 3.051757812500000000e-05
0.000000000000000000e+00 3.051757812500000000e-05 3.051757812500000000e-05
0.000000000000000000e+00 3.051757812500000000e-05 3.051757812500000000e-05
0.000000000000000000e+00 3.051757812500000000e-05 3.051757812500000000e-05
0.000000000000000000e+00 3.051757812500000000e-05 3.051757812500000000e-05
0.000000000000000000e+00 3.051757812500000000e-05 3.051757812500000000e-05
0.000000000000000000e+00 3.051757812500000000e-05 3.051757812500000000e-05
0.000000000000000000e+00 3.051757812500000000e-05 3.051757812500000000e-05
0.000000000000000000e+00 3.051757812500000000e-05 3.051757812500000000e-05
0.000000000000000000e+00 3.051757812500000000e-05 3.051757812500000000e-05
0.000000000000000000e+00 3.051757812500000000e-05 3.051757812500000000e-05
0.000000000000000000e+00 3.051757812500000000e-05 3.051757812500000000e-05
0.000000000000000000e+00 3.051757812500000000e-05 3.051757812500000000e-05
0.000000000000000000e+00 3.051757812500000000e-05 3.051757812500000000e-05
0.000000000000000000e+00 3.051757812500000000e-05 3.051757812500000000e-05
0.000000000000000000e+00 3.051757812500000000e-05 3.051757812500000000e-05
0.000000000000000000e+00 3.051757812500000000e-05 3.051757812500000000e-05
0.000000000000000000e+00 3.051757812500000000e-05 3.051757812500000000e-05
0.000000000000000000e+00 3.051757812500000000e-05 3.051757812500000000e-05
0.000000000000000000e+00 3.051757812500000000e-05 3.051757812500000000e-05
0.000000000000000000e+00 3.051757812500000000e-05 3.051757812500000000e-05
0.000000000000000000e+00 3.051757812500000000e-05 3.051757812500000000e-05
0.000000000000000000e+00 3.051757812500000000e-05 3.051757812500000000e-05
0.000000000000000000e+00 3.051757812500000000e-05 3.051757812500000000e-05
0.000000000000000000e+00 3.051757812500000000e-05 3.051757812500000000e-05
0.000000000000000000e+00 3.051757812500000000e-05 3.051757812500000000e-05
0.000000000000000000e+00 3.051757812500000000e-05 3.051757812500000000e-05
0.000000000000000000e+00 3.051757812500000000e-05 3.051757812500000000e-05
0.000000000000000000e+00 3.051757812500000000e-05 3.051757812500000000e-05
0.000000000000000000e+00 3.051757812500000000e-05 3.051757812500000000e-05
0.000000000000000000e+00 3.051757812500000000e-05 3.051757812500000000e-05
0.000000000000000000e+00 3.051757812500000000e-05 3.051757812500000000e-05
0.000000000000000000e+00 3.051757812500000000e-05 3.051757812500000000e-05
0.000000000000000000e+00 3.051757812500000000e-05 3.051757812500000000e-05
0.000000000000000000e+00 3.051757812500000000e-05 3.051757812500000000e-05
0.000000000000000000e+00 3.051757812500000000e-05 3.051757812500000000e-05
0.000000000000000000e+00 3.051757812500000000e-05 3.051757812500000000e-05
0.000000000000000000e+00 3.051757812500000000e-05 3.051757812500000000e-05
0.000000000000000000e+00 3.051757812500000000e-05 3.051757812500000000e-05
0.000000000000000000e+00 3.051757812500000000e-05 3.051757812500000000e-05
0.000000000000000000e+00 3.051757812500000000e-05 3.051757812500000000e-05
0.000000000000000000e+00 3.051757812500000000e-05 3.051757812500000000e-05
0.000000000000000000e+00 3.051757812500000000e-05 3.051757812500000000e-05
0.000000000000000000e+00 3.051757812500000000e-05 3.051757812500000000e-05
0.000000000000000000e+00 3.051757812500000000e-05 3.051757812500000000e-05
0.000000000000000000e+00 3.051757812500000000e-05 3.051757812500000000e-05
0.000000000000000000e+00 3.051757812500000000e-05 3.051757812500000000e-05
0.000000000000000000e+00 3.051757812500000000e-05 3.051757812500000000e-05
0.000000000000000000e+00 3.051757812500000000e-05 3.051757812500000000e-05
0.000000000000000000e+00 3.051757812500000000e-05 3.051757812500000000e-05
0.000000000000000000e+00 3.051757812500000000e-05 3.051757812500000000e-05
0.000000000000000000e+00 3.051757812500000000e-05 3.051757812500000000e-05
0.000000000000000000e+00 3.051757812500000000e-05 3.051757812500000000e-05
0.000000000000000000e+00 3.051757812500000000e-05 3.051757812500000000e-05
0.000000000000000000e+00 3.051757812500000000e-05 3.051757812500000000e-05
0.000000000000000000e+00 3.051757812500000000e-05 3.051757812500000000e-05
0.000000000000000000e+00 3.051757812500000000e-05 3.051757812500000000e-05
0.000000000000000000e+00 3.051757812500000000e-05 3.051757812500000000e-05
0.000000000000000000e+00 3.051757812500000000e-05 3.051757812500000000e-05
0.000000000000000000e+00 3.051757812500000000e-05 3.051757812500000000e-05
0.000000000000000000e+00 3.051757812500000000e-05 3.051757812500000000e-05
0.000000000000000000e+00 3.051757812500000000e-05 3.051757812500000000e-05
0.000000000000000000e+00 3.051757812500000000e-05 3.051757812500000000e-05
0.000000000000000000e+00 3.051757812500000000e-05 3.051757812500000000e-05
0.000000000000000000e+00 3.051757812500000000e-05 3.051757812500000000e-05
0.000000000000000000e+00 3.051757812500000000e-05 3.051757812500000000e-05
0.000000000000000000e+00 3.051757812500000000e-05 3.051757812500000000e-05
0.000000000000000000e+00 3.051757812500000000e-05 3.051757812500000000e-05
0.000000000000000000e+00 3.051757812500000000e-05 3.051757812500000000e-05
0.000000000000000000e+00 3.051757812500000000e-05 3.051757812500000000e-05
0.000000000000000000e+00 3.051757812500000000e-05 3.051757812500000000e-05
0.000000000000000000e+00 3.051757812500000000e-05 3.051757812500000000e-05
0.000000000000000000e+00 3.051757812500000000e-05 3.051757812500000000e-05
0.000000000000000000e+00 3.051757812500000000e-05 3.051757812500000000e-05
0.000000000000000000e+00 3.051757812500000000e-05 3.051757812500000000e-05
0.000000000000000000e+00 3.051757812500000000e-05 3.051757812500000000e-05
0.000000000000000000e+00 3.051757812500000000e-05 3.051757812500000000e-05
0.000000000000000000e+00 3.051757812500000000e-05 3.051757812500000000e-05
0.000000000000000000e+00 3.051757812500000000e-05 3.051757812500000000e-05
0.000000000000000000e+00 3.051757812500000000e-05 3.051757812500000000e-05
0.000000000000000000e+00 3.051757812500000000e-05 3.051757812500000000e-05
0.000000000000000000e+00 3.051757812500000000e-05 3.051757812500000000e-05
0.000000000000000000e+00 3.051757812500000000e-05 3.051757812500000000e-05
0.000000000000000000e+00 3.051757812500000000e-05 3.051757812500000000e-05
0.000000000000000000e+00 3.051757812500000000e-05 3.051757812500000000e-05
0.000000000000000000e+00 3.051757812500000000e-05 3.051757812500000000e-05
0.000000000000000000e+00 3.051757812500000000e-05 3.051757812500000000e-05
0.000000000000000000e+00 3.051757812500000000e-05 3.051757812500000000e-05
0.000000000000000000e+00 3.051757812500000000e-05 3.051757812500000000e-05
0.000000000000000000e+00 3.051757812500000000e-05 3.051757812500000000e-05
0.000000000000000000e+00 3.051757812500000000e-05 3.051757812500000000e-05
0.000000000000000000e+00 3.051757812500000000e-05 3.051757812500000000e-05
0.000000000000000000e+00 3.051757812500000000e-05 3.051757812500000000e-05
0.000000000000000000e+00 3.051757812500000000e-05 3.051757812500000000e-05
0.000000000000000000e+00 3.051757812500000000e-05 3.051757812500000000e-05
0.000000000000000000e+00 3.051757812500000000e-05 3.051757812500000000e-05
0.000000000000000000e+00 3.051757812500000000e-05 3.051757812500000000e-05
0.000000000000000000e+00 3.051757812500000000e-05 3.051757812500000000e-05
0.000000000000000000e+00 3.051757812500000000e-05 3.051757812500000000e-05
0.000000000000000000e+00 3.051757812500000000e-05 3.051757812500000000e-05
0.000000000000000000e+00 3.051757812500000000e-05 3.051757812500000000e-05
0.000000000000000000e+00 3.051757812500000000e-05 3.051757812500000000e-05
0.000000000000000000e+00 3.051757812500000000e-05 3.051757812500000000e-05
0.000000000000000000e+00 3.051757812500000000e-05 3.051757812500000000e-05
0.000000000000000000e+00 3.051757812500000000e-05 3.051757812500000000e-05
0.000000000000000000e+00 3.051757812500000000e-05 3.051757812500000000e-05
0.000000000000000000e+00 3.051757812500000000e-05 3.051757812500000000e-05
0.000000000000000000e+00 3.051757812500000000e-05 3.051757812500000000e-05
0.000000000000000000e+00 3.051757812500000000e-05 3.051757812500000000e-05
0.000000000000000000e+00 3.051757812500000000e-05 3.051757812500000000e-05
0.000000000000000000e+00 3.051757812500000000e-05 3.051757812500000000e-05
0.000000000000000000e+00 3.051757812500000000e-05 3.051757812500000000e-05
0.000000000000000000e+00 3.051757812500000000e-05 3.051757812500000000e-05
0.000000000000000000e+00 3.051757812500000000e-05 3.051757812500000000e-05
0.000000000000000000e+00 3.051757812500000000e-05 3.051757812500000000e-05
0.000000000000000000e+00 3.051757812500000000e-05 3.051757812500000000e-05
0.000000000000000000e+00 3.051757812500000000e-05 3.051757812500000000e-05
0.000000000000000000e+00 3.051757812500000000e-05 3.051757812500000000e-05
0.000000000000000000e+00 3.051757812500000000e-05 3.051757812500000000e-05
0.000000000000000000e+00 3.051757812500000000e-05 3.051757812500000000e-05
0.000000000000000000e+00 3.051757812500000000e-05 3.051757812500000000e-05
0.000000000000000000e+00 3.051757812500000000e-05 3.051757812500000000e-05
0.000000000000000000e+00 3.051757812500000000e-05 3.051757812500000000e-05
0.000000000000000000e+00 3.051757812500000000e-05 3.051757812500000000e-05
0.000000000000000000e+00 3.051757812500000000e-05 3.051757812500000000e-05
0.000000000000000000e+00 3.051757812500000000e-05 3.051757812500000000e-05
0.000000000000000000e+00 3.051757812500000000e-05 3.051757812500000000e-05
0.000000000000000000e+00 3.051757812500000000e-05 3.051757812500000000e-05
0.000000000000000000e+00 3.051757812500000000e-05 3.051757812500000000e-05
0.000000000000000000e+00 3.051757812500000000e-05 3.051757812500000000e-05
0.000000000000000000e+00 3.051757812500000000e-05 3.051757812500000000e-05
0.000000000000000000e+00 3.051757812500000000e-05 3.051757812500000000e-05
0.000000000000000000e+00 3.051757812500000000e-05 3.051757812500000000e-05
0.000000000000000000e+00 3.051757812500000000e-05 3.051757812500000000e-05
0.000000000000000000e+00 3.051757812500000000e-05 3.051757812500000000e-05
0.000000000000000000e+00 3.051757812500000000e-05 3.051757812500000000e-05
0.000000000000000000e+00 3.051757812500000000e-05 3.051757812500000000e-05
0.000000000000000000e+00 3.051757812500000000e-05 3.051757812500000000e-05
0.000000000000000000e+00 3.051757812500000000e-05 3.051757812500000000e-05
0.000000000000000000e+00 3.051757812500000000e-05 3.051757812500000000e-05
0.000000000000000000e+00 3.051757812500000000e-05 3.051757812500000000e-05
0.000000000000000000e+00 3.051757812500000000e-05 3.051757812500000000e-05
0.000000000000000000e+00 3.051757812500000000e-05 3.051757812500000000e-05
0.000000000000000000e+00 3.051757812500000000e-05 3.051757812500000000e-05
0.000000000000000000e+00 3.051757812500000000e-05 3.051757812500000000e-05
0.000000000000000000e+00 3.051757812500000000e-05 3.051757812500000000e-05
0.000000000000000000e+00 3.051757812500000000e-05 3.051757812500000000e-05
0.000000000000000000e+00 3.051757812500000000e-05 3.051757812500000000e-05
0.000000000000000000e+00 3.051757812500000000e-05 3.051757812500000000e-05
0.000000000000000000e+00 3.051757812500000000e-05 3.051757812500000000e-05
0.000000000000000000e+00 3.051757812500000000e-05 3.051757812500000000e-05
0.000000000000000000e+00 3.051757812500000000e-05 3.051757812500000000e-05
0.000000000000000000e+00 3.051757812500000000e-05 3.051757812500000000e-05
0.000000000000000000e+00 3.051757812500000000e-05 3.051757812500000000e-05
0.000000000000000000e+00 3.051757812500000000e-05 3.051757812500000000e-05
0.000000000000000000e+00 3.051757812500000000e-05 3.051757812500000000e-05
0.000000000000000000e+00 3.051757812500000000e-05 3.051757812500000000e-05
0.000000000000000000e+00 3.051757812500000000e-05 3.051757812500000000e-05
0.000000000000000000e+00 3.051757812500000000e-05 3.051757812500000000e-05
0.000000000000000000e+00 3.051757812500000000e-05 3.051757812500000000e-05
0.000000000000000000e+00 3.051757812500000000e-05 3.051757812500000000e-05
0.000000000000000000e+00 3.051757812500000000e-05 3.051757812500000000e-05
0.000000000000000000e+00 3.051757812500000000e-05 3.051757812500000000e-05
0.000000000000000000e+00 3.051757812500000000e-05 3.051757812500000000e-05
0.000000000000000000e+00 3.051757812500000000e-05 3.051757812500000000e-05
0.000000000000000000e+00 3.051757812500000000e-05 2.751770019531250000e-01
0.000000000000000000e+00 3.051757812500000000e-05 9.418640136718750000e-01
0.000000000000000000e+00 3.051757812500000000e-05 1.000000000000000000e+00
0.000000000000000000e+00 3.051757812500000000e-05 1.000000000000000000e+00
0.000000000000000000e+00 3.051757812500000000e-05 1.000000000000000000e+00
0.000000000000000000e+00 3.051757812500000000e-05 1.000000000000000000e+00
0.000000000000000000e+00 3.051757812500000000e-05 1.000000000000000000e+00
0.000000000000000000e+00 3.051757812500000000e-05 1.000000000000000000e+00
0.000000000000000000e+00 3.051757812500000000e-05 1.000000000000000000e+00
0.000000000000000000e+00 3.051757812500000000e-05 1.000000000000000000e+00
0.000000000000000000e+00 3.051757812500000000e-05 2.326660156250000000e-01
0.000000000000000000e+00 3.051757812500000000e-05 3.051757812500000000e-05
0.000000000000000000e+00 3.051757812500000000e-05 3.051757812500000000e-05
0.000000000000000000e+00 3.051757812500000000e-05 3.051757812500000000e-05
0.000000000000000000e+00 3.051757812500000000e-05 3.051757812500000000e-05
1.896709115613337826e-01 -5.041626114121940637e-03 3.314467655639609205e-03
9.955936556182771735e-01 -5.242109062740155784e-02 3.398824843079619601e-02
9.960348992618135444e-01 -4.956944834792390703e-02 3.214536353248700212e-02
9.979419137346162705e-01 -3.479770853526806262e-02 2.261595328577425609e-02
9.991569482452654638e-01 -2.102447045534300632e-02 1.369781594924779876e-02
9.998343284014553634e-01 -7.141207984717352908e-03 4.690334584491769217e-03
9.999839583158033340e-01 1.650294377668430970e-02 1.069265432064731014e-02
9.999834190921641497e-01 2.959724810668840772e-02 4.706260982116688626e-04
9.999694824218750000e-01 3.027343750000000000e-02 3.051757812500000000e-05
9.999694824218750000e-01 3.817749023437500000e-02 3.051757812500000000e-05
9.999694824218750000e-01 3.289794921875000000e-02 3.051757812500000000e-05
9.999694824218750000e-01 3.289794921875000000e-02 3.051757812500000000e-05
9.999694824218750000e-01 3.289794921875000000e-02 3.051757812500000000e-05
9.999694824218750000e-01 3.289794921875000000e-02 3.051757812500000000e-05
9.999694824218750000e-01 5.133056640625000000e-02 3.051757812500000000e-05
9.999694824218750000e-01 1.605529785156250000e-01 3.051757812500000000e-05
1.007265558672065797e+00 2.251588765675837100e-01 2.420020996627319371e-02
1.025142875603587411e+00 2.837807394867390420e-01 7.592960204989319950e-02
1.028561290144624829e+00 3.084611119163886972e-01 7.915634671810466150e-02
1.048127195870044881e+00 3.659284731280951775e-01 1.232656558492650489e-01
1.043392345845287617e+00 4.930222569308361225e-01 2.778630612851675230e-01
9.999694824218750000e-01 6.487121582031250000e-01 5.011291503906250000e-01
9.999694824218750000e-01 6.487121582031250000e-01 7.975463867187500000e-01
9.999694824218750000e-01 6.487121582031250000e-01 8.702697753906250000e-01
9.999694824218750000e-01 6.065979003906250000e-01 9.284362792968750000e-01
9.999694824218750000e-01 5.000000000000000000e-01 9.284362792968750000e-01
9.999694824218750000e-01 3.934326171875000000e-01 9.284362792968750000e-01
9.999694824218750000e-01 3.697509765625000000e-01 9.284362792968750000e-01
9.999694824218750000e-01 3.500061035156250000e-01 9.284362792968750000e-01
9.999694824218750000e-01 3.250122070312500000e-01 9.284362792968750000e-01
9.999694824218750000e-01 2.197570800781250000e-01 9.284362792968750000e-01
9.999694824218750000e-01 1.815795898437500000e-01 9.049377441406250000e-01
9.999694824218750000e-01 1.236877441406250000e-01 8.299865722656250000e-01
9.999694824218750000e-01 9.869384765625000000e-02 5.816650390625000000e-01
9.999694824218750000e-01 3.817749023437500000e-02 3.051757812500000000e-05
9.999694824218750000e-01 2.896118164062500000e-02 3.051757812500000000e-05
9.999694824218750000e-01 2.502441406250000000e-02 3.051757812500000000e-05
9.999694824218750000e-01 2.502441406250000000e-02 3.051757812500000000e-05
9.999694824218750000e-01 3.051757812500000000e-05 3.051757812500000000e-05
9.999694824218750000e-01 3.051757812500000000e-05 3.051757812500000000e-05
9.999694824218750000e-01 1.580810546875000000e-02 3.051757812500000000e-05
9.999694824218750000e-01 5.923461914062500000e-02 3.051757812500000000e-05
9.999694824218750000e-01 9.738159179687500000e-02 3.051757812500000000e-05
9.999694824218750000e-01 1.408081054687500000e-01 3.051757812500000000e-05
9.999694824218750000e-01 1.513366699218750000e-01 3.051757812500000000e-05
9.999694824218750000e-01 2.026367187500000000e-01 3.051757812500000000e-05
9.999694824218750000e-01 2.473754882812500000e-01 3.051757812500000000e-05
9.999694824218750000e-01 2.631835937500000000e-01 3.051757812500000000e-05
9.999694824218750000e-01 3.434448242187500000e-01 3.051757812500000000e-05
9.999694824218750000e-01 3.802795410156250000e-01 3.051757812500000000e-05
9.999694824218750000e-01 3.815917968750000000e-01 3.051757812500000000e-05
9.999694824218750000e-01 3.829040527343750000e-01 3.051757812500000000e-05
9.999694824218750000e-01 3.671264648437500000e-01 9.844970703125000000e-02
9.999694824218750000e-01 3.671264648437500000e-01 5.391540527343750000e-01
9.999694824218750000e-01 3.671264648437500000e-01 7.785339355468750000e-01
9.999694824218750000e-01 3.671264648437500000e-01 9.194641113281250000e-01
9.999694824218750000e-01 3.881835937500000000e-01 9.541625976562500000e-01
9.999694824218750000e-01 4.013366699218750000e-01 9.866027832031250000e-01
9.999694824218750000e-01 4.013366699218750000e-01 9.877014160156250000e-01
9.999694824218750000e-01 4.013366699218750000e-01 9.866027832031250000e-01
9.999694824218750000e-01 4.013366699218750000e-01 9.866027832031250000e-01
9.999694824218750000e-01 4.013366699218750000e-01 9.664611816406250000e-01
9.999694824218750000e-01 4.013366699218750000e-01 8.601989746093750000e-01
9.999694824218750000e-01 4.013366699218750000e-01 6.845703125000000000e-01
9.999694824218750000e-01 4.013366699218750000e-01 4.150085449218750000e-01
9.999694824218750000e-01 4.013366699218750000e-01 3.356933593750000000e-03
9.999694824218750000e-01 4.276428222656250000e-01 3.051757812500000000e-05
9.999694824218750000e-01 4.394836425781250000e-01 3.051757812500000000e-05
9.999694824218750000e-01 4.671325683593750000e-01 3.051757812500000000e-05
9.999694824218750000e-01 6.658020019531250000e-01 3.051757812500000000e-05
9.999694824218750000e-01 8.552856445312500000e-01 3.051757812500000000e-05
9.999694824218750000e-01 9.276428222656250000e-01 3.051757812500000000e-05
9.954833984375000000e-01 1.000000000000000000e+00 3.051757812500000000e-05
9.625549316406250000e-01 1.000000000000000000e+00 3.051757812500000000e-05
8.607482910156250000e-01 1.000000000000000000e+00 3.051757812500000000e-05
7.978820800781250000e-01 1.000000000000000000e+00 3.051757812500000000e-05
8.008728027343750000e-01 1.000000000000000000e+00 3.051757812500000000e-05
7.919006347656250000e-01 1.000000000000000000e+00 3.051757812500000000e-05
7.904052734375000000e-01 1.000000000000000000e+00 3.051757812500000000e-05
7.889099121093750000e-01 1.000000000000000000e+00 3.051757812500000000e-05
6.751403808593750000e-01 1.000000000000000000e+00 3.051757812500000000e-05
6.302185058593750000e-01 1.000000000000000000e+00 3.051757812500000000e-05
6.361999511718750000e-01 1.000000000000000000e+00 3.051757812500000000e-05
5.164489746093750000e-01 1.000000000000000000e+00 3.051757812500000000e-05
5.134582519531250000e-01 1.000000000000000000e+00 3.051757812500000000e-05
4.430847167968750000e-01 1.000000000000000000e+00 3.051757812500000000e-05
3.487854003906250000e-01 1.000000000000000000e+00 3.051757812500000000e-05
3.487854003906250000e-01 1.000000000000000000e+00 3.051757812500000000e-05
3.368225097656250000e-01 1.000000000000000000e+00 3.051757812500000000e-05
2.589721679687500000e-01 1.000000000000000000e+00 3.051757812500000000e-05
2.574768066406250000e-01 1.000000000000000000e+00 3.051757812500000000e-05
2.559814453125000000e-01 1.000000000000000000e+00 3.051757812500000000e-05
2.559814453125000000e-01 1.000000000000000000e+00 3.051757812500000000e-05
2.559814453125000000e-01 1.000000000000000000e+00 3.051757812500000000e-05
1.781311035156250000e-01 1.000000000000000000e+00 3.051757812500000000e-05
1.781311035156250000e-01 1.000000000000000000e+00 3.051757812500000000e-05
1.781311035156250000e-01 1.000000000000000000e+00 3.051757812500000000e-05
1.422119140625000000e-01 1.000000000000000000e+00 3.051757812500000000e-05
4.182955026046519809e-02 9.965508189277006990e-01 3.223901135612557145e-02
3.151340543932679844e-02 9.979269150657827936e-01 2.427985227629457163e-02
-1.483666346370554612e-02 9.960205753543049934e-01 6.261055452304004065e-02
-9.235077583515344246e-02 9.941468870891334575e-01 1.410502812593097677e-01
-1.081753011792496444e-01 9.973045276215719568e-01 1.392751324500144938e-01
-1.217220488176319892e-01 1.000383501758277394e+00 1.337664806498003456e-01
-1.309576258491384759e-01 1.003083782136072744e+00 1.222835950014535267e-01
-1.303234090772051879e-01 1.004664929494242687e+00 9.804050731327031143e-02
-1.420585191204283282e-01 1.006249544123936968e+00 8.933136406712781363e-02
-1.537795440917645584e-01 1.007432455277879946e+00 8.047562930979550166e-02
-1.655340402555460222e-01 1.008203521774341471e+00 7.149410901088232295e-02
-1.773188613382025436e-01 1.008556381089226406e+00 6.238441290731330802e-02
-1.891216928395623997e-01 1.008483388848804285e+00 5.315592631859462208e-02
-2.110373411514889774e-01 1.010162723915614347e+00 5.581222214689569167e-02
-2.785165013781942256e-01 1.022793267358282465e+00 1.113631013902668526e-01
-3.271809998151031795e-01 1.032517133268614051e+00 1.430882627978259936e-01
-3.811415599112567554e-01 1.044562339559100383e+00 1.784050174003691813e-01
-4.546593131561212919e-01 1.063379567939137349e+00 2.326408554582131416e-01
-5.054363181526106974e-01 1.076211815683380868e+00 2.582440184260386129e-01
-5.429141401067747452e-01 1.059545667672957991e+00 2.742900431832780428e-01
-5.621506271114236064e-01 1.061521568291677653e+00 2.617677199422979717e-01
-5.815256629109126774e-01 1.062680325233122058e+00 2.489283663050394779e-01
-6.008097870152457887e-01 1.063101639184274028e+00 2.356690776081750704e-01
-5.864232161376500274e-01 1.075355300375852696e+00 1.804688941992058648e-01
-1.942858648210208372e-01 1.240598790790512496e+00 -3.432521692009873338e-01
-2.023728662903571118e-01 1.255768091932088826e+00 -3.730057679022213968e-01
-2.228496389227030416e-01 1.265011426618813051e+00 -3.948119626743517019e-01
-2.436143681220971358e-01 1.273041215623577749e+00 -4.162948471736943601e-01
-2.649375006750542827e-01 1.280031898492455467e+00 -4.383582838816943994e-01
-2.868317461088079057e-01 1.285915733748549394e+00 -4.609145927233363471e-01
-3.092729124624634673e-01 1.290624790540849220e+00 -4.839366294626735732e-01
-3.297245646579255451e-01 1.286399232642092549e+00 -5.050483880410299165e-01
-3.625622425458555620e-01 1.240932489029278996e+00 -4.855598520277948360e-01
-3.562078617143977777e-01 1.125416758068872980e+00 -4.550840023380762212e-01
-3.395117663946083386e-01 9.720737356974273879e-01 -3.978680302821665515e-01
-3.053730876514840764e-01 8.385585191385559467e-01 -3.622673162411352843e-01
-2.502414581188782128e-01 6.756970366481045431e-01 -3.128776994814354007e-01
-2.309229592951829169e-01 6.100147111238408693e-01 -2.964531545947579616e-01
-2.410998289776355996e-01 6.178718250754872132e-01 -3.069792694539321687e-01
-6.068613294999958274e-01 3.143751235522342369e-01 3.582667438510750424e-01
-5.899824997353597666e-01 2.728590078893688986e-01 3.727328978239922708e-01
-6.009345656064321028e-01 2.710912455071025073e-01 3.714904136575350457e-01
-6.110753280250051933e-01 2.694667961435192050e-01 3.700297858421306985e-01
-6.212023059796912827e-01 2.676487190347331402e-01 3.684444522808881239e-01
-6.379451753751670395e-01 2.798882926582840214e-01 3.600961023863761268e-01
-6.627085508171828288e-01 3.092371490970474701e-01 3.431057069181817631e-01
-6.742458589392277268e-01 3.100660577259503059e-01 3.389759184592486263e-01
-6.863144556729583456e-01 3.116767695276633776e-01 3.339698859169696887e-01
-6.964718073879502258e-01 3.089883954659610188e-01 3.307543663504029507e-01
-7.065953128265483052e-01 3.061536992268056867e-01 3.273311867409492426e-01
-6.100980619081439738e-01 4.171438000139421898e-01 1.237181089193087336e-01
-1.021817572056430423e-01 5.593232404247101552e-01 -4.567415735720304903e-01
3.166471043837736921e-01 3.565826681946551724e-01 -6.231081014998003376e-01
3.119909334481675289e-01 3.577192447367481543e-01 -6.317660273737615295e-01
3.095011112199849701e-01 3.561300462920163890e-01 -6.420068885656149416e-01
3.072661321047873151e-01 3.540892529644917297e-01 -6.520437730685877398e-01
3.049005366594335631e-01 3.518211918980321817e-01 -6.621474631116850418e-01
3.023729672416600178e-01 3.493497971029084215e-01 -6.722970360675736279e-01
2.996771575046336955e-01 3.466710273420816613e-01 -6.824877936524567090e-01
2.968092765484851014e-01 3.437798342361369497e-01 -6.927123606511005338e-01
2.937656252273662671e-01 3.406711568249790045e-01 -7.029630727570794768e-01
2.905426119956107667e-01 3.373400524794188948e-01 -7.132318030688735710e-01
2.871367617922764848e-01 3.337817093445798466e-01 -7.235099851519048997e-01
2.835447504678436093e-01 3.299914925328120696e-01 -7.337885496864348100e-01
2.797634031075325045e-01 3.259649451783850349e-01 -7.440579894942933592e-01
2.757897279425159387e-01 3.216978325476464451e-01 -7.543083115894704260e-01
2.716209285689328290e-01 3.171861609742079313e-01 -7.645290616535227457e-01
2.584999082292683825e-01 3.173536839007345400e-01 -7.711562452305731341e-01
4.337681735744813860e-02 3.064196236436776966e-01 -5.156250426977939672e-01
-1.212266979006708656e-01 3.412646637057112908e-01 -3.757030265005233405e-01
-1.252654059641976625e-01 3.454057897590242510e-01 -3.858151269526397531e-01
-7.045748843100008152e-02 2.897251375969540632e-01 -3.799735864940392283e-01
1.199615844926138486e-02 2.230211189086185319e-01 -3.915221792875162032e-01
3.636562925841735350e-02 2.047703306587824734e-01 -4.017191293819701858e-01
9.099677184573629063e-02 1.571804231677369490e-01 -4.042283385313981681e-01
1.362576705304385793e-01 1.202807731202826247e-01 -4.112282307556922589e-01
2.325160001462787118e-01 4.211594739983137714e-02 -4.187496001252200006e-01
2.519558368072581933e-01 2.473619812459337819e-02 -4.233602580466322429e-01
3.312573921261262599e-01 -2.999372587878346152e-02 -4.494171657680042786e-01
3.373782534593046112e-01 -3.593543500984242023e-02 -4.573325907284427894e-01
3.429515554160109669e-01 -4.058184568098166523e-02 -4.684888235855049210e-01
3.471428864045701390e-01 -4.469340283313472106e-02 -4.793050472711677390e-01
3.485059470706668439e-01 -4.723469343682196175e-02 -4.894070812592310471e-01
3.518953987774172676e-01 -5.135507054136689842e-02 -5.004954109158549214e-01
3.551648026435887395e-01 -5.566345969074404376e-02 -5.118081338437168171e-01
3.497416981019140225e-01 -7.010718881750455100e-02 -4.892878158083010520e-01
1.446776956303903461e-01 -3.127923884860098758e-01 3.411613398053067181e-01
1.503075842359061776e-01 -3.125688825160635176e-01 3.348275593637490832e-01
1.499518125429323279e-01 -3.201994772454686000e-01 3.394173716339746183e-01
1.499811949245909437e-01 -3.271376927551596925e-01 3.429994738501563334e-01
1.498829415869742387e-01 -3.342960822291515255e-01 3.466508364364188077e-01
1.497066254677412722e-01 -3.415977970958208321e-01 3.502669306367901525e-01
1.494433034075386413e-01 -3.490506663749330940e-01 3.538527875912266807e-01
1.490896226808986480e-01 -3.566549551888458236e-01 3.574033141925152535e-01
1.158814428278691633e-01 -3.338205354685630510e-01 3.619668024715029242e-01
8.846051879452487832e-02 -3.212534639091813027e-01 3.753091732780843293e-01
8.589720474244477710e-02 -3.273462399428046510e-01 3.799074876954609548e-01
6.147692463812015617e-02 -3.097862145389232991e-01 3.807315566767175974e-01
5.508902433923479336e-02 -3.122227446183913901e-01 3.853954134685383393e-01
2.520417625262005856e-02 -2.877825461923131378e-01 3.848965565579023917e-01
-4.292764520762637481e-02 -2.240359549200587885e-01 3.840602863921239174e-01
-1.323256384093001170e-01 -1.427105024027570668e-01 3.912150280940189795e-01
-2.581700295735791517e-01 -2.020554220963532988e-02 3.940990226542350761e-01
-3.801940037768718472e-01 1.166907081093131460e-01 3.706441010113595835e-01
-5.145904304656233608e-01 2.754918033339821548e-01 3.320568868391938211e-01
-3.510421753310122295e-03 2.517630114143080688e-01 -3.775839504453910034e-01
2.754491387692424853e-01 2.774079995442654267e-01 -8.036184540426034584e-01
2.713919551006199748e-01 2.753828065765530075e-01 -8.091873726207039486e-01
2.653711355390215854e-01 2.696685939917553010e-01 -8.195180219302538038e-01
2.594388669396425207e-01 2.638545720791874438e-01 -8.293203313922922204e-01
2.532515963147848881e-01 2.577664969903258885e-01 -8.390371772902899261e-01
2.468323849806932369e-01 2.514273720040759996e-01 -8.486140421879273532e-01
2.401794387825631760e-01 2.448346219696171111e-01 -8.580393438890117075e-01
2.332935481055415372e-01 2.379886308030730591e-01 -8.672976041517977963e-01
2.261758049748017196e-01 2.308902163257798290e-01 -8.763733564865224812e-01
2.188278733092826889e-01 2.235408534013200443e-01 -8.852508632961333390e-01
2.112519787256586512e-01 2.159426693154165855e-01 -8.939142100586288109e-01
2.034509428540192122e-01 2.080984815264843302e-01 -9.023473426734840430e-01
1.954282025962068570e-01 2.000118207470774068e-01 -9.105341262207320430e-01
1.871878172905745707e-01 1.916869416398055137e-01 -9.184584164817868324e-01
1.787344968891435570e-01 1.831288534260037404e-01 -9.261041112155190547e-01
1.700735961038320199e-01 1.743433165050191080e-01 -9.334552347521275495e-01
1.612111421442322112e-01 1.653368719690334887e-01 -9.404959917914978984e-01
8.338218335301050832e-02 1.985960406001699430e-01 -8.745508389956206940e-01
-1.594674245236673560e-01 3.800156789014130787e-01 -7.597111877804816338e-01
-1.563955054445027582e-01 3.593601250648686962e-01 -7.532721494144887231e-01
-1.777102328672558462e-01 3.695388789714652011e-01 -7.731617094142910762e-01
-1.732625155530977956e-01 3.523117446923700324e-01 -7.849938117463797216e-01
-1.859727623644092942e-01 3.533599746386285601e-01 -8.083416996613961292e-01
-1.994672406634543371e-01 3.526018769104047879e-01 -8.243965384615685732e-01
-2.093596023344600487e-01 3.473649892004190276e-01 -8.401369625525825224e-01
-2.202762032600429354e-01 3.421769266285371591e-01 -8.557506561746023310e-01
-2.420805479133052440e-01 3.462056807905966593e-01 -8.730676931256510231e-01
-2.578355010887988241e-01 3.435228249221067287e-01 -8.889040045729776907e-01
-2.718114581551337450e-01 3.381047487005136576e-01 -9.042261835268253778e-01
-2.720835602530761177e-01 3.196775469791859337e-01 -9.176287907059242910e-01
-2.394119182626940345e-01 2.725346353657366327e-01 -9.307597497494115579e-01
-2.284214785754236088e-01 2.440936209729456241e-01 -9.448485125275896124e-01
-2.268088853054753828e-01 2.236133312490148350e-01 -9.599342560649551936e-01
-1.674544968212089424e-01 1.549156041153429975e-01 -9.741430043758849688e-01
-1.558958584724329244e-01 1.257732419756841802e-01 -9.897052525416967228e-01
-1.344855950524509458e-01 8.842989690508851197e-02 -1.005419245899337843e+00
-1.000117304455511169e-01 3.999476060316131676e-02 -1.021037625907428525e+00
-1.138072498392275200e-01 3.003721903644440694e-02 -1.036282154897504970e+00
-1.126892123644996913e-01 7.265572142148624124e-03 -1.051623812079637510e+00
-1.328349944955005135e-01 7.631245368853178945e-04 -1.065322356954617300e+00
-1.464957008295647567e-01 -1.189837691719819457e-02 -1.079586095642941945e+00
-1.604987354565939883e-01 -2.516604297052260630e-02 -1.093149661354417823e+00
-1.065339221070135123e-01 5.268440636832738555e-02 -1.186895178537136913e-01
-1.098197959260156509e-01 4.961556231503350123e-02 -1.356832382992430031e-01
-1.226193112073502567e-01 5.967970685877810322e-02 -1.340339851223893430e-01
-1.438911942293200630e-01 7.570079220128900221e-02 -1.346671845290775826e-01
-1.737358261885457722e-01 9.758708382223413302e-02 -1.394988389271443197e-01
-2.494407227259249904e-01 1.565217085533062713e-01 -1.360766773735339330e-01
-2.543228773181060998e-01 1.585693912742937028e-01 -1.380108076334838618e-01
-2.720208383203622793e-01 1.699481384867526090e-01 -1.398849839966648245e-01
-2.804106564263196821e-01 1.739181999590756478e-01 -1.419467930663524113e-01
-2.890677344417429406e-01 1.780947719227762294e-01 -1.427048080851904543e-01
-2.899517794116929226e-01 1.759024180191228748e-01 -1.454041345956275100e-01
-2.932419904357334017e-01 1.755405895804182936e-01 -1.475501491777462537e-01
-2.652791709835716771e-01 1.505601599396919621e-01 -1.578769251194458711e-01
-2.426475905073774975e-01 1.315857604837150641e-01 -1.591354937557084015e-01
-1.751985151300977650e-01 8.037422758443280024e-02 -1.620360441154562736e-01
-2.093118796808126625e-01 -6.281488275034941005e-03 -7.148757782876792310e-01
-2.463000734786929824e-01 -6.874400792287715944e-02 -1.143193989409917677e+00
-2.357117509052034099e-01 -9.468663696789347828e-02 -1.151113322850293219e+00
-2.499424006239141516e-01 -1.132576378412921692e-01 -1.162401878844442571e+00
-2.697335769402903205e-01 -1.272437335669915903e-01 -1.170547963490239374e+00
-2.838473140691879504e-01 -1.464971033329381944e-01 -1.180033983648162588e+00
-3.003625453497699160e-01 -1.644136325872890270e-01 -1.187854815936424391e+00
-3.160238677368475413e-01 -1.836336094338905101e-01 -1.195266524675907327e+00
-3.313471418728142770e-01 -2.037004350300641864e-01 -1.202073087449560873e+00
-3.637644753723976998e-01 -2.090272343234178543e-01 -1.198933029724156274e+00
-3.780396794472070665e-01 -2.303614048552723448e-01 -1.204037383508059333e+00
-3.927071907767140657e-01 -2.484825965642348811e-01 -1.207050466980616799e+00
-4.055980448967095864e-01 -2.654444091083058010e-01 -1.209383999819461319e+00
-4.173666148376523610e-01 -2.809275392645710356e-01 -1.210953430595545388e+00
-4.281190936538250558e-01 -2.950779772824758673e-01 -1.211923635858800585e+00
-4.379599809145559020e-01 -3.080275114857142782e-01 -1.212424847921439897e+00
-2.488002220044094326e-01 -2.709310738845560618e-02 -3.590227086922009314e-01
-2.538621218423521286e-01 -3.224112543158796917e-02 -3.655752172850262327e-01
-2.580085716517722672e-01 -3.456604644308769458e-02 -3.689903239202150242e-01
-2.623218294140979290e-01 -3.717287721345174933e-02 -3.726155726107092114e-01
-2.666794784943962160e-01 -3.984369236844464979e-02 -3.762076465970304318e-01
-2.710563036927253755e-01 -4.254016645027036692e-02 -3.797249361916930077e-01
-2.308583048783653391e-01 -8.447847956968856931e-02 -4.018572330145194771e-01
-2.064242984779927070e-01 -1.115378767449166642e-01 -4.162286917130483266e-01
-1.288795369623174647e-01 -1.684245881161668956e-01 -4.227378141575256487e-01
-2.706343835330043968e-02 -2.394668578887196864e-01 -4.272123630408489192e-01
2.228222589946637910e-02 -2.678192253349154228e-01 -4.165902156796071343e-01
8.676694271009260939e-02 -3.032446134938731053e-01 -4.005500573631848860e-01
1.825626141331731511e-01 -3.541617288935432484e-01 -3.750848712201999002e-01
2.427247558562547480e-01 -3.880653101242503844e-01 -3.590960291739276333e-01
2.440546689858401619e-01 -3.937220959300531398e-01 -3.596972883244056174e-01
2.232739417868932486e-01 -3.887078908831258506e-01 -3.667762733039555689e-01
-3.462228621679985796e-01 1.141976771617709274e-01 -1.789583940909410809e-01
0.000000000000000000e+00 3.051757812500000000e-05 3.051757812500000000e-05
0.000000000000000000e+00 3.051757812500000000e-05 3.051757812500000000e-05
0.000000000000000000e+00 3.051757812500000000e-05 3.051757812500000000e-05
0.000000000000000000e+00 3.051757812500000000e-05 3.051757812500000000e-05
0.000000000000000000e+00 3.051757812500000000e-05 3.051757812500000000e-05
0.000000000000000000e+00 3.051757812500000000e-05 3.051757812500000000e-05
0.000000000000000000e+00 3.051757812500000000e-05 3.051757812500000000e-05
0.000000000000000000e+00 3.051757812500000000e-05 3.051757812500000000e-05
0.000000000000000000e+00 3.051757812500000000e-05 3.051757812500000000e-05
0.000000000000000000e+00 3.051757812500000000e-05 3.051757812500000000e-05
0.000000000000000000e+00 3.051757812500000000e-05 3.051757812500000000e-05
0.000000000000000000e+00 3.051757812500000000e-05 3.051757812500000000e-05
0.000000000000000000e+00 3.051757812500000000e-05 3.051757812500000000e-05
0.000000000000000000e+00 3.051757812500000000e-05 3.051757812500000000e-05
0.000000000000000000e+00 3.051757812500000000e-05 3.051757812500000000e-05
0.000000000000000000e+00 3.051757812500000000e-05 3.051757812500000000e-05
0.000000000000000000e+00 3.051757812500000000e-05 3.051757812500000000e-05
0.000000000000000000e+00 3.051757812500000000e-05 3.051757812500000000e-05
0.000000000000000000e+00 3.051757812500000000e-05 3.051757812500000000e-05
0.000000000000000000e+00 3.051757812500000000e-05 3.051757812500000000e-05
0.000000000000000000e+00 3.051757812500000000e-05 3.051757812500000000e-05
0.000000000000000000e+00 3.051757812500000000e-05 3.051757812500000000e-05
0.000000000000000000e+00 3.051757812500000000e-05 3.051757812500000000e-05
0.000000000000000000e+00 3.051757812500000000e-05 3.051757812500000000e-05
0.000000000000000000e+00 3.051757812500000000e-05 3.051757812500000000e-05
0.000000000000000000e+00 3.051757812500000000e-05 3.051757812500000000e-05
0.000000000000000000e+00 3.051757812500000000e-05 3.051757812500000000e-05
1.875443592268228113e-02 2.594073293577314060e-02 9.012626767740898603e-02
2.296319085089827683e-01 3.173346040154022552e-01 8.021145380298899674e-01
2.291241681573051303e-01 3.166692359573793358e-01 8.032255234749574591e-01
2.243181706401386200e-01 3.103990501842572858e-01 8.133900326750733711e-01
2.196011182036477494e-01 3.042915888348733389e-01 8.228110988761356825e-01
2.147011043024227295e-01 2.978937066554591673e-01 8.321677965038444258e-01
2.096331343003904613e-01 2.912375075610222352e-01 8.414030587034501130e-01
2.043954703190745126e-01 2.843185945632274447e-01 8.505091690465890197e-01
1.989882618327028230e-01 2.771375276182234670e-01 8.594727864114724003e-01
1.934119130251517604e-01 2.696941277161998274e-01 8.682814050626663782e-01
1.876653782308196072e-01 2.619883997422466915e-01 8.769233428874559921e-01
1.817517401396291366e-01 2.540216059227297651e-01 8.853841406897819954e-01
1.756720159103966339e-01 2.457964623994033371e-01 8.936498983230860560e-01
1.694283779487804342e-01 2.373155859929866329e-01 9.017067444379458507e-01
1.630230301165701001e-01 2.285817715441700870e-01 9.095411558594482804e-01
1.564585406772576182e-01 2.195988064391782291e-01 9.171393347814176256e-01
1.497383235052521244e-01 2.103717437777848642e-01 9.244870114138851180e-01
1.428653486991119104e-01 2.009046290936660761e-01 9.315711607669100447e-01
1.358434983566717824e-01 1.912031631793371933e-01 9.383780953612606002e-01
1.286770187534556353e-01 1.812736437472382556e-01 9.448943299983458832e-01
1.213705774231291362e-01 1.711230642657268486e-01 9.511065658002803014e-01
1.139292613487120909e-01 1.607591137691338212e-01 9.570017484668476015e-01
1.063585845040625338e-01 1.501901910766489101e-01 9.625671182949477878e-01
9.866446135446720056e-02 1.394253679792854528e-01 9.677902861591882733e-01
9.085307224328191544e-02 1.284743827665720817e-01 9.726593125119153971e-01
8.293094692268576651e-02 1.173471155129254401e-01 9.771628691026957858e-01
7.490314289253807711e-02 1.060504605246685161e-01 9.812912315745871972e-01
6.677982340592722443e-02 9.460201336730904298e-02 9.850319558105852247e-01
5.856527401463840210e-02 8.300774459123896887e-02 9.883770254627266549e-01
5.027135811551625144e-02 7.128681390943113205e-02 9.913155125596117001e-01
4.190506988895324747e-02 5.945026570666264720e-02 9.938397292457898935e-01
3.348017498665956798e-02 4.751999315284247127e-02 9.959408923498797028e-01
2.500126016585763056e-02 3.550334071090838206e-02 9.976139420312480910e-01
1.647803225873300387e-02 2.341576577453381366e-02 9.988530964405555324e-01
7.921346900910243224e-03 1.127453821720640972e-02 9.996535407720961164e-01
0.000000000000000000e+00 3.051757812500000000e-05 1.000000000000000000e+00
0.000000000000000000e+00 3.051757812500000000e-05 1.000000000000000000e+00
0.000000000000000000e+00 3.051757812500000000e-05 1.000000000000000000e+00
0.000000000000000000e+00 3.051757812500000000e-05 1.000000000000000000e+00
0.000000000000000000e+00 3.051757812500000000e-05 1.000000000000000000e+00
0.000000000000000000e+00 3.051757812500000000e-05 1.000000000000000000e+00
0.000000000000000000e+00 3.051757812500000000e-05 1.000000000000000000e+00
0.000000000000000000e+00 3.051757812500000000e-05 1.000000000000000000e+00
0.000000000000000000e+00 3.051757812500000000e-05 1.000000000000000000e+00
0.000000000000000000e+00 3.051757812500000000e-05 1.000000000000000000e+00
0.000000000000000000e+00 3.051757812500000000e-05 1.000000000000000000e+00
0.000000000000000000e+00 3.051757812500000000e-05 1.000000000000000000e+00
0.000000000000000000e+00 3.051757812500000000e-05 1.000000000000000000e+00
0.000000000000000000e+00 3.051757812500000000e-05 1.000000000000000000e+00
0.000000000000000000e+00 3.051757812500000000e-05 1.000000000000000000e+00
0.000000000000000000e+00 3.051757812500000000e-05 1.000000000000000000e+00
0.000000000000000000e+00 3.051757812500000000e-05 1.000000000000000000e+00
0.000000000000000000e+00 3.051757812500000000e-05 1.000000000000000000e+00
0.000000000000000000e+00 3.051757812500000000e-05 1.000000000000000000e+00
0.000000000000000000e+00 3.051757812500000000e-05 1.000000000000000000e+00
0.000000000000000000e+00 3.051757812500000000e-05 1.000000000000000000e+00
0.000000000000000000e+00 3.051757812500000000e-05 1.000000000000000000e+00
0.000000000000000000e+00 3.051757812500000000e-05 1.000000000000000000e+00
0.000000000000000000e+00 3.051757812500000000e-05 1.000000000000000000e+00
0.000000000000000000e+00 3.051757812500000000e-05 1.000000000000000000e+00
0.000000000000000000e+00 3.051757812500000000e-05 1.000000000000000000e+00
0.000000000000000000e+00 3.051757812500000000e-05 1.000000000000000000e+00
0.000000000000000000e+00 3.051757812500000000e-05 1.000000000000000000e+00
0.000000000000000000e+00 3.051757812500000000e-05 1.000000000000000000e+00
0.000000000000000000e+00 3.051757812500000000e-05 1.000000000000000000e+00
0.000000000000000000e+00 3.051757812500000000e-05 1.000000000000000000e+00
0.000000000000000000e+00 3.051757812500000000e-05 1.000000000000000000e+00
0.000000000000000000e+00 3.051757812500000000e-05 1.000000000000000000e+00
0.000000000000000000e+00 3.051757812500000000e-05 1.000000000000000000e+00
0.000000000000000000e+00 3.051757812500000000e-05 1.000000000000000000e+00
0.000000000000000000e+00 -1.484985351562500000e-01 1.000000000000000000e+00
1.345825195312500000e-02 -3.880004882812500000e-01 1.000000000000000000e+00
1.766357421875000000e-01 -6.921997070312500000e-01 1.000000000000000000e+00
5.583801269531250000e-01 -9.891967773437500000e-01 1.000000000000000000e+00
6.212463378906250000e-01 -9.916076660156250000e-01 1.000000000000000000e+00
6.212463378906250000e-01 -9.856262207031250000e-01 1.000000000000000000e+00
6.422119140625000000e-01 -9.784240722656250000e-01 1.000000000000000000e+00
6.631469726562500000e-01 -9.676513671875000000e-01 1.000000000000000000e+00
6.646423339843750000e-01 -9.676513671875000000e-01 1.000000000000000000e+00
6.646423339843750000e-01 -9.676513671875000000e-01 1.000000000000000000e+00
7.409973144531250000e-01 -8.981933593750000000e-01 1.000000000000000000e+00
9.161376953125000000e-01 -7.748413085937500000e-01 1.000000000000000000e+00
9.999694824218750000e-01 -6.191406250000000000e-01 1.000000000000000000e+00
9.999694824218750000e-01 -4.802246093750000000e-01 9.888305664062500000e-01
9.999694824218750000e-01 -4.478759765625000000e-01 6.297607421875000000e-01
9.999694824218750000e-01 -4.215393066406250000e-01 3.051757812500000000e-05
9.999694824218750000e-01 -4.143676757812500000e-01 3.051757812500000000e-05
9.999694824218750000e-01 -4.071655273437500000e-01 3.051757812500000000e-05
9.999694824218750000e-01 -4.107666015625000000e-01 3.051757812500000000e-05
9.999694824218750000e-01 -4.838256835937500000e-01 3.051757812500000000e-05
9.999694824218750000e-01 -4.814147949218750000e-01 3.051757812500000000e-05
9.999694824218750000e-01 -4.814147949218750000e-01 3.051757812500000000e-05
9.999694824218750000e-01 -4.802246093750000000e-01 3.051757812500000000e-05
9.999694824218750000e-01 -4.802246093750000000e-01 3.051757812500000000e-05
9.999694824218750000e-01 -4.862060546875000000e-01 3.051757812500000000e-05
9.999694824218750000e-01 -5.029907226562500000e-01 3.051757812500000000e-05
9.999694824218750000e-01 -5.484924316406250000e-01 3.051757812500000000e-05
9.999694824218750000e-01 -6.598510742187500000e-01 3.051757812500000000e-05
9.550781250000000000e-01 -7.436828613281250000e-01 3.051757812500000000e-05
7.859191894531250000e-01 -8.586730957031250000e-01 3.051757812500000000e-05
7.380065917968750000e-01 -9.508972167968750000e-01 3.051757812500000000e-05
1.781311035156250000e-01 -2.347106933593750000e-01 3.051757812500000000e-05
0.000000000000000000e+00 3.051757812500000000e-05 3.051757812500000000e-05
0.000000000000000000e+00 3.051757812500000000e-05 3.051757812500000000e-05
0.000000000000000000e+00 3.051757812500000000e-05 3.051757812500000000e-05
0.000000000000000000e+00 3.051757812500000000e-05 3.051757812500000000e-05
0.000000000000000000e+00 3.051757812500000000e-05 3.051757812500000000e-05
0.000000000000000000e+00 3.051757812500000000e-05 5.458679199218750000e-01
0.000000000000000000e+00 3.051757812500000000e-05 9.508056640625000000e-01
0.000000000000000000e+00 3.051757812500000000e-05 9.686889648437500000e-01
0.000000000000000000e+00 3.051757812500000000e-05 9.686889648437500000e-01
0.000000000000000000e+00 3.051757812500000000e-05 9.686889648437500000e-01
0.000000000000000000e+00 3.051757812500000000e-05 9.686889648437500000e-01
0.000000000000000000e+00 3.051757812500000000e-05 9.686889648437500000e-01
0.000000000000000000e+00 3.051757812500000000e-05 9.686889648437500000e-01
9.231020128347554310e-02 -3.927721440972532507e-01 9.400124392142213126e-02
2.237805531319375374e-01 -8.880011196910384541e-01 2.188013669130982053e-01
2.257843962599870580e-01 -8.924992637759643355e-01 2.128448946163608024e-01
2.194482325345929463e-01 -8.996071152153454209e-01 2.061794464436307039e-01
2.126866077447183145e-01 -9.069153184718677929e-01 1.988845598134609538e-01
2.057436293404504846e-01 -9.140250282340551813e-01 1.914130718658376140e-01
1.986511785392237606e-01 -9.208983952699348885e-01 1.837981953846351824e-01
1.997281152920151737e-01 -9.303611840114217602e-01 1.691604707636772675e-01
1.939390066175860350e-01 -9.371723709929221657e-01 1.598447964422468615e-01
1.871778433428963606e-01 -9.434288244014045199e-01 1.510477131386236127e-01
1.794556867563308067e-01 -9.491487496675592439e-01 1.428191797409758268e-01
1.716083884764978973e-01 -9.545909484864198991e-01 1.344846912267045336e-01
1.636429947884754377e-01 -9.597471802540771257e-01 1.260574823857713578e-01
1.555670224019180536e-01 -9.646112397558722629e-01 1.175469342066440687e-01
1.473873515916652721e-01 -9.691780256715487596e-01 1.089618779789060660e-01
1.391110270812732363e-01 -9.734430271622307451e-01 1.003112273725184633e-01
1.307452486355306087e-01 -9.774023175304323852e-01 9.160398303429623246e-02
1.222973509888414106e-01 -9.810525589958651871e-01 8.284920535888913584e-02
1.137747811041039253e-01 -9.843910059891700648e-01 7.405598598849076619e-02
1.051850754895357481e-01 -9.874155057875356745e-01 6.523341958429157428e-02
9.120207444050443257e-02 -9.892240628435016170e-01 6.154533209941200761e-02
6.735394911511390081e-02 -9.893863111583297565e-01 6.749312358229093978e-02
5.871067081417097322e-02 -9.918076753478400898e-01 5.869951778502863204e-02
5.003077199354562243e-02 -9.939106339643586363e-01 4.993365318533013464e-02
4.133421719331707017e-02 -9.956985957547485055e-01 4.118055933785087080e-02
3.261541381583425020e-02 -9.971755217907574131e-01 3.243745031353904157e-02
2.388135680116939413e-02 -9.983428004889567386e-01 2.371218044721132984e-02
1.513925033474970011e-02 -9.992022424703180805e-01 1.501286549242433939e-02
6.396255389103220994e-03 -9.997561405878080398e-01 6.347477926746138838e-03
0.000000000000000000e+00 -9.999694824218750000e-01 3.051757812500000000e-05
0.000000000000000000e+00 -9.999694824218750000e-01 3.051757812500000000e-05
0.000000000000000000e+00 -9.999694824218750000e-01 3.051757812500000000e-05
0.000000000000000000e+00 -9.999694824218750000e-01 3.051757812500000000e-05
-2.590942382812500000e-02 -9.999694824218750000e-01 3.051757812500000000e-05
-7.553100585937500000e-02 -9.999694824218750000e-01 3.051757812500000000e-05
-1.113110199609405881e-01 -1.000413022621625236e+00 5.099292158841166843e-03
-1.293281761637377070e-01 -1.000641079565623093e+00 6.448386576789609526e-03
-1.359252929687500000e-01 -9.999694824218750000e-01 3.051757812500000000e-05
-1.626676677965255557e-01 -1.000873185753836436e+00 6.548989462038815046e-03
-2.002539237798033889e-01 -1.004270091331456394e+00 2.767813483080269407e-02
-2.278842698307066983e-01 -1.006617550803931005e+00 3.859324800318422038e-02
-2.380522067887473892e-01 -1.005995768664442513e+00 3.189125911632118004e-02
-2.702328550861972656e-01 -1.009603256930687643e+00 4.684243372235014774e-02
-3.182418413348172548e-01 -1.017079505912326320e+00 7.696982026474030736e-02
-3.314163602846794676e-01 -1.008280468185159151e+00 7.481155925293375697e-02
-3.397283799140850546e-01 -1.010524053108805775e+00 6.482204705625498053e-02
-3.498818077612582123e-01 -1.015185149915522445e+00 5.610557290428189181e-02
-7.336425781250000000e-02 -2.143554687500000000e-01 3.051757812500000000e-05
0.000000000000000000e+00 3.051757812500000000e-05 3.051757812500000000e-05
0.000000000000000000e+00 3.051757812500000000e-05 3.051757812500000000e-05
0.000000000000000000e+00 3.051757812500000000e-05 3.051757812500000000e-05
0.000000000000000000e+00 3.051757812500000000e-05 3.051757812500000000e-05
0.000000000000000000e+00 3.051757812500000000e-05 3.051757812500000000e-05
0.000000000000000000e+00 3.051757812500000000e-05 3.051757812500000000e-05
-7.336425781250000000e-02 -3.820190429687500000e-01 3.051757812500000000e-05
-1.844787597656250000e-01 -9.544677734375000000e-01 3.051757812500000000e-05
-2.664794921875000000e-01 -9.999694824218750000e-01 3.051757812500000000e-05
-3.693261450212307340e-01 -1.005492526609925719e+00 1.684180078833926592e-02
-4.121857379591958304e-01 -1.008419936399929551e+00 4.192960718138118853e-02
-4.519649429624475467e-01 -9.789746089213652303e-01 7.464245977687328226e-02
-4.764032370814759720e-01 -9.287038162817888853e-01 1.003113456922321567e-01
-5.016093757664645825e-01 -8.320404859936741948e-01 1.463041236831925940e-01
-5.299153442871211706e-01 -8.104680741558401014e-01 1.678891595573190898e-01
-5.531723075615868623e-01 -7.897682296523906853e-01 1.852090817562520586e-01
-5.677002211268873388e-01 -7.906550350976409014e-01 1.852330327921700992e-01
-5.752122024753388851e-01 -7.899357279745127247e-01 1.791453512463921927e-01
-5.826580780331312992e-01 -7.890451114877020666e-01 1.730282670259275235e-01
-5.964224523193113470e-01 -8.159873203421669219e-01 1.600407658300803115e-01
-6.081289708839241470e-01 -8.505453731446340759e-01 1.408556518148965930e-01
-5.478890561958998928e-01 -9.393000555562086573e-01 2.831681096947348888e-02
-4.196472167968750000e-01 -9.999694824218750000e-01 3.051757812500000000e-05
-2.200927734375000000e-01 -9.999694824218750000e-01 3.051757812500000000e-05
-1.273193359375000000e-01 -9.999694824218750000e-01 3.051757812500000000e-05
-1.251525878906250000e-01 -9.999694824218750000e-01 3.051757812500000000e-05
-1.273193359375000000e-01 -9.999694824218750000e-01 3.051757812500000000e-05
-3.193359375000000000e-01 -9.999694824218750000e-01 3.051757812500000000e-05
-5.178222656250000000e-01 -9.652404785156250000e-01 3.051757812500000000e-05
-6.084411614612332819e-01 -8.088609839975745563e-01 3.496856991737687381e-02
-6.580911371146441757e-01 -7.846990976435057608e-01 7.882073677058738792e-02
-6.862003237024802971e-01 -7.030865523703813125e-01 1.404947096137994511e-01
-7.077545945758009216e-01 -6.981422269781749623e-01 1.492788946474961076e-01
-7.203708572616656092e-01 -6.624855527009256839e-01 1.701049284890561453e-01
-7.290141367802053241e-01 -6.357794604037870778e-01 1.821867403985373834e-01
-7.394172877912820185e-01 -6.300155441169759118e-01 1.823781560082194386e-01
-7.202007126590596053e-01 -2.418851048556667771e-01 4.242155635342795272e-01
-7.261762476410908995e-01 -2.390420437261176201e-01 4.171420665583705500e-01
-7.497301453794966708e-01 -2.095212557115247731e-01 4.004711393140064080e-01
-7.622821473212519905e-01 -2.187911388478296359e-01 4.023919423958479125e-01
0.000000000000000000e+00 3.051757812500000000e-05 3.051757812500000000e-05
0.000000000000000000e+00 3.051757812500000000e-05 3.051757812500000000e-05
0.000000000000000000e+00 3.051757812500000000e-05 3.051757812500000000e-05
0.000000000000000000e+00 3.051757812500000000e-05 3.051757812500000000e-05
0.000000000000000000e+00 3.051757812500000000e-05 3.051757812500000000e-05
0.000000000000000000e+00 3.051757812500000000e-05 3.051757812500000000e-05
0.000000000000000000e+00 3.051757812500000000e-05 3.051757812500000000e-05
0.000000000000000000e+00 3.051757812500000000e-05 3.051757812500000000e-05
0.000000000000000000e+00 3.051757812500000000e-05 3.051757812500000000e-05
0.000000000000000000e+00 3.051757812500000000e-05 3.051757812500000000e-05
0.000000000000000000e+00 3.051757812500000000e-05 3.051757812500000000e-05
0.000000000000000000e+00 3.051757812500000000e-05 3.051757812500000000e-05
0.000000000000000000e+00 3.051757812500000000e-05 3.051757812500000000e-05
0.000000000000000000e+00 3.051757812500000000e-05 3.051757812500000000e-05
0.000000000000000000e+00 3.051757812500000000e-05 3.051757812500000000e-05
6.120789429018995420e-03 9.182015297320642033e-03 -3.001717235488961244e-02
9.854316691691879238e-03 1.476534024191030782e-02 -3.454488147639191153e-02
1.247826948864343144e-02 1.868271116896455530e-02 -3.773095588165455150e-02
1.248402491334635496e-02 1.868629620944197919e-02 -3.774714077068581225e-02
1.136410376648964646e-02 1.700858017300031083e-02 -3.639978421707897038e-02
0.000000000000000000e+00 3.051757812500000000e-05 3.051757812500000000e-05
0.000000000000000000e+00 3.051757812500000000e-05 3.051757812500000000e-05
-1.392229530720509034e-01 -6.915347298437810042e-02 6.869554954891640697e-02
-8.538661366410005282e-01 -4.706454859414424541e-02 3.252699247221078616e-01
-8.795690419451810405e-01 -2.572402037788004692e-02 3.214297735485659446e-01
-8.945074248536962758e-01 2.659549725912396800e-02 2.890943813755111336e-01
-9.040410284332552893e-01 5.305032082796759529e-02 2.697742067575872316e-01
-9.047481678904474300e-01 2.972733023433510313e-02 2.747907255670231641e-01
-9.083599760032273762e-01 2.347375268644769086e-02 2.713882910240443258e-01
-9.123993359343857135e-01 2.000984774115499576e-02 2.665061515291936578e-01
-9.163624960247876983e-01 1.652784797317066734e-02 2.615547451631792808e-01
-7.936409020421266725e-01 -3.176404757340401952e-01 3.073129062257073940e-01
-7.993781309336923657e-01 -3.145101952474537721e-01 3.045345189216723258e-01
-8.052378519219567377e-01 -3.119540675164015897e-01 3.009769145697780979e-01
-8.308726063932163619e-01 -3.788961235819455764e-01 2.661861851960949377e-01
-8.401310397397155905e-01 -3.883715806941613335e-01 2.563120951239412637e-01
-9.256375138393829749e-01 -9.510160524081473499e-02 2.755825378168952344e-01
-9.294867832549416065e-01 -9.667990865035255843e-02 2.693199668329685492e-01
-9.342398505614006865e-01 -9.315344486338814067e-02 2.600064003827777248e-01
-9.458472403398130446e-01 -2.680820397854134784e-02 2.217902763573163238e-01
-9.588866394942977545e-01 5.955564086861388218e-02 1.746164072057745653e-01
-8.293108783550184882e-01 -2.001093406447228551e-01 3.090880277974271118e-01
-8.338526151292323663e-01 -1.930814401718889961e-01 3.072078245240758010e-01
-8.396550039482952865e-01 -1.908884243550971749e-01 3.027551661192553478e-01
-8.452562877129622398e-01 -1.878172658051806831e-01 2.984745450884728757e-01
-8.508203111236061211e-01 -1.847412647102519845e-01 2.940431628361048766e-01
-8.563214887787022889e-01 -1.816364152793803755e-01 2.895023761904622073e-01
-8.617497393740696232e-01 -1.784955267331547746e-01 2.848668632315209948e-01
-8.671004610646509958e-01 -1.753166141296418346e-01 2.801421863346498231e-01
-8.723708278369859404e-01 -1.720994814476327350e-01 2.753308882522595424e-01
-8.775586511673265644e-01 -1.688445181063314149e-01 2.704344837197756313e-01
-8.826619538680028354e-01 -1.655523490971705647e-01 2.654541650084007998e-01
-8.876788591003941242e-01 -1.622236767321389994e-01 2.603910255235620252e-01
-8.920165470088025073e-01 -1.560994670544244844e-01 2.566506167164503416e-01
-8.964796795014737807e-01 -1.508565904238690913e-01 2.523766170591608127e-01
-9.012468095684825764e-01 -1.474218043352099328e-01 2.470857794599116974e-01
-9.059193817090142042e-01 -1.439497343474337998e-01 2.417205657430624988e-01
-9.104958667185557575e-01 -1.404446664407898171e-01 2.362799797146341862e-01
-9.149753752362020931e-01 -1.369078716188046885e-01 2.307637358588929544e-01
-9.193564376244933722e-01 -1.333404865777984283e-01 2.251726040206437074e-01
-9.236374911327748238e-01 -1.297434768021264451e-01 2.195076817418148418e-01
-9.278169262429484254e-01 -1.261177826340240948e-01 2.137702501329004912e-01
-9.318931423899855515e-01 -1.224643281481610224e-01 2.079616792154020122e-01
-9.358645644014703668e-01 -1.187840360570722037e-01 2.020833926313535533e-01
-9.397296345600469891e-01 -1.150778531286562462e-01 1.961368730876117683e-01
-9.434868284605393285e-01 -1.113467349187968192e-01 1.901236425019953713e-01
-9.471346567660314797e-01 -1.075916461925680717e-01 1.840452592107540697e-01
-9.506716600398357198e-01 -1.038135725348884875e-01 1.779033254898158833e-01
-9.540964184637551471e-01 -1.000135058137000960e-01 1.716994754560647041e-01
-9.574075468456310078e-01 -9.619245557208408459e-02 1.654353824776213511e-01
-9.606036961083609382e-01 -9.235144905851455643e-02 1.591127588257439662e-01
-9.636835619522224894e-01 -8.849151725560309989e-02 1.527333422165480792e-01
-9.666458771339453415e-01 -8.461371033462537772e-02 1.462989098097476071e-01
-9.694894140972207808e-01 -8.071909572071578332e-02 1.398112760532509158e-01
-9.722129921527979945e-01 -7.680874624874189927e-02 1.332722797758350841e-01
-9.748154735630575329e-01 -7.288374881706292940e-02 1.266837929216114433e-01
-9.772957660781850242e-01 -6.894520268431315879e-02 1.200477162385087115e-01
-9.796528243053822527e-01 -6.499421590102891222e-02 1.133659782548217670e-01
-9.632967010914017525e-01 1.354916150844023837e-01 2.160437402814419094e-01
-9.662482117152509931e-01 1.414913601570328416e-01 2.105594207525659511e-01
-9.740226297392532429e-01 9.005121670688238933e-02 1.725882841223171094e-01
-9.824408948569519628e-01 2.036331913302026619e-02 1.246733244469855062e-01
-9.895530091469633138e-01 -4.468074748924173722e-02 7.959651901891878767e-02
-9.911435787975920730e-01 -4.067067326503378405e-02 7.273794579639207558e-02
-9.926079118041206684e-01 -3.671331655792145487e-02 6.580484445802343985e-02
-9.939483549584153810e-01 -3.274724653156964316e-02 5.880948552242074023e-02
-9.951589468881792966e-01 -2.878006851163226673e-02 5.178264112811889475e-02
-9.962387424320697793e-01 -2.481212656535099551e-02 4.472945769885892930e-02
-9.971871094172619632e-01 -2.084471478271075762e-02 3.765317609185426379e-02
-9.980036077191435373e-01 -1.687901137653367162e-02 3.055617633843585312e-02
-9.986878711714514134e-01 -1.291620320348003600e-02 2.344073967180977311e-02
-9.992395970933253269e-01 -8.957470355756317129e-03 1.630912923319672789e-02
-9.996585427555246817e-01 -5.003997931589133571e-03 9.163626336991697804e-03
-9.999445268939810560e-01 -1.056966190762483179e-03 2.006516753725560119e-03
-1.000000000000000000e+00 3.051757812500000000e-05 3.051757812500000000e-05
-1.000000000000000000e+00 3.051757812500000000e-05 3.051757812500000000e-05
-1.000000000000000000e+00 3.051757812500000000e-05 3.051757812500000000e-05
-1.000000000000000000e+00 3.051757812500000000e-05 3.051757812500000000e-05
-1.002065283458025480e+00 -6.127969873723020100e-02 -7.755950158201002642e-02
-1.019415263486419976e+00 -3.823327733486140967e-01 -2.623697525663152286e-01
-1.026638035585745179e+00 -3.935836895487722642e-01 -2.783541384267340657e-01
-1.032812416384288889e+00 -3.913404565564282955e-01 -2.889625793852164115e-01
-1.038893751801577725e+00 -3.888925900076071751e-01 -2.996925491796817997e-01
-4.804478177842097519e-02 -4.139562236674009799e-01 -2.612352079804504124e-01
-5.484320609628486748e-02 -4.154295987401230850e-01 -2.652662519373273353e-01
-5.415577182310787191e-02 -4.176053341370975502e-01 -2.688897348590149061e-01
-5.419131194746999725e-02 -4.196697162945610682e-01 -2.725714039771316433e-01
-5.414837991578054510e-02 -4.217301551096313550e-01 -2.763025501462910150e-01
-5.410716959556677308e-02 -4.237726033199794018e-01 -2.800804268676658770e-01
-5.405964703951610800e-02 -4.257977114900396987e-01 -2.839059640450094513e-01
-5.400672605791122932e-02 -4.278043917972473298e-01 -2.877793027624190314e-01
-5.394838758554172664e-02 -4.297917424769557848e-01 -2.917006949664853188e-01
-5.388469763863869277e-02 -4.317588268156913323e-01 -2.956703679334625745e-01
-5.381570288687700931e-02 -4.337046974632624008e-01 -2.996885414953114335e-01
-5.374144269663984341e-02 -4.356283932086699728e-01 -3.037554250835929892e-01
-1.610802282291762255e-01 -4.337670155144981998e-01 -3.138215415198578606e-01
-6.050667649282353011e-01 -5.628158594066472453e-01 -4.338186768450597031e-01
-1.039694503194502628e+00 -6.042593874962928213e-01 -4.997519459507957507e-01
-1.045313118199017177e+00 -5.388375742482355291e-01 -4.692046040351666170e-01
-1.054130252862938155e+00 -4.613453964556389342e-01 -4.348661462002989531e-01
-1.178177223186555711e+00 1.344707160688043135e-01 -4.228367922008958724e-01
-1.179626148160991761e+00 1.416561881301641179e-01 -4.360536727141255398e-01
-1.181413130914800380e+00 1.393201060891229859e-01 -4.493343470632434888e-01
-1.078665418700174738e+00 -3.816787417269295046e-01 -4.389091375551694707e-01
-1.083923215502712978e+00 -3.754048481211810229e-01 -4.486605238552989761e-01
-1.087958653024628131e+00 -3.709145944860841593e-01 -4.612059033609997583e-01
-1.186944984527400937e+00 1.242209987409013672e-01 -4.981188083446849157e-01
-1.187905899656500175e+00 1.194951457339419737e-01 -5.096845309328175144e-01
-1.000000000000000000e+00 3.051757812500000000e-05 3.051757812500000000e-05
-1.000000000000000000e+00 3.051757812500000000e-05 3.051757812500000000e-05
-1.000000000000000000e+00 3.051757812500000000e-05 3.051757812500000000e-05
-1.000000000000000000e+00 3.051757812500000000e-05 3.051757812500000000e-05
-1.000000000000000000e+00 3.051757812500000000e-05 3.051757812500000000e-05
-1.000000000000000000e+00 5.657958984375000000e-02 3.051757812500000000e-05
0.000000000000000000e+00 3.051757812500000000e-05 3.051757812500000000e-05
0.000000000000000000e+00 3.051757812500000000e-05 3.051757812500000000e-05
-1.538090830260015474e-01 -3.969206090096262241e-01 -3.490743259208207716e-01
-1.684591814569663948e-01 -4.345232192414902883e-01 -3.793806282381615436e-01
-1.686109978489198358e-01 -4.358393648580531909e-01 -3.841584302276124241e-01
-1.687835689230739178e-01 -4.370924696653317731e-01 -3.889403031952458623e-01
-1.689359292673499047e-01 -4.383115339284707757e-01 -3.937745089975629442e-01
-3.593968717667169743e-01 1.750087288452802925e-01 -2.355058693108137424e-01
-3.613539531294419072e-01 1.719891138616293780e-01 -2.360435625143564309e-01
-3.629958726626359988e-01 1.732683629800406411e-01 -2.390941339027816692e-01
-3.646837227955088134e-01 1.740731005025006051e-01 -2.419312030795243151e-01
-3.663577649537393954e-01 1.749288768691266982e-01 -2.448284811717332810e-01
-1.785403817351881584e-01 -4.375992095443363428e-01 -4.058653524624857845e-01
-1.808627555882532933e-01 -4.368498451995818099e-01 -4.066081597198752950e-01
-3.717289933358648990e-01 1.732398907968488444e-01 -2.512140495708410359e-01
-3.737492223549104819e-01 1.702526013190756859e-01 -2.520176184155052956e-01
-3.753766609177783264e-01 1.714780191799616105e-01 -2.552742423899735380e-01
-3.770551216322820531e-01 1.722360973682460217e-01 -2.583267075122038792e-01
-1.880601415369501650e-01 -4.366595460107626780e-01 -4.193541614636304704e-01
-1.904142398652774459e-01 -4.358609166091678144e-01 -4.202968290556287068e-01
-3.824641925313841950e-01 1.704427833614667598e-01 -2.653106483500982105e-01
-3.845285140850124850e-01 1.674392207490769391e-01 -2.663458964735668788e-01
-3.861365198346952132e-01 1.686109810371776430e-01 -2.697878721221893539e-01
-3.877992323250578077e-01 1.693176660851289095e-01 -2.730334239131214646e-01
-1.976237820771473697e-01 -4.352644306381253658e-01 -4.339687292018157283e-01
-1.999967867489023943e-01 -4.344070318405742204e-01 -4.351282498372479601e-01
-3.932076703575361210e-01 1.674066954374802962e-01 -2.806614082436349467e-01
-3.953022221692440996e-01 1.643889445763464241e-01 -2.819499452012502738e-01
-3.968759799218792295e-01 1.655007575935128206e-01 -2.855890877384213988e-01
-3.985076633460005180e-01 1.661506719322543846e-01 -2.890406242016565486e-01
-4.001154170405403776e-01 1.668466354754168379e-01 -2.925547633367815425e-01
-2.095248392043111696e-01 -4.324164705973146949e-01 -4.511863609604341852e-01
-2.119061625367855140e-01 -4.314723384412050278e-01 -4.526178796968106655e-01
-4.054469147814944718e-01 1.648067258264906410e-01 -3.009948729888728414e-01
0.000000000000000000e+00 3.051757812500000000e-05 3.051757812500000000e-05
0.000000000000000000e+00 3.051757812500000000e-05 3.051757812500000000e-05
0.000000000000000000e+00 3.051757812500000000e-05 3.051757812500000000e-05
0.000000000000000000e+00 3.051757812500000000e-05 3.051757812500000000e-05
0.000000000000000000e+00 -8.621215820312500000e-02 3.051757812500000000e-05
-6.551758870672977353e-02 -7.535571409352174177e-01 1.111840096283484708e-01
-8.686728570868144927e-02 -9.655436159758198356e-01 1.473928292597337097e-01
-1.296514795105711548e-01 -9.739766927250943507e-01 1.156338804292188494e-01
-1.335781051688215704e-01 -9.776899788165500649e-01 1.039587903427516419e-01
-1.294010047675978048e-01 -9.802356186524892045e-01 9.675981053003551713e-02
-1.268065766780084591e-01 -9.828214915951076769e-01 8.858044062222475423e-02
-1.249737672000258148e-01 -9.853274363948901771e-01 7.990372856162968052e-02
-1.206896729582331018e-01 -9.874210042849779212e-01 7.256779506050972661e-02
-5.934729945668493212e-02 -9.840036688386124553e-01 9.817048138343666130e-02
0.000000000000000000e+00 3.051757812500000000e-05 3.051757812500000000e-05
0.000000000000000000e+00 4.013366699218750000e-01 3.051757812500000000e-05
0.000000000000000000e+00 4.855346679687500000e-01 3.051757812500000000e-05
-1.834106445312500000e-02 9.421081542968750000e-01 3.051757812500000000e-05
-5.288696289062500000e-02 1.000000000000000000e+00 3.051757812500000000e-05
-5.612182617187500000e-02 1.000000000000000000e+00 3.051757812500000000e-05
-5.612182617187500000e-02 1.000000000000000000e+00 3.051757812500000000e-05
-1.165161132812500000e-01 1.000000000000000000e+00 3.051757812500000000e-05
0.000000000000000000e+00 3.051757812500000000e-05 3.051757812500000000e-05
-9.198154454592423479e-02 3.189233874110606465e-02 -8.810361012912135137e-02
-4.137231359436726597e-01 1.426582559134148831e-01 -3.011486009277272169e-01
-4.141260547375568146e-01 1.428906731164007182e-01 -3.021147397474900353e-01
-4.158321368705011345e-01 1.434445485932216990e-01 -3.060023489163276045e-01
-4.173999417742336737e-01 1.439681266376069690e-01 -3.096653764929326869e-01
-4.189617760132754998e-01 1.444865336225800434e-01 -3.133949596105969349e-01
-4.205045354733469853e-01 1.449979805609676042e-01 -3.171640564892757030e-01
-4.220285430855145181e-01 1.455023643792686949e-01 -3.209751977422748981e-01
-4.235328733886535857e-01 1.459995012507023238e-01 -3.248281565848510910e-01
-4.250167147901370290e-01 1.464891959526602450e-01 -3.287229581435069381e-01
-4.264792395866691121e-01 1.469712452522695667e-01 -3.326595922954346252e-01
-4.279196201610295791e-01 1.474454408811829154e-01 -3.366380520914952212e-01
-4.293370224114175238e-01 1.479115659816184480e-01 -3.406583167355854425e-01
-4.307306051515547574e-01 1.483693948444069211e-01 -3.447203492565560357e-01
-4.320995281108744868e-01 1.488187023137034770e-01 -3.488241211510615392e-01
-4.334429391340705595e-01 1.492592504571545464e-01 -3.529695734049437261e-01
-2.435768470513927642e-01 -4.180022347241005853e-01 -5.054902256930063897e-01
-2.457562822300769501e-01 -4.167627540094214211e-01 -5.077917106921514545e-01
-4.380355081488635505e-01 1.467915470474086548e-01 -3.637314843764342109e-01
-3.303550116963616112e-01 -1.286772747438721942e-02 -2.547066706076759335e-01
-3.780792512956043794e-03 -2.572147923983709727e-01 3.051757812500000000e-05
1.200873594234715958e-01 -4.110638545682410161e-01 3.051757812500000000e-05
1.294590308600056527e-01 -5.180079034597508958e-01 3.051757812500000000e-05
1.304865857859522915e-01 -5.280190358609468948e-01 3.051757812500000000e-05
1.376344829779965195e-01 -4.813598237040610517e-01 3.051757812500000000e-05
1.817338099180337840e-01 -3.123221735873793481e-01 3.051757812500000000e-05
1.868227821329505600e-01 -2.785992623547965397e-01 3.051757812500000000e-05
1.898525207429039297e-01 -2.668998455945523762e-01 3.051757812500000000e-05
1.930786641508787094e-01 -2.526485551840633725e-01 3.051757812500000000e-05
1.951149491644911249e-01 -2.510559582976573667e-01 3.051757812500000000e-05
1.967554526527267589e-01 -2.539489920195158734e-01 3.051757812500000000e-05
1.989473959340390952e-01 -2.510053402244889487e-01 3.051757812500000000e-05
2.001173486847953598e-01 -2.597790835819573374e-01 3.051757812500000000e-05
2.018422286831658141e-01 -2.626755754514145114e-01 3.051757812500000000e-05
2.056945205917409814e-01 -2.411205608084036056e-01 3.051757812500000000e-05
2.074353276566299753e-01 -2.441645051813874645e-01 3.051757812500000000e-05
2.098119932420808853e-01 -2.398611193061256086e-01 3.051757812500000000e-05
2.117133343942733115e-01 -2.415118819492678981e-01 3.051757812500000000e-05
2.141202739662356747e-01 -2.372078052012460414e-01 3.051757812500000000e-05
2.157899746018020481e-01 -2.423528350805075060e-01 3.051757812500000000e-05
2.176838030046304162e-01 -2.450764049952439960e-01 3.051757812500000000e-05
2.191517148201101994e-01 -2.537509957170116515e-01 3.051757812500000000e-05
2.205723871667083502e-01 -2.636643733597996420e-01 3.051757812500000000e-05
2.229106701830741999e-01 -2.619243730192184483e-01 3.051757812500000000e-05
2.244056607078479537e-01 -2.720692109295141381e-01 3.051757812500000000e-05
2.267954451081084510e-01 -2.704228691885788294e-01 3.051757812500000000e-05
-4.406977020788468424e-01 1.016703564754563999e-01 -3.332921345284495240e-01
-4.404021905776750456e-01 1.000604210855214754e-01 -3.315247031250897480e-01
-4.421479715731457261e-01 1.004474246957960393e-01 -3.362173547412270480e-01
-4.436791689218940182e-01 1.006456299674754612e-01 -3.403621669187030241e-01
-4.452009689273498938e-01 1.008537484876719514e-01 -3.446084810104773632e-01
-4.466939232777905611e-01 1.010531886469187984e-01 -3.488959108157518862e-01
-4.381519938255937774e-01 9.898546050796229456e-02 -3.459421630479803111e-01
0.000000000000000000e+00 3.051757812500000000e-05 3.051757812500000000e-05
0.000000000000000000e+00 3.051757812500000000e-05 3.051757812500000000e-05
0.000000000000000000e+00 3.051757812500000000e-05 3.051757812500000000e-05
0.000000000000000000e+00 3.051757812500000000e-05 3.051757812500000000e-05
0.000000000000000000e+00 3.051757812500000000e-05 3.051757812500000000e-05
0.000000000000000000e+00 3.051757812500000000e-05 3.051757812500000000e-05
-2.446806365222769231e-01 5.518616533276152897e-02 -2.085907435720452119e-01
-4.508393396112454488e-01 1.016672110872726964e-01 -3.615821214107943771e-01
-4.516781453640545951e-01 1.017804830984577885e-01 -3.642830101712419832e-01
-4.530869173845115117e-01 1.019377257906925044e-01 -3.689418044915953043e-01
-4.544059103948533962e-01 1.020922517900047094e-01 -3.734680758228932085e-01
-4.556962060360495448e-01 1.022369627306492501e-01 -3.780566860835486986e-01
-4.569508723380296122e-01 1.023734584951296600e-01 -3.826892241872630329e-01
-4.581694076756347989e-01 1.025011844943920780e-01 -3.873672054530113984e-01
-4.593506880836916717e-01 1.026199403687850786e-01 -3.920902636642239480e-01
-4.604936417478246446e-01 1.027294799192483149e-01 -3.968581926515006852e-01
-4.615971810325044111e-01 1.028295646511206973e-01 -4.016707412110736009e-01
-4.626602111827372577e-01 1.029199581373133471e-01 -4.065276379079107993e-01
-4.636816319092579852e-01 1.030004276783988149e-01 -4.114285969648804331e-01
-3.487906050543657654e-01 1.188670572652647667e-01 -3.269066361981431967e-01
1.239588078026252482e-01 1.788421638867596086e-02 3.051757812500000000e-05
1.245286439069647200e-01 -3.802859605070138538e-02 3.051757812500000000e-05
1.259619763499710832e-01 -3.767777023659588109e-02 3.051757812500000000e-05
1.296016195625342426e-01 -6.280795660929455737e-03 3.051757812500000000e-05
1.309281568011164687e-01 -1.838888030262580964e-03 3.051757812500000000e-05
1.293478767152539399e-01 -3.103818777897451864e-02 3.051757812500000000e-05
1.269571724290382564e-01 -6.961334662254492489e-02 3.051757812500000000e-05
1.251400859531069942e-01 -1.015622173164433817e-01 3.051757812500000000e-05
1.224727685870855565e-01 -1.433876406660280212e-01 3.051757812500000000e-05
1.222510629463839926e-01 -1.574542168979994883e-01 3.051757812500000000e-05
1.216029406000107560e-01 -1.767844006205956942e-01 3.051757812500000000e-05
1.207872843286403874e-01 -1.986119663928075374e-01 3.051757812500000000e-05
1.203968447982518564e-01 -2.160114485765133041e-01 3.051757812500000000e-05
1.212985049968930973e-01 -2.184184873556456186e-01 3.051757812500000000e-05
1.221078628198961624e-01 -2.222192224745049849e-01 3.051757812500000000e-05
1.235956736879171292e-01 -2.178120354111166279e-01 3.051757812500000000e-05
1.256398550986618234e-01 -2.063660458934844788e-01 3.051757812500000000e-05
1.299615287413755649e-01 -1.653667023150250381e-01 3.051757812500000000e-05
1.308703729098777968e-01 -1.678201106107578278e-01 3.051757812500000000e-05
1.328205793067800400e-01 -1.567195062004395345e-01 3.051757812500000000e-05
1.339582262258554035e-01 -1.563484152963973139e-01 3.051757812500000000e-05
1.350354656258900832e-01 -1.569551110333914645e-01 3.051757812500000000e-05
1.360359054815115654e-01 -1.587770972388620749e-01 3.051757812500000000e-05
1.370502247884284319e-01 -1.606083121356444710e-01 3.051757812500000000e-05
1.380772470527792395e-01 -1.624662953406684762e-01 3.051757812500000000e-05
1.391174055710884261e-01 -1.643495254293561858e-01 3.051757812500000000e-05
1.401709344781214561e-01 -1.662585480287274431e-01 3.051757812500000000e-05
1.414794907673706525e-01 -1.646670801547978347e-01 3.051757812500000000e-05
1.424779625394537730e-01 -1.678035265262857179e-01 3.051757812500000000e-05
1.436527190098493278e-01 -1.685647587862409424e-01 3.051757812500000000e-05
1.447608329998372190e-01 -1.705505839802937407e-01 3.051757812500000000e-05
1.437402246142645001e-01 -2.056800476910466691e-01 3.051757812500000000e-05
1.420376319629944595e-01 -2.527523998472139821e-01 3.051757812500000000e-05
6.184460453840365801e-01 -3.798707367698394011e-01 4.971314578467100342e-01
0.000000000000000000e+00 3.051757812500000000e-05 3.051757812500000000e-05
0.000000000000000000e+00 3.051757812500000000e-05 3.051757812500000000e-05
0.000000000000000000e+00 3.051757812500000000e-05 3.051757812500000000e-05
0.000000000000000000e+00 3.051757812500000000e-05 3.051757812500000000e-05
0.000000000000000000e+00 3.051757812500000000e-05 3.051757812500000000e-05
-1.440932241919937740e-01 2.334998616564766538e-02 -1.383293841612219799e-01
-4.638107655546266916e-01 7.509968156971696951e-02 -3.863047165361553903e-01
-4.642612591458811777e-01 7.511662669236397749e-02 -3.880470422532875663e-01
-4.655656318776865144e-01 7.507079067038334441e-02 -3.932357681512619330e-01
-4.667429061344581243e-01 7.504722847618597315e-02 -3.981542642446986857e-01
-4.678856620215181561e-01 7.501002155733572929e-02 -4.031521940056698172e-01
-4.689836374385512596e-01 7.496530699999784386e-02 -4.081961365422772658e-01
-4.700364223178842282e-01 7.491195463642781605e-02 -4.132889115355543597e-01
-4.710426414955611873e-01 7.484989156943448740e-02 -4.184298707426846731e-01
-4.720010076354833051e-01 7.477891197949149138e-02 -4.236186803914153698e-01
-4.729102158947171564e-01 7.469883378461747436e-02 -4.288549506532945976e-01
-4.737689532816599658e-01 7.460947840085654925e-02 -4.341382620220879396e-01
-4.745759030090931918e-01 7.451067527757467002e-02 -4.394681888399619707e-01
-4.753297398941135343e-01 7.440225890281003396e-02 -4.448442717962514115e-01
-4.760291300856318575e-01 7.428406942973020399e-02 -4.502660105938390833e-01
-4.766727369201166353e-01 7.415595556811284406e-02 -4.557329001299939009e-01
-4.772592156870723579e-01 7.401777148024160646e-02 -4.612443898208914428e-01
-4.777872177232709849e-01 7.386937915456991133e-02 -4.667999096206197907e-01
5.697153441175073496e-02 -1.229710406177708382e-01 3.051757812500000000e-05
5.047935248939694475e-02 -1.260319268066574794e-01 3.051757812500000000e-05
5.094331368346705080e-02 -1.335793777263645787e-01 3.051757812500000000e-05
5.156594090098753913e-02 -1.291867061358500102e-01 3.051757812500000000e-05
5.336661799826469821e-02 -1.082886125078028061e-01 3.051757812500000000e-05
5.410388513768149554e-02 -1.027518798429383762e-01 3.051757812500000000e-05
5.391821588851619662e-02 -1.111287071577699848e-01 3.051757812500000000e-05
5.429387423255371825e-02 -1.111750208314796762e-01 3.051757812500000000e-05
5.474209198770274565e-02 -1.101375553970796450e-01 3.051757812500000000e-05
5.503947010055265654e-02 -1.114785708754427729e-01 3.051757812500000000e-05
5.534281004571584006e-02 -1.128071363863511478e-01 3.051757812500000000e-05
5.564963418521717831e-02 -1.141574175871242214e-01 3.051757812500000000e-05
5.596033879719830573e-02 -1.155259288591018729e-01 3.051757812500000000e-05
5.627494445059433303e-02 -1.169132488372409129e-01 3.051757812500000000e-05
5.659352461998068407e-02 -1.183195280645566727e-01 3.051757812500000000e-05
5.691615206738664945e-02 -1.197449728122888246e-01 3.051757812500000000e-05
5.724290513521790302e-02 -1.211897922344318812e-01 3.051757812500000000e-05
5.757386687542864756e-02 -1.226542035442236556e-01 3.051757812500000000e-05
5.196611761392222473e-02 -2.263697498839197797e-01 3.051757812500000000e-05
0.000000000000000000e+00 3.051757812500000000e-05 1.152343750000000000e-01
0.000000000000000000e+00 3.051757812500000000e-05 3.051757812500000000e-05
0.000000000000000000e+00 3.051757812500000000e-05 3.051757812500000000e-05
0.000000000000000000e+00 3.051757812500000000e-05 3.051757812500000000e-05
0.000000000000000000e+00 3.051757812500000000e-05 3.051757812500000000e-05
0.000000000000000000e+00 3.051757812500000000e-05 3.051757812500000000e-05
0.000000000000000000e+00 3.051757812500000000e-05 3.051757812500000000e-05
0.000000000000000000e+00 3.051757812500000000e-05 3.051757812500000000e-05
0.000000000000000000e+00 3.051757812500000000e-05 3.051757812500000000e-05
0.000000000000000000e+00 3.051757812500000000e-05 3.051757812500000000e-05
0.000000000000000000e+00 3.051757812500000000e-05 3.051757812500000000e-05
0.000000000000000000e+00 3.051757812500000000e-05 3.051757812500000000e-05
0.000000000000000000e+00 3.051757812500000000e-05 3.051757812500000000e-05
0.000000000000000000e+00 3.051757812500000000e-05 3.051757812500000000e-05
0.000000000000000000e+00 3.051757812500000000e-05 3.051757812500000000e-05
0.000000000000000000e+00 3.051757812500000000e-05 3.051757812500000000e-05
0.000000000000000000e+00 3.051757812500000000e-05 3.051757812500000000e-05
0.000000000000000000e+00 3.051757812500000000e-05 3.051757812500000000e-05
0.000000000000000000e+00 3.051757812500000000e-05 3.051757812500000000e-05
0.000000000000000000e+00 3.051757812500000000e-05 3.051757812500000000e-05
0.000000000000000000e+00 3.051757812500000000e-05 3.051757812500000000e-05
0.000000000000000000e+00 3.051757812500000000e-05 3.051757812500000000e-05
0.000000000000000000e+00 3.051757812500000000e-05 3.051757812500000000e-05
0.000000000000000000e+00 3.051757812500000000e-05 3.051757812500000000e-05
0.000000000000000000e+00 3.051757812500000000e-05 3.051757812500000000e-05
0.000000000000000000e+00 3.051757812500000000e-05 3.051757812500000000e-05
0.000000000000000000e+00 3.051757812500000000e-05 3.051757812500000000e-05
0.000000000000000000e+00 3.051757812500000000e-05 3.051757812500000000e-05
0.000000000000000000e+00 3.051757812500000000e-05 3.051757812500000000e-05
0.000000000000000000e+00 3.051757812500000000e-05 3.051757812500000000e-05
0.000000000000000000e+00 3.051757812500000000e-05 3.051757812500000000e-05
0.000000000000000000e+00 3.051757812500000000e-05 3.051757812500000000e-05
0.000000000000000000e+00 3.051757812500000000e-05 3.051757812500000000e-05
0.000000000000000000e+00 3.051757812500000000e-05 3.051757812500000000e-05
0.000000000000000000e+00 3.051757812500000000e-05 3.051757812500000000e-05
0.000000000000000000e+00 3.051757812500000000e-05 3.051757812500000000e-05
0.000000000000000000e+00 3.051757812500000000e-05 3.051757812500000000e-05
0.000000000000000000e+00 3.051757812500000000e-05 3.051757812500000000e-05
0.000000000000000000e+00 3.051757812500000000e-05 3.051757812500000000e-05
0.000000000000000000e+00 3.051757812500000000e-05 3.051757812500000000e-05
0.000000000000000000e+00 3.051757812500000000e-05 3.051757812500000000e-05
0.000000000000000000e+00 3.051757812500000000e-05 3.051757812500000000e-05
0.000000000000000000e+00 3.051757812500000000e-05 3.051757812500000000e-05
0.000000000000000000e+00 3.051757812500000000e-05 3.051757812500000000e-05
0.000000000000000000e+00 3.051757812500000000e-05 3.051757812500000000e-05
0.000000000000000000e+00 3.051757812500000000e-05 3.051757812500000000e-05
0.000000000000000000e+00 3.051757812500000000e-05 3.051757812500000000e-05
0.000000000000000000e+00 3.051757812500000000e-05 3.051757812500000000e-05
0.000000000000000000e+00 3.051757812500000000e-05 3.051757812500000000e-05
0.000000000000000000e+00 3.051757812500000000e-05 3.051757812500000000e-05
0.000000000000000000e+00 3.051757812500000000e-05 3.051757812500000000e-05
0.000000000000000000e+00 3.051757812500000000e-05 3.051757812500000000e-05
0.000000000000000000e+00 3.051757812500000000e-05 3.051757812500000000e-05
0.000000000000000000e+00 3.051757812500000000e-05 3.051757812500000000e-05
0.000000000000000000e+00 3.051757812500000000e-05 3.051757812500000000e-05
0.000000000000000000e+00 3.051757812500000000e-05 3.051757812500000000e-05
0.000000000000000000e+00 3.051757812500000000e-05 3.051757812500000000e-05
0.000000000000000000e+00 3.051757812500000000e-05 3.051757812500000000e-05
0.000000000000000000e+00 3.051757812500000000e-05 3.051757812500000000e-05
0.000000000000000000e+00 3.051757812500000000e-05 3.051757812500000000e-05
0.000000000000000000e+00 3.051757812500000000e-05 3.051757812500000000e-05
0.000000000000000000e+00 3.051757812500000000e-05 3.051757812500000000e-05
0.000000000000000000e+00 3.051757812500000000e-05 3.051757812500000000e-05
0.000000000000000000e+00 3.051757812500000000e-05 3.051757812500000000e-05
0.000000000000000000e+00 3.051757812500000000e-05 3.051757812500000000e-05
0.000000000000000000e+00 3.051757812500000000e-05 3.051757812500000000e-05
0.000000000000000000e+00 3.051757812500000000e-05 3.051757812500000000e-05
0.000000000000000000e+00 3.051757812500000000e-05 3.051757812500000000e-05
0.000000000000000000e+00 3.051757812500000000e-05 3.051757812500000000e-05
0.000000000000000000e+00 3.051757812500000000e-05 3.051757812500000000e-05
0.000000000000000000e+00 3.051757812500000000e-05 3.051757812500000000e-05
0.000000000000000000e+00 3.051757812500000000e-05 3.051757812500000000e-05
0.000000000000000000e+00 3.051757812500000000e-05 3.051757812500000000e-05
0.000000000000000000e+00 3.051757812500000000e-05 3.051757812500000000e-05
