0.000000000000000000e+00 3.051757812500000000e-05 3.051757812500000000e-05
0.000000000000000000e+00 3.051757812500000000e-05 3.051757812500000000e-05
0.000000000000000000e+00 3.051757812500000000e-05 3.051757812500000000e-05
0.000000000000000000e+00 3.051757812500000000e-05 3.051757812500000000e-05
0.000000000000000000e+00 3.051757812500000000e-05 3.051757812500000000e-05
0.000000000000000000e+00 3.051757812500000000e-05 3.051757812500000000e-05
0.000000000000000000e+00 3.051757812500000000e-05 3.051757812500000000e-05
0.000000000000000000e+00 3.051757812500000000e-05 3.051757812500000000e-05
0.000000000000000000e+00 3.051757812500000000e-05 3.051757812500000000e-05
0.000000000000000000e+00 3.051757812500000000e-05 3.051757812500000000e-05
0.000000000000000000e+00 3.051757812500000000e-05 3.051757812500000000e-05
0.000000000000000000e+00 3.051757812500000000e-05 3.051757812500000000e-05
0.000000000000000000e+00 3.051757812500000000e-05 3.051757812500000000e-05
0.000000000000000000e+00 3.051757812500000000e-05 3.051757812500000000e-05
0.000000000000000000e+00 3.051757812500000000e-05 3.051757812500000000e-05
0.000000000000000000e+00 3.051757812500000000e-05 3.051757812500000000e-05
0.000000000000000000e+00 3.051757812500000000e-05 3.051757812500000000e-05
0.000000000000000000e+00 3.051757812500000000e-05 3.051757812500000000e-05
0.000000000000000000e+00 3.051757812500000000e-05 3.051757812500000000e-05
0.000000000000000000e+00 3.051757812500000000e-05 3.051757812500000000e-05
0.000000000000000000e+00 3.051757812500000000e-05 3.051757812500000000e-05
0.000000000000000000e+00 3.051757812500000000e-05 3.051757812500000000e-05
0.000000000000000000e+00 3.051757812500000000e-05 3.051757812500000000e-05
0.000000000000000000e+00 3.051757812500000000e-05 3.051757812500000000e-05
0.000000000000000000e+00 3.051757812500000000e-05 3.051757812500000000e-05
0.000000000000000000e+00 3.051757812500000000e-05 3.051757812500000000e-05
0.000000000000000000e+00 3.051757812500000000e-05 3.051757812500000000e-05
0.000000000000000000e+00 3.051757812500000000e-05 3.051757812500000000e-05
0.000000000000000000e+00 3.051757812500000000e-05 3.051757812500000000e-05
0.000000000000000000e+00 3.051757812500000000e-05 3.051757812500000000e-05
0.000000000000000000e+00 3.051757812500000000e-05 3.051757812500000000e-05
0.000000000000000000e+00 3.051757812500000000e-05 3.051757812500000000e-05
0.000000000000000000e+00 3.051757812500000000e-05 3.051757812500000000e-05
0.000000000000000000e+00 3.051757812500000000e-05 3.051757812500000000e-05
0.000000000000000000e+00 3.051757812500000000e-05 3.051757812500000000e-05
0.000000000000000000e+00 3.051757812500000000e-05 3.051757812500000000e-05
0.000000000000000000e+00 3.051757812500000000e-05 3.051757812500000000e-05
0.000000000000000000e+00 3.051757812500000000e-05 3.051757812500000000e-05
0.000000000000000000e+00 3.051757812500000000e-05 3.051757812500000000e-05
0.000000000000000000e+00 3.051757812500000000e-05 3.051757812500000000e-05
0.000000000000000000e+00 3.051757812500000000e-05 3.051757812500000000e-05
0.000000000000000000e+00 3.051757812500000000e-05 3.051757812500000000e-05
0.000000000000000000e+00 3.051757812500000000e-05 3.051757812500000000e-05
0.000000000000000000e+00 3.051757812500000000e-05 3.051757812500000000e-05
0.000000000000000000e+00 3.051757812500000000e-05 3.051757812500000000e-05
0.000000000000000000e+00 3.051757812500000000e-05 3.051757812500000000e-05
0.000000000000000000e+00 3.051757812500000000e-05 3.051757812500000000e-05
0.000000000000000000e+00 3.051757812500000000e-05 3.051757812500000000e-05
0.000000000000000000e+00 3.051757812500000000e-05 3.051757812500000000e-05
0.000000000000000000e+00 3.051757812500000000e-05 3.051757812500000000e-05
0.000000000000000000e+00 3.051757812500000000e-05 3.051757812500000000e-05
0.000000000000000000e+00 3.051757812500000000e-05 3.051757812500000000e-05
0.000000000000000000e+00 3.051757812500000000e-05 3.051757812500000000e-05
0.000000000000000000e+00 3.051757812500000000e-05 3.051757812500000000e-05
0.000000000000000000e+00 3.051757812500000000e-05 3.051757812500000000e-05
0.000000000000000000e+00 3.051757812500000000e-05 3.051757812500000000e-05
0.000000000000000000e+00 3.051757812500000000e-05 3.051757812500000000e-05
0.000000000000000000e+00 3.051757812500000000e-05 3.051757812500000000e-05
0.000000000000000000e+00 3.051757812500000000e-05 3.051757812500000000e-05
0.000000000000000000e+00 3.051757812500000000e-05 3.051757812500000000e-05
0.000000000000000000e+00 3.051757812500000000e-05 3.051757812500000000e-05
0.000000000000000000e+00 3.051757812500000000e-05 3.051757812500000000e-05
0.000000000000000000e+00 3.051757812500000000e-05 3.051757812500000000e-05
0.000000000000000000e+00 3.051757812500000000e-05 3.051757812500000000e-05
0.000000000000000000e+00 3.051757812500000000e-05 3.051757812500000000e-05
0.000000000000000000e+00 3.051757812500000000e-05 3.051757812500000000e-05
0.000000000000000000e+00 3.051757812500000000e-05 3.051757812500000000e-05
0.000000000000000000e+00 3.051757812500000000e-05 3.051757812500000000e-05
0.000000000000000000e+00 3.051757812500000000e-05 3.051757812500000000e-05
0.000000000000000000e+00 3.051757812500000000e-05 3.051757812500000000e-05
0.000000000000000000e+00 3.051757812500000000e-05 3.051757812500000000e-05
0.000000000000000000e+00 3.051757812500000000e-05 3.051757812500000000e-05
0.000000000000000000e+00 3.051757812500000000e-05 3.051757812500000000e-05
0.000000000000000000e+00 3.051757812500000000e-05 3.051757812500000000e-05
0.000000000000000000e+00 3.051757812500000000e-05 3.051757812500000000e-05
0.000000000000000000e+00 3.051757812500000000e-05 3.051757812500000000e-05
0.000000000000000000e+00 3.051757812500000000e-05 3.051757812500000000e-05
0.000000000000000000e+00 3.051757812500000000e-05 3.051757812500000000e-05
0.000000000000000000e+00 3.051757812500000000e-05 3.051757812500000000e-05
0.000000000000000000e+00 3.051757812500000000e-05 3.051757812500000000e-05
0.000000000000000000e+00 3.051757812500000000e-05 3.051757812500000000e-05
0.000000000000000000e+00 3.051757812500000000e-05 3.051757812500000000e-05
0.000000000000000000e+00 3.051757812500000000e-05 3.051757812500000000e-05
0.000000000000000000e+00 3.051757812500000000e-05 3.051757812500000000e-05
0.000000000000000000e+00 3.051757812500000000e-05 3.051757812500000000e-05
0.000000000000000000e+00 3.051757812500000000e-05 3.051757812500000000e-05
0.000000000000000000e+00 3.051757812500000000e-05 3.051757812500000000e-05
0.000000000000000000e+00 3.051757812500000000e-05 3.051757812500000000e-05
0.000000000000000000e+00 3.051757812500000000e-05 3.051757812500000000e-05
0.000000000000000000e+00 3.051757812500000000e-05 3.051757812500000000e-05
0.000000000000000000e+00 3.051757812500000000e-05 3.051757812500000000e-05
0.000000000000000000e+00 3.051757812500000000e-05 3.051757812500000000e-05
0.000000000000000000e+00 3.051757812500000000e-05 3.051757812500000000e-05
0.000000000000000000e+00 3.051757812500000000e-05 3.051757812500000000e-05
0.000000000000000000e+00 3.051757812500000000e-05 3.051757812500000000e-05
0.000000000000000000e+00 3.051757812500000000e-05 3.051757812500000000e-05
0.000000000000000000e+00 3.051757812500000000e-05 3.051757812500000000e-05
0.000000000000000000e+00 3.051757812500000000e-05 3.051757812500000000e-05
0.000000000000000000e+00 3.051757812500000000e-05 3.051757812500000000e-05
0.000000000000000000e+00 3.051757812500000000e-05 3.051757812500000000e-05
0.000000000000000000e+00 3.051757812500000000e-05 3.051757812500000000e-05
0.000000000000000000e+00 3.051757812500000000e-05 3.051757812500000000e-05
0.000000000000000000e+00 3.051757812500000000e-05 3.051757812500000000e-05
0.000000000000000000e+00 3.051757812500000000e-05 3.051757812500000000e-05
0.000000000000000000e+00 3.051757812500000000e-05 3.051757812500000000e-05
0.000000000000000000e+00 3.051757812500000000e-05 3.051757812500000000e-05
0.000000000000000000e+00 3.051757812500000000e-05 3.051757812500000000e-05
0.000000000000000000e+00 3.051757812500000000e-05 3.051757812500000000e-05
0.000000000000000000e+00 3.051757812500000000e-05 3.051757812500000000e-05
0.000000000000000000e+00 3.051757812500000000e-05 3.051757812500000000e-05
0.000000000000000000e+00 3.051757812500000000e-05 3.051757812500000000e-05
0.000000000000000000e+00 3.051757812500000000e-05 3.051757812500000000e-05
0.000000000000000000e+00 3.051757812500000000e-05 3.051757812500000000e-05
0.000000000000000000e+00 3.051757812500000000e-05 3.051757812500000000e-05
0.000000000000000000e+00 3.051757812500000000e-05 3.051757812500000000e-05
0.000000000000000000e+00 3.051757812500000000e-05 3.051757812500000000e-05
0.000000000000000000e+00 3.051757812500000000e-05 3.051757812500000000e-05
0.000000000000000000e+00 3.051757812500000000e-05 3.051757812500000000e-05
0.000000000000000000e+00 3.051757812500000000e-05 3.051757812500000000e-05
0.000000000000000000e+00 3.051757812500000000e-05 3.051757812500000000e-05
0.000000000000000000e+00 3.051757812500000000e-05 3.051757812500000000e-05
0.000000000000000000e+00 3.051757812500000000e-05 3.051757812500000000e-05
0.000000000000000000e+00 3.051757812500000000e-05 3.051757812500000000e-05
0.000000000000000000e+00 3.051757812500000000e-05 3.051757812500000000e-05
0.000000000000000000e+00 3.051757812500000000e-05 3.051757812500000000e-05
0.000000000000000000e+00 3.051757812500000000e-05 3.051757812500000000e-05
0.000000000000000000e+00 3.051757812500000000e-05 3.051757812500000000e-05
0.000000000000000000e+00 3.051757812500000000e-05 3.051757812500000000e-05
0.000000000000000000e+00 3.051757812500000000e-05 3.051757812500000000e-05
0.000000000000000000e+00 3.051757812500000000e-05 3.051757812500000000e-05
0.000000000000000000e+00 3.051757812500000000e-05 3.051757812500000000e-05
0.000000000000000000e+00 3.051757812500000000e-05 3.051757812500000000e-05
0.000000000000000000e+00 3.051757812500000000e-05 3.051757812500000000e-05
0.000000000000000000e+00 3.051757812500000000e-05 3.051757812500000000e-05
0.000000000000000000e+00 3.051757812500000000e-05 3.051757812500000000e-05
0.000000000000000000e+00 3.051757812500000000e-05 3.051757812500000000e-05
0.000000000000000000e+00 3.051757812500000000e-05 3.051757812500000000e-05
0.000000000000000000e+00 3.051757812500000000e-05 3.051757812500000000e-05
0.000000000000000000e+00 3.051757812500000000e-05 3.051757812500000000e-05
0.000000000000000000e+00 3.051757812500000000e-05 3.051757812500000000e-05
0.000000000000000000e+00 3.051757812500000000e-05 3.051757812500000000e-05
0.000000000000000000e+00 3.051757812500000000e-05 3.051757812500000000e-05
0.000000000000000000e+00 3.051757812500000000e-05 3.051757812500000000e-05
0.000000000000000000e+00 3.051757812500000000e-05 3.051757812500000000e-05
0.000000000000000000e+00 3.051757812500000000e-05 3.051757812500000000e-05
0.000000000000000000e+00 3.051757812500000000e-05 3.051757812500000000e-05
0.000000000000000000e+00 3.051757812500000000e-05 3.051757812500000000e-05
0.000000000000000000e+00 3.051757812500000000e-05 3.051757812500000000e-05
0.000000000000000000e+00 3.051757812500000000e-05 3.051757812500000000e-05
0.000000000000000000e+00 3.051757812500000000e-05 3.051757812500000000e-05
0.000000000000000000e+00 3.051757812500000000e-05 3.051757812500000000e-05
0.000000000000000000e+00 3.051757812500000000e-05 3.051757812500000000e-05
0.000000000000000000e+00 3.051757812500000000e-05 3.051757812500000000e-05
0.000000000000000000e+00 3.051757812500000000e-05 3.051757812500000000e-05
0.000000000000000000e+00 3.051757812500000000e-05 3.051757812500000000e-05
0.000000000000000000e+00 3.051757812500000000e-05 3.051757812500000000e-05
0.000000000000000000e+00 3.051757812500000000e-05 3.051757812500000000e-05
0.000000000000000000e+00 3.051757812500000000e-05 3.051757812500000000e-05
0.000000000000000000e+00 3.051757812500000000e-05 3.051757812500000000e-05
0.000000000000000000e+00 3.051757812500000000e-05 3.051757812500000000e-05
0.000000000000000000e+00 3.051757812500000000e-05 3.051757812500000000e-05
0.000000000000000000e+00 3.051757812500000000e-05 3.051757812500000000e-05
0.000000000000000000e+00 3.051757812500000000e-05 3.051757812500000000e-05
0.000000000000000000e+00 3.051757812500000000e-05 3.051757812500000000e-05
0.000000000000000000e+00 3.051757812500000000e-05 3.051757812500000000e-05
0.000000000000000000e+00 3.051757812500000000e-05 3.051757812500000000e-05
0.000000000000000000e+00 3.051757812500000000e-05 3.051757812500000000e-05
0.000000000000000000e+00 3.051757812500000000e-05 3.051757812500000000e-05
0.000000000000000000e+00 3.051757812500000000e-05 3.051757812500000000e-05
0.000000000000000000e+00 3.051757812500000000e-05 3.051757812500000000e-05
0.000000000000000000e+00 3.051757812500000000e-05 3.051757812500000000e-05
0.000000000000000000e+00 3.051757812500000000e-05 3.051757812500000000e-05
0.000000000000000000e+00 3.051757812500000000e-05 3.051757812500000000e-05
0.000000000000000000e+00 3.051757812500000000e-05 3.051757812500000000e-05
0.000000000000000000e+00 3.051757812500000000e-05 3.051757812500000000e-05
0.000000000000000000e+00 3.051757812500000000e-05 3.051757812500000000e-05
0.000000000000000000e+00 3.051757812500000000e-05 3.051757812500000000e-05
0.000000000000000000e+00 3.051757812500000000e-05 3.051757812500000000e-05
0.000000000000000000e+00 3.051757812500000000e-05 3.051757812500000000e-05
0.000000000000000000e+00 3.051757812500000000e-05 3.051757812500000000e-05
0.000000000000000000e+00 3.051757812500000000e-05 3.051757812500000000e-05
0.000000000000000000e+00 3.051757812500000000e-05 3.051757812500000000e-05
0.000000000000000000e+00 3.051757812500000000e-05 3.051757812500000000e-05
0.000000000000000000e+00 3.051757812500000000e-05 3.051757812500000000e-05
0.000000000000000000e+00 3.051757812500000000e-05 3.051757812500000000e-05
0.000000000000000000e+00 3.051757812500000000e-05 3.051757812500000000e-05
0.000000000000000000e+00 3.051757812500000000e-05 3.051757812500000000e-05
0.000000000000000000e+00 3.051757812500000000e-05 3.051757812500000000e-05
0.000000000000000000e+00 3.051757812500000000e-05 3.051757812500000000e-05
0.000000000000000000e+00 3.051757812500000000e-05 3.051757812500000000e-05
0.000000000000000000e+00 3.051757812500000000e-05 3.051757812500000000e-05
0.000000000000000000e+00 3.051757812500000000e-05 3.051757812500000000e-05
0.000000000000000000e+00 3.051757812500000000e-05 3.051757812500000000e-05
0.000000000000000000e+00 3.051757812500000000e-05 3.051757812500000000e-05
0.000000000000000000e+00 3.051757812500000000e-05 3.051757812500000000e-05
0.000000000000000000e+00 3.051757812500000000e-05 3.051757812500000000e-05
0.000000000000000000e+00 3.051757812500000000e-05 3.051757812500000000e-05
0.000000000000000000e+00 3.051757812500000000e-05 3.051757812500000000e-05
0.000000000000000000e+00 3.051757812500000000e-05 3.051757812500000000e-05
0.000000000000000000e+00 3.051757812500000000e-05 3.051757812500000000e-05
0.000000000000000000e+00 3.051757812500000000e-05 3.051757812500000000e-05
0.000000000000000000e+00 3.051757812500000000e-05 3.051757812500000000e-05
0.000000000000000000e+00 3.051757812500000000e-05 3.051757812500000000e-05
0.000000000000000000e+00 3.051757812500000000e-05 3.051757812500000000e-05
0.000000000000000000e+00 3.051757812500000000e-05 3.051757812500000000e-05
0.000000000000000000e+00 3.051757812500000000e-05 3.051757812500000000e-05
0.000000000000000000e+00 3.051757812500000000e-05 3.051757812500000000e-05
0.000000000000000000e+00 3.051757812500000000e-05 3.051757812500000000e-05
0.000000000000000000e+00 3.051757812500000000e-05 3.051757812500000000e-05
0.000000000000000000e+00 3.051757812500000000e-05 3.051757812500000000e-05
0.000000000000000000e+00 3.051757812500000000e-05 3.051757812500000000e-05
0.000000000000000000e+00 3.051757812500000000e-05 3.051757812500000000e-05
0.000000000000000000e+00 3.051757812500000000e-05 3.051757812500000000e-05
0.000000000000000000e+00 3.051757812500000000e-05 3.051757812500000000e-05
0.000000000000000000e+00 3.051757812500000000e-05 3.051757812500000000e-05
0.000000000000000000e+00 3.051757812500000000e-05 3.051757812500000000e-05
0.000000000000000000e+00 3.051757812500000000e-05 3.051757812500000000e-05
0.000000000000000000e+00 3.051757812500000000e-05 3.051757812500000000e-05
0.000000000000000000e+00 3.051757812500000000e-05 3.051757812500000000e-05
0.000000000000000000e+00 3.051757812500000000e-05 3.051757812500000000e-05
0.000000000000000000e+00 3.051757812500000000e-05 3.051757812500000000e-05
0.000000000000000000e+00 3.051757812500000000e-05 3.051757812500000000e-05
0.000000000000000000e+00 3.051757812500000000e-05 3.051757812500000000e-05
0.000000000000000000e+00 3.051757812500000000e-05 3.051757812500000000e-05
0.000000000000000000e+00 3.051757812500000000e-05 3.051757812500000000e-05
0.000000000000000000e+00 3.051757812500000000e-05 3.051757812500000000e-05
0.000000000000000000e+00 3.051757812500000000e-05 3.051757812500000000e-05
0.000000000000000000e+00 3.051757812500000000e-05 3.051757812500000000e-05
0.000000000000000000e+00 3.051757812500000000e-05 3.051757812500000000e-05
0.000000000000000000e+00 3.051757812500000000e-05 3.051757812500000000e-05
0.000000000000000000e+00 3.051757812500000000e-05 3.051757812500000000e-05
0.000000000000000000e+00 3.051757812500000000e-05 3.051757812500000000e-05
0.000000000000000000e+00 3.051757812500000000e-05 3.051757812500000000e-05
0.000000000000000000e+00 3.051757812500000000e-05 3.051757812500000000e-05
0.000000000000000000e+00 3.051757812500000000e-05 3.051757812500000000e-05
0.000000000000000000e+00 3.051757812500000000e-05 3.051757812500000000e-05
0.000000000000000000e+00 3.051757812500000000e-05 3.051757812500000000e-05
0.000000000000000000e+00 3.051757812500000000e-05 3.051757812500000000e-05
0.000000000000000000e+00 3.051757812500000000e-05 3.051757812500000000e-05
0.000000000000000000e+00 3.051757812500000000e-05 3.051757812500000000e-05
0.000000000000000000e+00 3.051757812500000000e-05 3.051757812500000000e-05
0.000000000000000000e+00 3.051757812500000000e-05 3.051757812500000000e-05
0.000000000000000000e+00 3.051757812500000000e-05 3.051757812500000000e-05
0.000000000000000000e+00 3.051757812500000000e-05 3.051757812500000000e-05
0.000000000000000000e+00 3.051757812500000000e-05 3.051757812500000000e-05
0.000000000000000000e+00 3.051757812500000000e-05 3.051757812500000000e-05
0.000000000000000000e+00 3.051757812500000000e-05 3.051757812500000000e-05
-4.489270225512820289e-03 1.645995953450753863e-02 2.147428411940466644e-02
1.088735374193126743e-01 1.631442810390189013e-01 3.737082084594302578e-01
2.217572224334210529e-01 1.547383102023367485e-01 3.780177315417691530e-01
2.243880138917292433e-01 1.614826944666941655e-01 3.836005575100542297e-01
2.287835071787396868e-01 1.681569671236311514e-01 3.885632610825782707e-01
2.330535265785993182e-01 1.750869138032160599e-01 3.935385432913763859e-01
2.373813541292185136e-01 1.822526923733883697e-01 3.984621133772550117e-01
2.417458375567873297e-01 1.896620592355681145e-01 4.033321219126808632e-01
2.461460176162324764e-01 1.973194571009039278e-01 4.081396081383132923e-01
2.505787073813418586e-01 2.052294422756270054e-01 4.128758723075470760e-01
2.550407198937153508e-01 2.133963417200003265e-01 4.175317491170678630e-01
2.595286201123587766e-01 2.218242285852964901e-01 4.220976617607042347e-01
1.699044332144652447e-01 2.339638602619402707e-01 4.246529324601610589e-01
1.071361018739954984e-01 2.446688365998563874e-01 4.279781682478332461e-01
-2.903058381110035918e-02 2.571300603674064877e-01 4.302921646191992244e-01
-2.711015736542671944e-02 2.654471147992792934e-01 4.350399727658035842e-01
-1.383780621181801562e-01 2.772516177123901526e-01 4.378049457734231598e-01
-3.033177574239245278e-01 2.908005748399128398e-01 4.394690955828868262e-01
-3.040447415288262678e-01 3.006993156766365471e-01 4.434418904724468646e-01
-5.304808774385762898e-02 3.032239366346808351e-01 4.523810500966761183e-01
-3.771329325414356226e-02 3.128356679539759932e-01 4.568742683880439581e-01
-3.774383252541214928e-02 3.228813115088235985e-01 4.609014412659270810e-01
-3.785359076482326668e-02 3.331806320429364643e-01 4.647615551954610846e-01
-3.794351909032792070e-02 3.437391456138249035e-01 4.684527908183835354e-01
-3.802322447825197405e-02 3.545600914350086619e-01 4.719619729447401824e-01
-3.809116964387556509e-02 3.656433002454556602e-01 4.752753204124430808e-01
-3.814686807021018533e-02 3.769882176650940497e-01 4.783786021689251933e-01
-3.818971981160860368e-02 3.885935550799938243e-01 4.812571545320236122e-01
-3.821907989969215713e-02 4.004574031608372220e-01 4.838959392327302766e-01
-3.823429982212615125e-02 4.125770342204162500e-01 4.862795284498145909e-01
-3.823469373354165118e-02 4.249489414130427356e-01 4.883921588914146295e-01
-3.821953844676879986e-02 4.375687988907678294e-01 4.902177644000575429e-01
-3.818808948954138804e-02 4.504313614279744638e-01 4.917400048003617297e-01
-3.813956751939444334e-02 4.635304472965874334e-01 4.929423161974954004e-01
-3.807317009648721745e-02 4.768588779570392955e-01 4.938079576668728543e-01
0.000000000000000000e+00 3.051757812500000000e-05 3.051757812500000000e-05
0.000000000000000000e+00 3.051757812500000000e-05 3.051757812500000000e-05
0.000000000000000000e+00 3.051757812500000000e-05 3.051757812500000000e-05
0.000000000000000000e+00 3.051757812500000000e-05 3.051757812500000000e-05
0.000000000000000000e+00 3.051757812500000000e-05 3.051757812500000000e-05
0.000000000000000000e+00 3.051757812500000000e-05 3.051757812500000000e-05
0.000000000000000000e+00 3.051757812500000000e-05 3.051757812500000000e-05
-2.511237509626673345e-02 1.537548686056350589e-01 1.443130045782306525e-01
-1.046556982405604658e-01 5.058094910220223284e-01 4.919173183034378227e-01
-6.181673613072835582e-02 5.086893273986865527e-01 4.935028427830455700e-01
-6.031551907919566191e-02 5.234990054637485013e-01 4.930980100851863890e-01
-5.827142543286042975e-02 5.376183193110566361e-01 4.923588183380720462e-01
-6.263375579546470728e-02 5.522350436434828591e-01 4.909124618909391224e-01
-6.264792736915864024e-02 5.668299546460682237e-01 4.892037445035071208e-01
-6.268588363314880896e-02 5.815814230406564089e-01 4.870249014785412722e-01
-6.268361231991256832e-02 5.964589612584596523e-01 4.843680275825879011e-01
-6.264520455518637898e-02 6.114452430621495349e-01 4.812171023589947860e-01
-6.256838343185903983e-02 6.265206249636783298e-01 4.775575596605551865e-01
-6.245144832279591468e-02 6.416642978592936863e-01 4.733754922241411589e-01
-6.229261450685586593e-02 6.568542282829998857e-01 4.686578372245201463e-01
-6.209011671007777511e-02 6.720670950322761295e-01 4.633925029850318178e-01
-6.184217450890576451e-02 6.872784504217639423e-01 4.575684425300604596e-01
-6.154702273912536492e-02 7.024626913946708795e-01 4.511757827823404954e-01
-6.120292111847066424e-02 7.175931134418584989e-01 4.442059361082921765e-01
-6.080815876651249341e-02 7.326420026911379946e-01 4.366516966180629122e-01
-6.036106759531779248e-02 7.475807021158042964e-01 4.285073473438921754e-01
-5.986003435224824393e-02 7.623797003287990925e-01 4.197687586590506115e-01
-5.930350559678797956e-02 7.770087445632619660e-01 4.104334729532025383e-01
-5.869001716259635709e-02 7.914368982962323162e-01 4.005008230852784568e-01
-1.954678720822501659e-02 1.666535985340302783e-01 7.485285603689674494e-02
0.000000000000000000e+00 3.051757812500000000e-05 3.051757812500000000e-05
0.000000000000000000e+00 3.051757812500000000e-05 3.051757812500000000e-05
0.000000000000000000e+00 3.051757812500000000e-05 3.051757812500000000e-05
0.000000000000000000e+00 3.051757812500000000e-05 3.051757812500000000e-05
0.000000000000000000e+00 3.051757812500000000e-05 3.051757812500000000e-05
0.000000000000000000e+00 3.051757812500000000e-05 3.051757812500000000e-05
0.000000000000000000e+00 3.051757812500000000e-05 3.051757812500000000e-05
0.000000000000000000e+00 3.051757812500000000e-05 3.051757812500000000e-05
0.000000000000000000e+00 3.051757812500000000e-05 3.051757812500000000e-05
0.000000000000000000e+00 -9.460449218750000000e-02 3.051757812500000000e-05
1.841125488281250000e-01 -7.185363769531250000e-01 3.051757812500000000e-05
6.437072753906250000e-01 -9.772338867187500000e-01 3.051757812500000000e-05
8.128662109375000000e-01 -8.778381347656250000e-01 3.051757812500000000e-05
9.835205078125000000e-01 -6.455078125000000000e-01 3.051757812500000000e-05
9.999694824218750000e-01 -4.790344238281250000e-01 3.051757812500000000e-05
9.999694824218750000e-01 -3.472900390625000000e-01 3.051757812500000000e-05
9.999694824218750000e-01 -2.526855468750000000e-01 3.051757812500000000e-05
9.999694824218750000e-01 -1.101684570312500000e-01 3.051757812500000000e-05
9.999694824218750000e-01 -2.752685546875000000e-02 3.051757812500000000e-05
9.999694824218750000e-01 3.051757812500000000e-05 3.051757812500000000e-05
9.999694824218750000e-01 3.051757812500000000e-05 3.051757812500000000e-05
9.999694824218750000e-01 3.051757812500000000e-05 3.051757812500000000e-05
9.999694824218750000e-01 3.051757812500000000e-05 3.051757812500000000e-05
9.999694824218750000e-01 3.051757812500000000e-05 3.051757812500000000e-05
9.999694824218750000e-01 3.051757812500000000e-05 3.051757812500000000e-05
9.999694824218750000e-01 -2.035522460937500000e-02 3.051757812500000000e-05
9.999694824218750000e-01 -7.662963867187500000e-02 3.051757812500000000e-05
9.999694824218750000e-01 -9.579467773437500000e-02 3.051757812500000000e-05
9.999694824218750000e-01 -9.338378906250000000e-02 3.051757812500000000e-05
9.999694824218750000e-01 -9.219360351562500000e-02 3.051757812500000000e-05
9.999694824218750000e-01 -9.219360351562500000e-02 3.051757812500000000e-05
9.999694824218750000e-01 -4.428100585937500000e-02 3.051757812500000000e-05
9.999694824218750000e-01 -2.752685546875000000e-02 3.051757812500000000e-05
9.999694824218750000e-01 -1.675415039062500000e-02 3.051757812500000000e-05
9.999694824218750000e-01 3.051757812500000000e-05 3.051757812500000000e-05
9.999694824218750000e-01 3.051757812500000000e-05 3.051757812500000000e-05
9.999694824218750000e-01 3.051757812500000000e-05 3.051757812500000000e-05
9.999694824218750000e-01 3.051757812500000000e-05 3.051757812500000000e-05
9.999694824218750000e-01 3.051757812500000000e-05 3.051757812500000000e-05
9.999694824218750000e-01 3.051757812500000000e-05 3.051757812500000000e-05
9.999694824218750000e-01 3.051757812500000000e-05 3.051757812500000000e-05
9.999694824218750000e-01 3.051757812500000000e-05 3.051757812500000000e-05
9.999694824218750000e-01 3.051757812500000000e-05 3.051757812500000000e-05
9.999694824218750000e-01 3.051757812500000000e-05 3.051757812500000000e-05
9.999694824218750000e-01 2.236938476562500000e-02 3.051757812500000000e-05
9.999694824218750000e-01 8.029174804687500000e-02 3.051757812500000000e-05
9.999694824218750000e-01 1.171264648437500000e-01 3.051757812500000000e-05
9.999694824218750000e-01 1.802673339843750000e-01 3.051757812500000000e-05
9.999694824218750000e-01 2.118530273437500000e-01 3.051757812500000000e-05
9.999694824218750000e-01 2.934265136718750000e-01 3.051757812500000000e-05
9.999694824218750000e-01 3.592224121093750000e-01 3.051757812500000000e-05
9.999694824218750000e-01 3.618469238281250000e-01 3.051757812500000000e-05
9.999694824218750000e-01 5.013427734375000000e-01 3.051757812500000000e-05
9.999694824218750000e-01 6.250000000000000000e-01 3.051757812500000000e-05
9.999694824218750000e-01 7.460632324218750000e-01 3.051757812500000000e-05
9.999694824218750000e-01 7.868652343750000000e-01 3.051757812500000000e-05
9.999694824218750000e-01 7.828979492187500000e-01 3.051757812500000000e-05
9.999694824218750000e-01 7.828979492187500000e-01 3.051757812500000000e-05
9.999694824218750000e-01 7.828979492187500000e-01 3.051757812500000000e-05
9.999694824218750000e-01 7.000122070312500000e-01 3.051757812500000000e-05
9.999694824218750000e-01 7.026367187500000000e-01 3.051757812500000000e-05
9.999694824218750000e-01 7.092285156250000000e-01 3.051757812500000000e-05
9.999694824218750000e-01 8.105468750000000000e-01 3.051757812500000000e-05
9.999694824218750000e-01 9.592285156250000000e-01 3.051757812500000000e-05
8.757324218750000000e-01 1.000000000000000000e+00 3.051757812500000000e-05
5.553588867187500000e-01 1.000000000000000000e+00 3.051757812500000000e-05
2.902336774784678441e-01 9.649460332518835504e-01 8.896799292952961569e-02
2.689816161974797892e-01 9.672166607191132748e-01 8.776576262598360934e-02
2.202340661239629571e-01 9.608029668819383362e-01 1.113492510938083602e-01
1.717482120500647413e-01 9.554076015317043424e-01 1.351068110845982384e-01
1.581086301939036154e-01 9.603888206863541166e-01 1.286626262841076007e-01
1.482855733574432455e-01 9.661123385696368526e-01 1.186580281691228256e-01
1.374792404480742469e-01 9.712565840893121472e-01 1.091687177052005214e-01
1.494571311692435844e-01 9.810997153121236991e-01 7.843409414009382130e-02
1.406067049972583582e-01 9.855050901962217891e-01 6.629102045689751199e-02
1.300009611880164062e-01 9.891334763278505360e-01 5.534629190348985123e-02
1.192701607730455027e-01 9.922951982002978788e-01 4.427756479142391788e-02
1.084174853737166488e-01 9.949821833859435749e-01 3.308759854073253792e-02
6.794040108943040501e-02 9.935364213099394659e-01 4.997432347707513739e-02
5.695733737589101647e-02 9.958675172729558600e-01 3.865285780129448789e-02
4.590153807205459013e-02 9.976942649827650333e-01 2.729966864707362995e-02
3.473701636289359962e-02 9.990215519435371450e-01 1.580876599750168435e-02
2.350184609309193332e-02 9.998347225159210927e-01 4.224116013794833313e-03
1.943969726562500000e-02 1.000000000000000000e+00 3.051757812500000000e-05
1.943969726562500000e-02 1.000000000000000000e+00 3.051757812500000000e-05
1.943969726562500000e-02 1.000000000000000000e+00 3.051757812500000000e-05
1.943969726562500000e-02 1.000000000000000000e+00 3.051757812500000000e-05
1.943969726562500000e-02 1.000000000000000000e+00 3.051757812500000000e-05
1.943969726562500000e-02 1.000000000000000000e+00 3.051757812500000000e-05
1.943969726562500000e-02 1.000000000000000000e+00 3.051757812500000000e-05
1.943969726562500000e-02 1.000000000000000000e+00 3.051757812500000000e-05
1.943969726562500000e-02 1.000000000000000000e+00 3.051757812500000000e-05
1.943969726562500000e-02 1.000000000000000000e+00 3.051757812500000000e-05
1.943969726562500000e-02 1.000000000000000000e+00 3.051757812500000000e-05
1.943969726562500000e-02 1.000000000000000000e+00 3.051757812500000000e-05
1.943969726562500000e-02 1.000000000000000000e+00 3.051757812500000000e-05
1.943969726562500000e-02 1.000000000000000000e+00 3.051757812500000000e-05
1.943969726562500000e-02 1.000000000000000000e+00 3.051757812500000000e-05
1.943969726562500000e-02 1.000000000000000000e+00 3.051757812500000000e-05
1.644897460937500000e-02 1.000000000000000000e+00 3.051757812500000000e-05
1.794433593750000000e-02 1.000000000000000000e+00 -1.130371093750000000e-01
2.811155798921392557e-01 1.111580003739084166e+00 -7.169273639122472064e-01
2.674084620013987834e-01 1.112258908241738675e+00 -7.317875885354763188e-01
2.487813673914446577e-01 1.109977477504340504e+00 -7.572343872607371074e-01
2.303529078514002515e-01 1.106669930606109409e+00 -7.811615679754929653e-01
2.112828219488289139e-01 1.102117119431829773e+00 -8.049591193335294825e-01
1.842414848104117764e-01 1.099600574181947676e+00 -8.226102419275169719e-01
1.640794304871589782e-01 1.092708762603734840e+00 -8.458323283323617714e-01
1.434026907576481658e-01 1.084555568597707298e+00 -8.685643260959070577e-01
1.222202407677712432e-01 1.075084982336532047e+00 -8.908116460249587698e-01
1.005974075559695063e-01 1.064292999240569859e+00 -9.124731138197874625e-01
7.858437453482215729e-02 1.052176065943262628e+00 -9.334672085077497794e-01
5.623506160889409078e-02 1.038738062307991594e+00 -9.537121600734903559e-01
4.044909844623455208e-02 9.860909961423613979e-01 -9.478213018541007395e-01
1.267153725414909837e-01 7.051548635806254017e-01 -8.524925556606822719e-01
1.498171633808874637e-01 5.672575315080879976e-01 -7.926496206381984377e-01
1.067363135443605560e-01 6.178345363435781001e-01 -8.246497522003896075e-01
4.877672136984326223e-02 7.229840726562849484e-01 -8.960108501017016724e-01
-3.552521907361169684e-02 8.461281535249449703e-01 -9.607365649641722571e-01
-7.112989618342341336e-02 8.656141528161944709e-01 -9.863456513067028197e-01
-8.468060924631742870e-02 8.388446523420096668e-01 -9.954841076256805144e-01
-9.881880016427435631e-02 7.938704197435662024e-01 -9.791427453808708714e-01
-7.856651814545395629e-02 7.155666009748655743e-01 -9.660639495603597915e-01
-7.610226455723534400e-02 6.704377303642371499e-01 -9.660004918524039974e-01
-9.131568404377232717e-02 6.534914081564698884e-01 -9.756812635799112510e-01
-9.744662943431359192e-02 6.248257814455567827e-01 -9.799291774363655394e-01
-6.354404427671375699e-02 5.472415284732534690e-01 -9.677511218384277081e-01
-2.106748028061584954e-02 4.630533095705400837e-01 -9.522953053055877026e-01
-2.854866411564849216e-03 4.133523993764574578e-01 -9.494738044926489540e-01
4.889015453501005526e-02 3.262990756436889850e-01 -9.293668730373030318e-01
1.070439933586264658e-01 2.367523600613821999e-01 -9.102343079565007322e-01
9.878971639361003310e-02 2.246246007863241245e-01 -9.188337169417866157e-01
8.871828117587790552e-02 2.149299281701204101e-01 -9.276566202149616469e-01
6.153129908257751191e-02 2.227282726707366933e-01 -9.416091717528402016e-01
-2.061036455603229567e-02 2.791730890069535342e-01 -9.451151147918464002e-01
-8.388098388011450135e-02 3.178568885361136021e-01 -9.528283352439488318e-01
-1.056131515812686050e-01 3.157914251449762677e-01 -9.603154475271578061e-01
-4.376040802308158173e-01 5.973678654511570540e-01 -9.433001324080226846e-01
-7.170990449680045842e-01 8.282082303979617643e-01 -9.427051952761975606e-01
-7.721983487420687187e-01 8.405514462923618924e-01 -9.591655991938147219e-01
-8.474365419618073991e-01 8.583467802964913629e-01 -9.761207479248698027e-01
-9.059498739651435928e-01 8.560342462842767119e-01 -9.882101123737536685e-01
-9.391744841980015357e-01 8.283622092307748597e-01 -9.937691309695144692e-01
-9.618266302594272732e-01 7.908463062070529848e-01 -9.978249606325798604e-01
1.370257484300247894e-02 1.864423793671520294e-02 -9.992307497614116851e-01
3.148747709675352689e-03 4.497080583088124313e-03 -9.998909795271847534e-01
0.000000000000000000e+00 3.051757812500000000e-05 -9.999694824218750000e-01
0.000000000000000000e+00 3.051757812500000000e-05 -9.999694824218750000e-01
0.000000000000000000e+00 3.051757812500000000e-05 3.051757812500000000e-05
0.000000000000000000e+00 3.051757812500000000e-05 3.051757812500000000e-05
0.000000000000000000e+00 3.051757812500000000e-05 3.051757812500000000e-05
0.000000000000000000e+00 3.051757812500000000e-05 3.051757812500000000e-05
0.000000000000000000e+00 3.051757812500000000e-05 3.051757812500000000e-05
0.000000000000000000e+00 3.051757812500000000e-05 3.051757812500000000e-05
0.000000000000000000e+00 3.051757812500000000e-05 -3.637390136718750000e-01
0.000000000000000000e+00 3.051757812500000000e-05 -9.999694824218750000e-01
0.000000000000000000e+00 3.051757812500000000e-05 -9.999694824218750000e-01
0.000000000000000000e+00 3.051757812500000000e-05 -9.999694824218750000e-01
0.000000000000000000e+00 3.051757812500000000e-05 -9.999694824218750000e-01
0.000000000000000000e+00 3.051757812500000000e-05 -9.999694824218750000e-01
0.000000000000000000e+00 3.051757812500000000e-05 -9.999694824218750000e-01
0.000000000000000000e+00 3.051757812500000000e-05 -9.999694824218750000e-01
0.000000000000000000e+00 3.051757812500000000e-05 -9.999694824218750000e-01
0.000000000000000000e+00 3.051757812500000000e-05 -9.999694824218750000e-01
0.000000000000000000e+00 3.051757812500000000e-05 -9.999694824218750000e-01
0.000000000000000000e+00 3.051757812500000000e-05 -9.999694824218750000e-01
0.000000000000000000e+00 3.051757812500000000e-05 -9.999694824218750000e-01
0.000000000000000000e+00 3.051757812500000000e-05 -9.999694824218750000e-01
0.000000000000000000e+00 3.051757812500000000e-05 -9.999694824218750000e-01
0.000000000000000000e+00 3.051757812500000000e-05 -9.999694824218750000e-01
0.000000000000000000e+00 3.051757812500000000e-05 -9.999694824218750000e-01
0.000000000000000000e+00 3.051757812500000000e-05 -9.999694824218750000e-01
0.000000000000000000e+00 3.051757812500000000e-05 -9.999694824218750000e-01
0.000000000000000000e+00 3.051757812500000000e-05 -9.999694824218750000e-01
0.000000000000000000e+00 3.051757812500000000e-05 -9.999694824218750000e-01
0.000000000000000000e+00 3.051757812500000000e-05 -9.999694824218750000e-01
0.000000000000000000e+00 3.051757812500000000e-05 -9.999694824218750000e-01
0.000000000000000000e+00 3.051757812500000000e-05 -9.999694824218750000e-01
0.000000000000000000e+00 3.051757812500000000e-05 -9.999694824218750000e-01
0.000000000000000000e+00 3.051757812500000000e-05 -9.999694824218750000e-01
1.526794433593750000e-01 3.051757812500000000e-05 -9.999694824218750000e-01
8.966979980468750000e-01 -2.047729492187500000e-01 -9.999694824218750000e-01
9.999694824218750000e-01 -2.467041015625000000e-01 -9.999694824218750000e-01
0.000000000000000000e+00 3.051757812500000000e-05 -9.999694824218750000e-01
0.000000000000000000e+00 3.051757812500000000e-05 -9.999694824218750000e-01
0.000000000000000000e+00 3.051757812500000000e-05 3.051757812500000000e-05
0.000000000000000000e+00 3.051757812500000000e-05 3.051757812500000000e-05
0.000000000000000000e+00 3.051757812500000000e-05 3.051757812500000000e-05
0.000000000000000000e+00 3.051757812500000000e-05 3.051757812500000000e-05
0.000000000000000000e+00 3.051757812500000000e-05 3.051757812500000000e-05
0.000000000000000000e+00 3.051757812500000000e-05 3.051757812500000000e-05
0.000000000000000000e+00 3.051757812500000000e-05 3.051757812500000000e-05
0.000000000000000000e+00 3.051757812500000000e-05 3.051757812500000000e-05
0.000000000000000000e+00 3.051757812500000000e-05 3.051757812500000000e-05
0.000000000000000000e+00 3.051757812500000000e-05 3.051757812500000000e-05
0.000000000000000000e+00 3.051757812500000000e-05 3.051757812500000000e-05
0.000000000000000000e+00 3.051757812500000000e-05 3.051757812500000000e-05
0.000000000000000000e+00 3.051757812500000000e-05 3.051757812500000000e-05
0.000000000000000000e+00 3.051757812500000000e-05 3.051757812500000000e-05
0.000000000000000000e+00 3.051757812500000000e-05 3.051757812500000000e-05
0.000000000000000000e+00 3.051757812500000000e-05 3.051757812500000000e-05
0.000000000000000000e+00 3.051757812500000000e-05 3.051757812500000000e-05
0.000000000000000000e+00 3.051757812500000000e-05 3.051757812500000000e-05
0.000000000000000000e+00 3.051757812500000000e-05 3.051757812500000000e-05
0.000000000000000000e+00 3.051757812500000000e-05 3.051757812500000000e-05
0.000000000000000000e+00 3.051757812500000000e-05 3.051757812500000000e-05
0.000000000000000000e+00 3.051757812500000000e-05 3.051757812500000000e-05
0.000000000000000000e+00 3.051757812500000000e-05 3.051757812500000000e-05
0.000000000000000000e+00 3.051757812500000000e-05 3.051757812500000000e-05
0.000000000000000000e+00 3.051757812500000000e-05 3.051757812500000000e-05
0.000000000000000000e+00 3.051757812500000000e-05 3.051757812500000000e-05
0.000000000000000000e+00 3.051757812500000000e-05 3.051757812500000000e-05
0.000000000000000000e+00 3.051757812500000000e-05 3.051757812500000000e-05
0.000000000000000000e+00 3.051757812500000000e-05 3.051757812500000000e-05
0.000000000000000000e+00 3.051757812500000000e-05 3.051757812500000000e-05
0.000000000000000000e+00 3.051757812500000000e-05 3.051757812500000000e-05
0.000000000000000000e+00 3.051757812500000000e-05 3.051757812500000000e-05
0.000000000000000000e+00 3.051757812500000000e-05 3.051757812500000000e-05
0.000000000000000000e+00 3.051757812500000000e-05 3.051757812500000000e-05
2.978893060075696667e-02 3.798707527003424705e-02 1.243350525742332319e-01
2.313848633460525162e-01 2.949231193723333422e-01 7.997277649091538709e-01
2.351570116581585823e-01 2.997372437178746352e-01 8.167876984374871085e-01
2.295492593982068619e-01 2.928318532164145283e-01 8.274149985904475368e-01
2.239489009470851388e-01 2.860274391023270302e-01 8.373708628095517525e-01
2.181226604702727057e-01 2.788940174497688829e-01 8.472269935244169936e-01
2.120902791268457488e-01 2.714730483723274967e-01 8.569161833670330131e-01
2.058502045801271219e-01 2.637608500581626325e-01 8.664276380430183666e-01
1.994034904588062873e-01 2.557587917803321176e-01 8.757450364519189234e-01
1.927514754485910031e-01 2.474684852890639553e-01 8.848522661592922445e-01
1.858960521844131575e-01 2.388922942738422595e-01 8.937329335367097949e-01
1.788396241370399375e-01 2.300333217143959719e-01 9.023704840386502779e-01
1.715851330300529332e-01 2.208954252274736574e-01 9.107482583895668560e-01
1.641360821624536781e-01 2.114832707864854611e-01 9.188495317520325445e-01
1.564965388344477515e-01 2.018023209813697982e-01 9.266576008074625115e-01
1.486711510450339779e-01 1.918588954708724814e-01 9.341558261076770009e-01
1.406651540213951501e-01 1.816601493847625204e-01 9.413277220996003614e-01
1.324853911822158059e-01 1.712161313731398182e-01 9.481559098779739347e-01
1.241371439967904194e-01 1.605337624895785409e-01 9.546257081450890691e-01
1.156276177974542435e-01 1.496228880078200041e-01 9.607214298235886574e-01
1.069644164815026083e-01 1.384941147984959098e-01 9.664279471304116909e-01
9.815571599579440976e-02 1.271589037972415681e-01 9.717306677734209863e-01
8.921025080056516066e-02 1.156295502357273658e-01 9.766156173282264374e-01
8.013730987161760133e-02 1.039191787626969204e-01 9.810695135286879864e-01
7.094667133857986141e-02 9.204166842475143551e-02 9.850798652931390675e-01
6.164860480573106094e-02 8.001163835744025399e-02 9.886350363680985742e-01
5.225386109052364281e-02 6.784442913636781758e-02 9.917243138009170789e-01
4.277362634750550563e-02 5.555604678381342865e-02 9.943379854381136917e-01
3.321950453850078949e-02 4.316313106432965313e-02 9.964674051788169340e-01
2.360636788157910795e-02 3.068676530189886481e-02 9.981046386535062931e-01
1.394303710530103539e-02 1.813990522097500349e-02 9.992441612723261812e-01
4.242394551955938446e-03 5.541044156773961178e-03 9.998807977601643637e-01
0.000000000000000000e+00 3.051757812500000000e-05 1.000000000000000000e+00
0.000000000000000000e+00 3.051757812500000000e-05 1.000000000000000000e+00
1.990966796875000000e-01 -1.389160156250000000e-01 1.000000000000000000e+00
9.685363769531250000e-01 -4.275207519531250000e-01 1.000000000000000000e+00
9.999694824218750000e-01 -6.251220703125000000e-01 1.000000000000000000e+00
9.999694824218750000e-01 -6.790161132812500000e-01 1.000000000000000000e+00
9.999694824218750000e-01 -6.802368164062500000e-01 1.000000000000000000e+00
9.999694824218750000e-01 -6.790161132812500000e-01 1.000000000000000000e+00
9.999694824218750000e-01 -6.802368164062500000e-01 1.000000000000000000e+00
9.999694824218750000e-01 -6.706542968750000000e-01 1.000000000000000000e+00
9.999694824218750000e-01 -6.706542968750000000e-01 1.000000000000000000e+00
9.999694824218750000e-01 -6.730346679687500000e-01 1.000000000000000000e+00
9.999694824218750000e-01 -6.730346679687500000e-01 1.000000000000000000e+00
9.999694824218750000e-01 -6.730346679687500000e-01 1.000000000000000000e+00
9.999694824218750000e-01 -6.323242187500000000e-01 1.000000000000000000e+00
9.999694824218750000e-01 -5.353088378906250000e-01 1.000000000000000000e+00
9.999694824218750000e-01 -5.293273925781250000e-01 1.000000000000000000e+00
9.999694824218750000e-01 -4.993896484375000000e-01 1.000000000000000000e+00
9.999694824218750000e-01 -5.029907226562500000e-01 1.000000000000000000e+00
9.999694824218750000e-01 -5.029907226562500000e-01 1.000000000000000000e+00
9.999694824218750000e-01 -5.053710937500000000e-01 1.000000000000000000e+00
9.999694824218750000e-01 -5.173645019531250000e-01 1.000000000000000000e+00
9.999694824218750000e-01 -5.173645019531250000e-01 1.000000000000000000e+00
9.999694824218750000e-01 -5.041809082031250000e-01 1.000000000000000000e+00
1.601562500000000000e-01 -6.585693359375000000e-02 1.000000000000000000e+00
0.000000000000000000e+00 3.051757812500000000e-05 1.000000000000000000e+00
0.000000000000000000e+00 3.051757812500000000e-05 1.000000000000000000e+00
0.000000000000000000e+00 3.051757812500000000e-05 1.000000000000000000e+00
0.000000000000000000e+00 3.051757812500000000e-05 1.000000000000000000e+00
0.000000000000000000e+00 3.051757812500000000e-05 1.000000000000000000e+00
0.000000000000000000e+00 3.051757812500000000e-05 1.000000000000000000e+00
0.000000000000000000e+00 3.051757812500000000e-05 3.051757812500000000e-05
0.000000000000000000e+00 3.051757812500000000e-05 3.051757812500000000e-05
0.000000000000000000e+00 3.051757812500000000e-05 3.051757812500000000e-05
0.000000000000000000e+00 3.051757812500000000e-05 3.051757812500000000e-05
0.000000000000000000e+00 3.051757812500000000e-05 3.051757812500000000e-05
0.000000000000000000e+00 3.051757812500000000e-05 3.051757812500000000e-05
0.000000000000000000e+00 3.051757812500000000e-05 3.051757812500000000e-05
5.459495979049777681e-02 -1.389065036163851241e-01 3.204807464865018496e-02
3.552706060111374686e-01 -7.739293527239030634e-01 2.083313783771954808e-01
3.542455432731902998e-01 -7.757193908683428507e-01 2.077685698493713373e-01
3.481856716824801579e-01 -7.859652013755870081e-01 2.044348778012816670e-01
3.416236157574856214e-01 -7.966576979297789185e-01 2.005576933186841160e-01
3.347583325434360657e-01 -8.072377323752850664e-01 1.964995768846640456e-01
3.276008178046584951e-01 -8.176778978340984994e-01 1.922610824711592503e-01
3.201488689532084875e-01 -8.279678480341189362e-01 1.878417546676924565e-01
3.124090763401947135e-01 -8.380864474899301086e-01 1.832457781262095131e-01
2.762701722872572541e-01 -8.243480432842137384e-01 2.062740924098074025e-01
2.535835462658005413e-01 -8.221911035488238539e-01 2.169115693580217497e-01
2.458776520772789631e-01 -8.324739804468282989e-01 2.125960040216082481e-01
2.326338084852537791e-01 -8.380631645196299218e-01 2.140279757253117365e-01
2.245515045854984404e-01 -8.479286719108615200e-01 2.095948154639164229e-01
2.422486311025053851e-01 -8.782602821585464570e-01 1.752404804331068322e-01
2.397179941114503943e-01 -8.920302948442043744e-01 1.625778007568794981e-01
2.295684986076175216e-01 -8.999224087580071085e-01 1.578949372658510208e-01
2.250685588421224292e-01 -9.120885605668804796e-01 1.456458187766690726e-01
2.150153697833558641e-01 -9.198880383523946325e-01 1.396870426626991846e-01
2.047285728205436028e-01 -9.274029494382892702e-01 1.335453920169363540e-01
1.942269153983883501e-01 -9.345972847686984109e-01 1.272788737047635121e-01
1.835285309054531244e-01 -9.414553885594751925e-01 1.208968586891284586e-01
1.726447113417449164e-01 -9.479669539767040520e-01 1.144074900409861872e-01
1.615879589528604887e-01 -9.541221277026764591e-01 1.078194285917455641e-01
1.503719066799848736e-01 -9.599113858123411447e-01 1.011428042912735081e-01
1.390082571364548436e-01 -9.653279810125439120e-01 9.438450978835434546e-02
1.275102623551157277e-01 -9.703649316684529458e-01 8.755373674609741308e-02
1.158909919939621336e-01 -9.750163955398531979e-01 8.065951906969007212e-02
1.041639082334055999e-01 -9.792773831932606310e-01 7.371095324689069805e-02
9.234290928164530510e-02 -9.831437507589938507e-01 6.671733664959487997e-02
8.044179508088498964e-02 -9.866123646937948743e-01 5.968795740643444842e-02
6.847449568490353300e-02 -9.896810117847482102e-01 5.263212328381851324e-02
5.645496010304372481e-02 -9.923484137268939742e-01 4.555910364486706610e-02
4.439709498062122117e-02 -9.946142183129740300e-01 3.847808749042741505e-02
3.231471431189868182e-02 -9.964789825228139719e-01 3.139814767321128658e-02
2.022148846024855035e-02 -9.979441509707643876e-01 2.432820821956281979e-02
8.135215739090984055e-03 -9.990117272404410720e-01 1.727937926617908321e-02
-3.941982813894080728e-03 -9.996856858765768017e-01 1.025409077165837304e-02
-1.599020607470983540e-02 -9.999692690406901674e-01 3.264415814531545189e-03
-2.157592773437500000e-02 -9.999694824218750000e-01 3.051757812500000000e-05
-2.157592773437500000e-02 -9.999694824218750000e-01 3.051757812500000000e-05
-2.157592773437500000e-02 -9.999694824218750000e-01 3.051757812500000000e-05
-2.157592773437500000e-02 -9.999694824218750000e-01 3.051757812500000000e-05
-2.157592773437500000e-02 -9.999694824218750000e-01 3.051757812500000000e-05
-2.157592773437500000e-02 -9.999694824218750000e-01 3.051757812500000000e-05
-2.157592773437500000e-02 -9.999694824218750000e-01 3.051757812500000000e-05
-2.157592773437500000e-02 -9.999694824218750000e-01 3.051757812500000000e-05
-2.157592773437500000e-02 -9.999694824218750000e-01 3.051757812500000000e-05
-6.042480468750000000e-02 -9.999694824218750000e-01 3.051757812500000000e-05
-7.119750976562500000e-02 -9.999694824218750000e-01 3.051757812500000000e-05
-7.119750976562500000e-02 -9.999694824218750000e-01 3.051757812500000000e-05
-8.306884765625000000e-02 -9.999694824218750000e-01 3.051757812500000000e-05
-4.113538991157024427e-02 -9.851749257400164161e-01 1.206022344991264511e-01
-4.607967434232566190e-02 -9.882240170872375051e-01 1.084694861977707758e-01
-5.023043577922668007e-02 -9.909823929390956243e-01 9.580818842481644837e-02
-5.438817289434587365e-02 -9.933666786347414845e-01 8.314057936455836184e-02
-5.857837883334896661e-02 -9.953888335094065454e-01 7.041436001551022728e-02
-6.279715655998593937e-02 -9.970466621453468736e-01 5.764166981867260148e-02
-6.703746200193727578e-02 -9.983377137642728272e-01 4.484426610570392546e-02
-7.130022101155593373e-02 -9.992624559378792126e-01 3.202195982504517369e-02
-1.046648718705067704e-01 -9.997441253278818163e-01 2.893286150080837810e-02
-1.884605607592900745e-01 -1.000247399426958506e+00 4.280658373212674339e-02
-2.237677303182516175e-01 -1.000808570897393723e+00 4.040627066491552649e-02
-2.271635651783363297e-01 -1.000919783621779580e+00 2.715254348328230774e-02
-2.324747026412991302e-01 -1.000683965508889939e+00 1.453797075524561853e-02
-2.358350686203405655e-01 -1.000051430215238346e+00 1.322237622242597921e-03
-2.373352050781250000e-01 -9.999694824218750000e-01 3.051757812500000000e-05
-2.373352050781250000e-01 -9.999694824218750000e-01 3.051757812500000000e-05
-2.373352050781250000e-01 -9.999694824218750000e-01 3.051757812500000000e-05
-3.182373046875000000e-01 -9.999694824218750000e-01 3.051757812500000000e-05
-4.153442382812500000e-01 -9.999694824218750000e-01 3.051757812500000000e-05
-5.301998904485406561e-01 -9.583734405244221932e-01 1.810779629984340597e-02
-5.366436206851308288e-01 -9.402707307457761621e-01 8.433931993688645670e-03
-5.521295821230652878e-01 -9.306243975719112882e-01 6.713816271700518692e-04
-5.577392578125000000e-01 -9.269409179687500000e-01 3.051757812500000000e-05
-5.577392578125000000e-01 -9.089660644531250000e-01 3.051757812500000000e-05
-5.577392578125000000e-01 -9.999694824218750000e-01 3.051757812500000000e-05
0.000000000000000000e+00 3.051757812500000000e-05 3.051757812500000000e-05
0.000000000000000000e+00 3.051757812500000000e-05 3.051757812500000000e-05
0.000000000000000000e+00 3.051757812500000000e-05 3.051757812500000000e-05
0.000000000000000000e+00 3.051757812500000000e-05 3.051757812500000000e-05
-1.514202452699057178e-01 -1.055983149104379737e-01 5.794902703075061924e-03
-9.448270192568005710e-01 -3.982375046140772534e-01 1.789064594809380293e-01
-9.471442516153903979e-01 -4.231151123449716778e-01 1.719998656687856953e-01
-9.338450626446401781e-01 -4.599915183914371486e-01 1.492130542614085453e-01
-9.328247749367465369e-01 -4.796918914076914175e-01 1.343820016032664932e-01
-9.351506782656715533e-01 -4.770461778357402149e-01 1.260103124977981770e-01
-9.389880234126010139e-01 -4.833500031205708036e-01 1.155508224250474808e-01
-9.145445226428883245e-01 -5.043547979505034196e-01 9.334358718498465823e-02
-5.791983670816256424e-01 -9.234340840270854889e-02 4.797681422671726259e-01
-5.837571214566332767e-01 -9.879596543299318245e-02 4.804122785560597242e-01
-6.004142344406795395e-01 -7.804484549251361480e-02 4.637607669445554248e-01
-6.320617142805193822e-01 -4.580766507648531549e-02 4.478112567997268312e-01
-7.022844013711568856e-01 2.655103672952963123e-02 4.232296502511886938e-01
-7.041987415621956403e-01 3.231397198906693635e-03 4.345361628199469473e-01
-6.963749675977344289e-01 -3.943674553365833502e-02 4.551140471764075768e-01
-6.722100986182841798e-01 -7.334137102865828650e-02 4.578054585237577578e-01
-6.773456718378705332e-01 -8.083227210077353897e-02 4.567261724338130824e-01
-6.752638171632303621e-01 -1.034965500409181227e-01 4.636998595032295056e-01
-6.392305920792387131e-01 -1.688482055683953043e-01 4.848776779423191741e-01
-6.226563033301126815e-01 -1.902028603389880335e-01 4.820595862533110787e-01
0.000000000000000000e+00 3.051757812500000000e-05 3.051757812500000000e-05
0.000000000000000000e+00 3.051757812500000000e-05 3.051757812500000000e-05
0.000000000000000000e+00 3.051757812500000000e-05 3.051757812500000000e-05
0.000000000000000000e+00 3.051757812500000000e-05 3.051757812500000000e-05
0.000000000000000000e+00 3.051757812500000000e-05 3.051757812500000000e-05
-7.876559437837969690e-02 1.074100496373993352e-02 1.397588262360919403e-02
-8.506232224240379836e-01 2.122561642998785636e-01 2.764063095963050776e-01
-8.511144478151768666e-01 2.119114666901307509e-01 2.760627095674781928e-01
-8.573632504836348200e-01 2.075016313520288147e-01 2.715401201881568194e-01
-8.631835292204295129e-01 2.035063639430533533e-01 2.669780652679591415e-01
-8.689787247146302240e-01 1.994316730276222416e-01 2.622466007691916512e-01
-8.746864623377574866e-01 1.953048919402571304e-01 2.574036610812777126e-01
-8.803041323059386247e-01 1.911203902831666024e-01 2.524545415068899512e-01
-8.858279582101076244e-01 1.868787492032961683e-01 2.474015222218933774e-01
-8.912548214752386011e-01 1.825809429705077258e-01 2.422457987331617657e-01
-8.896407383505269273e-01 1.530485220578445826e-01 2.528931677333820516e-01
-8.893461187825114633e-01 1.276070418091694303e-01 2.610216020436801343e-01
-6.877323482839060587e-01 -3.444085655063729434e-01 3.344618814502297033e-01
-6.946430476524422248e-01 -3.408349921596719456e-01 3.339781464089766616e-01
-7.020309833563653790e-01 -3.382104528954636979e-01 3.321151722249175431e-01
-7.099724321692875151e-01 -3.357667180309015231e-01 3.295427925779624845e-01
-7.180148482313308822e-01 -3.333092178808518824e-01 3.266864425081447698e-01
-7.260591557510251981e-01 -3.307756861636495516e-01 3.236574178611722474e-01
-9.190270025287323730e-01 9.340218818197282280e-02 2.337035727314380473e-01
-9.227733516550133963e-01 8.841947352847617791e-02 2.298263858488606981e-01
-9.274043900856432376e-01 8.337580221030305161e-02 2.241081526564524251e-01
-7.570861319806367895e-01 -3.180973230173034239e-01 3.123505588349194118e-01
-7.453343897366851989e-01 -2.643654657930409324e-01 3.349902575450084408e-01
-7.527976196629420080e-01 -2.611142416888529438e-01 3.321322603045877009e-01
-7.605123599154003378e-01 -2.578652261486903408e-01 3.288472999621052106e-01
-7.682357745818182426e-01 -2.545887757292328857e-01 3.253303646578908914e-01
-7.759251815036687372e-01 -2.512397291476619610e-01 3.216447642092615800e-01
-7.835582021853826351e-01 -2.478072613641879030e-01 3.178133236452359567e-01
-7.911249820623874607e-01 -2.442874782520829124e-01 3.138442988381863752e-01
-7.986193035793409667e-01 -2.406794688447629338e-01 3.097409948396177559e-01
-8.060363398591787742e-01 -2.369833370440036779e-01 3.055049653467530879e-01
-8.133717362429766506e-01 -2.331996277298539200e-01 3.011371824098505456e-01
-9.747766996936897410e-01 7.652909990085829395e-02 1.277963063632683582e-01
-9.772375226977028095e-01 7.196496206227721848e-02 1.216074882207415775e-01
-8.348400303196885641e-01 -2.211416172769521127e-01 2.874478770553980933e-01
-8.416215881369756291e-01 -2.166996855540236355e-01 2.830706318101092189e-01
-8.482627110158711403e-01 -2.122938249097962304e-01 2.784975243654143617e-01
-8.549731380462388675e-01 -2.079257533005710867e-01 2.735020993620287388e-01
-8.616387139863146416e-01 -2.035174845284221934e-01 2.682685036714617666e-01
-8.682164880629228421e-01 -1.990474889379203749e-01 2.628607822956878226e-01
-8.746864393339980337e-01 -1.945064701637866933e-01 2.573077370078240556e-01
-8.810377780504066170e-01 -1.898915986422253233e-01 2.516227112220776330e-01
-8.872637030361254507e-01 -1.852026002511460157e-01 2.458124908186768709e-01
-8.933590831954940636e-01 -1.804403463154158338e-01 2.398811280887487851e-01
-8.993193805518218120e-01 -1.756063062149050280e-01 2.338317416494797851e-01
-9.051408005685113167e-01 -1.707020018536765382e-01 2.276665389110238691e-01
-9.108174262182923142e-01 -1.657301169187068157e-01 2.213908951114605117e-01
-9.163477720702353224e-01 -1.606917578655582268e-01 2.150040816905890995e-01
-9.217285923973046469e-01 -1.555903493928595671e-01 2.085066831428545320e-01
-9.269558201278391696e-01 -1.504263939887068857e-01 2.019033341487873612e-01
-9.320259221668540928e-01 -1.452021123459177054e-01 1.951967569028972838e-01
-9.369355708966584650e-01 -1.399196560428149771e-01 1.883896428711238358e-01
-9.395958669902192417e-01 -1.249300914586622957e-01 1.879741664528633005e-01
-9.406004259976695758e-01 -1.020281346185781257e-01 1.928598276419750679e-01
-9.413641985130386525e-01 -7.733656266855659656e-02 1.989742614450451808e-01
-9.451342501127110163e-01 -6.748664273558790949e-02 1.949569121729741450e-01
-9.496004048467533432e-01 -6.191098228593694408e-02 1.879161759746734717e-01
-9.538876272199882100e-01 -5.628162349580295709e-02 1.808005392730248351e-01
-9.664722181893248276e-01 -1.012960334048343819e-01 1.385786290665499132e-01
-9.699718785337937410e-01 -9.559466209214764754e-02 1.311819118600776879e-01
-9.732984382404905599e-01 -8.992712996785047486e-02 1.236267801748768408e-01
-9.764471684195658030e-01 -8.422031385064066011e-02 1.159720937553808673e-01
-9.794074335340867687e-01 -7.848419080302676543e-02 1.082452747186551240e-01
-9.821762431684770700e-01 -7.272029189473086519e-02 1.004543422045717643e-01
-9.847513818483839554e-01 -6.693148151559968895e-02 9.260437786382580416e-02
-9.871310793806810091e-01 -6.112057601104253779e-02 8.469942734114974114e-02
-9.683293204632816842e-01 -1.639234184699428221e-01 -4.519650989277729236e-03
-9.170160769221153974e-01 -4.717686215631227697e-01 -2.447629819117203009e-01
-9.256580117207091618e-01 -4.679238365877530503e-01 -2.526849534850618140e-01
-9.337311611318612758e-01 -4.646013690689156928e-01 -2.631352789835331718e-01
-9.417624395231016798e-01 -4.616175115838616616e-01 -2.744475157030522583e-01
-9.496442260075137476e-01 -4.584149809524785679e-01 -2.859535477949730620e-01
-9.573809343818714401e-01 -4.549698645701961142e-01 -2.976301354775224839e-01
-9.649609026301095849e-01 -4.512808330576243421e-01 -3.094707216168722796e-01
-9.723765820064678156e-01 -4.473433976416511526e-01 -3.214703213748980604e-01
-9.798767728529116372e-01 -4.375317789238455379e-01 -3.292136666398716160e-01
-9.868479585529447151e-01 -4.330723400009388047e-01 -3.414526028861251117e-01
-9.936336485082531977e-01 -4.283361609207594345e-01 -3.537622690119691660e-01
-1.132411669094171458e+00 1.910545771913853552e-01 -4.054795154714883054e-01
-1.135042623890927471e+00 1.845844051628381943e-01 -4.157951368922698232e-01
-1.013765749590632259e+00 -4.108603299250227492e-01 -3.875087231928994180e-01
-1.020660026437056889e+00 -4.035972434582198454e-01 -3.968205349398019610e-01
-1.026304336264886041e+00 -3.978384073796416009e-01 -4.101111159354551838e-01
-1.141812534637957954e+00 1.631024686519589872e-01 -4.675807929447494127e-01
-1.143050661981655169e+00 1.567027148532840752e-01 -4.792845376348459085e-01
-1.143270041517258750e+00 1.523138045106517680e-01 -4.947455094621917016e-01
-1.048689541001817105e+00 -3.690096387803694644e-01 -4.571509244872689615e-01
-1.054050576834543840e+00 -3.607174632325235164e-01 -4.680949007983734034e-01
-1.049970997147270158e+00 -3.037958973723420830e-01 -4.377082507682867885e-01
-1.000000000000000000e+00 3.051757812500000000e-05 3.051757812500000000e-05
-1.000000000000000000e+00 3.051757812500000000e-05 3.051757812500000000e-05
-1.000000000000000000e+00 3.051757812500000000e-05 3.051757812500000000e-05
-1.000000000000000000e+00 3.051757812500000000e-05 3.051757812500000000e-05
-1.000000000000000000e+00 3.051757812500000000e-05 3.051757812500000000e-05
-1.000000000000000000e+00 3.051757812500000000e-05 3.051757812500000000e-05
-1.000000000000000000e+00 3.051757812500000000e-05 3.051757812500000000e-05
-1.000000000000000000e+00 -1.101684570312500000e-01 3.051757812500000000e-05
-9.902954101562500000e-01 -3.616638183593750000e-01 3.051757812500000000e-05
-8.975219726562500000e-01 -6.119689941406250000e-01 3.051757812500000000e-05
-7.648620605468750000e-01 -8.347167968750000000e-01 3.051757812500000000e-05
-6.084289550781250000e-01 -9.544677734375000000e-01 3.051757812500000000e-05
-5.803833007812500000e-01 -9.700317382812500000e-01 3.051757812500000000e-05
-5.588073730468750000e-01 -9.891967773437500000e-01 3.051757812500000000e-05
-5.095988834530786882e-01 -9.973058134838975741e-01 8.357952012430119523e-03
-4.964503713752504988e-01 -9.998601830521445244e-01 3.869525476929090149e-04
-4.536563407325111541e-01 -9.974838984280349763e-01 8.501340160685811470e-03
-3.784110404145413220e-01 -9.902381440464803619e-01 3.475522314512648203e-02
-3.692047796643357360e-01 -9.929960948234156648e-01 2.613096990143896209e-02
-3.649841248698866281e-01 -9.961057023597258420e-01 1.522462005045801745e-02
-3.582445174640775387e-01 -9.986226783889510239e-01 5.609278885457778807e-03
-3.549194335937500000e-01 -9.999694824218750000e-01 3.051757812500000000e-05
0.000000000000000000e+00 1.236877441406250000e-01 3.051757812500000000e-05
0.000000000000000000e+00 3.051757812500000000e-05 3.051757812500000000e-05
0.000000000000000000e+00 3.051757812500000000e-05 3.051757812500000000e-05
-3.804273498051171098e-01 1.287767588027746157e-01 -2.794712962099116238e-01
-4.209546761323322839e-01 1.425117125715283373e-01 -3.069059851693725083e-01
-4.228147036475634613e-01 1.430753507410740810e-01 -3.113047503139289018e-01
-4.246666700860532440e-01 1.436462503034109661e-01 -3.158142664700656077e-01
-4.264891588217238350e-01 1.442081927645772754e-01 -3.203781836267542982e-01
-4.282827291424656790e-01 1.447621341707915066e-01 -3.250019269232471419e-01
-4.300459682351787660e-01 1.453073496111609575e-01 -3.296851371287417010e-01
-4.317776151354317249e-01 1.458432934338207143e-01 -3.344279879985864179e-01
-4.334763689728028391e-01 1.463694087668028498e-01 -3.392305811095834844e-01
-4.351408970443529922e-01 1.468851508980282827e-01 -3.440929801155083734e-01
-4.367698777654281383e-01 1.473899757076427841e-01 -3.490153165463388829e-01
-4.383619389383561216e-01 1.478833428254141269e-01 -3.539976308981517272e-01
-4.399156961948700317e-01 1.483647179318360876e-01 -3.590399738211028646e-01
-4.414297349442966034e-01 1.488335712223901874e-01 -3.641423530163557798e-01
-4.429026341028942104e-01 1.492893672037856057e-01 -3.693047986508596336e-01
-4.443329371453225152e-01 1.497315747178862844e-01 -3.745272818901826950e-01
-4.457191650193388366e-01 1.501596640411666517e-01 -3.798097474213423252e-01
-4.470598278043103058e-01 1.505731018325673354e-01 -3.851521525702170656e-01
-4.483534036455069094e-01 1.509713547798855193e-01 -3.905543956231384284e-01
-5.041698701300959540e-01 -3.033622206782866648e-01 -3.227094810316227802e-01
-5.678142162040622498e-01 -8.089028061806317060e-01 -2.461913813842115939e-01
-5.685865473169906537e-01 -8.142147569901100335e-01 -2.543105727412999784e-01
-5.670282698498513296e-01 -8.255028925953071806e-01 -2.652057972606706171e-01
-5.654324045652023845e-01 -8.361016881416649671e-01 -2.760928283232556568e-01
-5.635246639276555447e-01 -8.467084914635198967e-01 -2.872511159905022371e-01
-5.613286991220003408e-01 -8.572357936241538079e-01 -2.986496921353605227e-01
-5.588345334743493042e-01 -8.676781905515867921e-01 -3.102884261449559977e-01
-5.560362797849468519e-01 -8.780214229004708049e-01 -3.221634203541982044e-01
-5.475586041848489183e-01 -8.875238907539725330e-01 -3.299327863113390436e-01
-5.450815686243027924e-01 -8.977906259645549447e-01 -3.429728758183069326e-01
3.301876633423056484e-02 -9.730811680696911381e-01 1.430490367997196977e-01
1.132696612501534750e-01 -9.738700894680227815e-01 2.002531673948957647e-01
3.130008727156687875e-01 -9.439742082366773257e-01 3.552998088819261380e-01
4.003091458582008766e-01 -8.344070803782015489e-01 4.051941974238363331e-01
4.934648072583165956e-01 -5.044918219968546058e-01 4.404182149937412860e-01
5.842105174537606249e-01 -3.718422811287214191e-01 4.958870153720234542e-01
5.868308417572845048e-01 -4.980784468843547086e-01 4.990680200723959237e-01
5.195973995212811447e-01 -4.453473866393592440e-01 4.311378195693224558e-01
0.000000000000000000e+00 3.051757812500000000e-05 3.051757812500000000e-05
0.000000000000000000e+00 3.051757812500000000e-05 3.051757812500000000e-05
0.000000000000000000e+00 3.051757812500000000e-05 3.051757812500000000e-05
0.000000000000000000e+00 3.051757812500000000e-05 3.051757812500000000e-05
-4.745784160439370791e-01 3.475728184774580509e-02 -4.025180583331068318e-01
-4.745826193005138749e-01 3.476167554330137494e-02 -4.025341075156323445e-01
-4.759272153102797054e-01 3.443747012370096394e-02 -4.087747245878833313e-01
-4.770783016425921841e-01 3.419652841753215156e-02 -4.144841373101312287e-01
-4.781826488203358427e-01 3.393225038280932304e-02 -4.203170154760791366e-01
-4.792239582602527137e-01 3.366207795273522263e-02 -4.262088460730490969e-01
-4.802015758009679502e-01 3.338360656425937850e-02 -4.321655270883204558e-01
-4.811133171191442348e-01 3.309721337187510048e-02 -4.381860376995591055e-01
-4.819571081746254482e-01 3.280292047678996098e-02 -4.442698793757685616e-01
-4.827308569134791671e-01 3.250080123207286370e-02 -4.504165534518214109e-01
-4.834324505027538521e-01 3.219093204199023617e-02 -4.566255149339331076e-01
-4.840597593534568532e-01 3.187339558236234466e-02 -4.628962215529247581e-01
-4.846106244760252646e-01 3.154829144355399129e-02 -4.692279802705022762e-01
4.318411893180773564e-02 -1.618143972400024055e-01 3.051757812500000000e-05
3.651680534890566765e-02 -3.148232622724220220e-01 3.051757812500000000e-05
3.657030319924103878e-02 -3.566692719257750777e-01 3.051757812500000000e-05
8.122822255891226639e-03 -3.496357284967226420e-01 3.051757812500000000e-05
-4.857622746035995531e-01 2.483236549389169004e-02 -4.806529136534000157e-01
-4.858819958738369027e-01 2.232913314480639358e-02 -4.806017734528015284e-01
-4.862225827511202914e-01 2.213086451928769280e-02 -4.877469008056581901e-01
-4.864505312993807618e-01 2.174445415153140534e-02 -4.942714893601011239e-01
-4.865924840081863878e-01 2.136632902968946951e-02 -5.009197752157010797e-01
-4.866440398339008655e-01 2.098216481548480228e-02 -5.076190943653872134e-01
-4.866030177696996084e-01 2.059317393999493540e-02 -5.143753449810488654e-01
-4.864670774235428374e-01 2.019958749640024184e-02 -5.211867313457546613e-01
-4.862338693330263695e-01 1.980170251373376475e-02 -5.280522441639472486e-01
-4.859010451139907372e-01 1.939984135975102858e-02 -5.349704882627424052e-01
-4.854662402844743263e-01 1.899434483050125785e-02 -5.419402037156485497e-01
-4.849270942374082627e-01 1.858558204431088115e-02 -5.489599193993397463e-01
-4.842812399902960419e-01 1.817394418842336809e-02 -5.560281522105272600e-01
-4.835263122925416157e-01 1.775984893355105412e-02 -5.631433203645123120e-01
-4.826599501084692934e-01 1.734373983375902054e-02 -5.703037513287936289e-01
-4.910343553221507840e-02 -9.372603221760414383e-02 -7.987019836238873349e-02
-5.361849617451053263e-02 -5.778231717966722525e-03 -8.968699834252591430e-02
-5.315775194428407069e-02 3.476430035717517630e-02 -9.076440926536000209e-02
-5.405873982523456966e-02 3.476102492338244837e-02 -9.197302470357615611e-02
-5.487484977212919723e-02 3.526022343401780806e-02 -9.311400928143021005e-02
-5.571039734283633749e-02 3.571085367767820595e-02 -9.428277477194324518e-02
-5.655301891840092132e-02 3.617281345290407346e-02 -9.546770323507247635e-02
-5.740430334700441506e-02 3.663967047939960253e-02 -9.667065932657148419e-02
-5.826418277841116655e-02 3.711222114240991798e-02 -9.789185543819489688e-02
-5.913277842209607726e-02 3.759047404986902430e-02 -9.913170507593882519e-02
-6.093401575562795713e-02 -6.203841249434495497e-03 -9.960658722940929355e-02
-6.342851592997922339e-02 -8.112507044671045386e-02 -9.952492563613712928e-02
-6.607487773664733055e-02 -1.626711807033318913e-01 -9.938806876262484824e-02
-6.929941134109318668e-02 -2.788641415443103844e-01 -9.884869504760784853e-02
-7.453931477514852411e-02 -5.206663512071656452e-01 -9.669220265505262812e-02
-1.004803051905229783e-01 -7.124931367158637840e-01 -1.236791513940084242e-01
-1.115271888822655377e-01 -7.694411471780593370e-01 -1.417728429138745971e-01
-1.183156984386708466e-01 -7.853861064775835565e-01 -1.589004260332482765e-01
-1.142920492568690882e-01 -7.931546082163656308e-01 -1.640957794476995968e-01
-1.115277330309174530e-01 -7.770329344457856946e-01 -1.709870917695288650e-01
-1.084012676469848779e-01 -7.512604516874870075e-01 -1.769075723330648664e-01
-6.611477486485228816e-02 -6.454961142619386472e-01 -1.315101264098983425e-01
-6.537656813726178129e-02 -4.510874974408576876e-01 -1.296683293059794906e-01
-6.505588906165460372e-02 -4.225010253128242965e-01 -1.324786935502213492e-01
-6.917589041792981952e-02 -2.800855564622008465e-01 -1.317833600772482239e-01
-7.059837726168427530e-02 -2.451512730837127618e-01 -1.333158783435304251e-01
-7.548846237912965051e-02 -1.280988679997514534e-01 -1.320663687887249083e-01
-7.833270473307329951e-02 -7.768851912593265074e-02 -1.325138907766333363e-01
-7.590693477471788242e-02 -1.665700323229190316e-01 -1.371780001946260041e-01
-7.083347921872218400e-02 -3.193435222073348623e-01 -1.439580826722132167e-01
4.171223317415376775e-01 -3.508966567645604995e-01 4.644392290597917361e-01
4.221123805833306708e-01 -4.786926369674158188e-01 4.589092129178189428e-01
-1.064852862878315487e-01 -8.119500259873397088e-03 -1.620660345151579973e-01
-4.736246399702056520e-01 -3.917460634258526642e-02 -6.139642446630516615e-01
-4.730748756681079636e-01 -3.894484413265543454e-02 -6.164834932686045210e-01
-4.711142153678550271e-01 -3.928904307537418872e-02 -6.245571702489770560e-01
-4.691593492116238884e-01 -3.950879804824303926e-02 -6.320986468533592584e-01
-4.670527377717936801e-01 -3.972296220410997253e-02 -6.397224434483124167e-01
-4.648098794373585751e-01 -3.991402909866602344e-02 -6.473618174148076942e-01
-4.624271416993006034e-01 -4.008304425160841289e-02 -6.550195007135990455e-01
-4.599030952476647616e-01 -4.022873888138354947e-02 -6.626911159723494205e-01
-4.572363153766729194e-01 -4.035017459955533847e-02 -6.703725639925226520e-01
-4.544254875165134044e-01 -4.044637816227638488e-02 -6.780597365929870168e-01
-4.514694657061704142e-01 -4.051640722379451498e-02 -6.857483609778028955e-01
-4.483672765281665473e-01 -4.055934953055814057e-02 -6.934340264851728275e-01
-4.451181331875055380e-01 -4.057432845918072795e-02 -7.011121827142807739e-01
-4.417213796567597828e-01 -4.056048367570740804e-02 -7.087782944557440290e-01
-4.381767248267089410e-01 -4.051705746231423072e-02 -7.164273462533572445e-01
-4.344839830029241790e-01 -4.044330328233004118e-02 -7.240544713931446053e-01
-4.306432689994740826e-01 -4.033855371345940882e-02 -7.316545510343115399e-01
-4.266549303471922072e-01 -4.020220195095147026e-02 -7.392223977319565265e-01
-4.225195858788439729e-01 -4.003371556756363248e-02 -7.467527104987721209e-01
-4.182381443445372105e-01 -3.983264652647284382e-02 -7.542400765729009304e-01
-4.138117772328961386e-01 -3.959862311802290341e-02 -7.616790514678674073e-01
-3.737803712260777678e-01 -4.974271516363457102e-02 -7.079889218612619439e-01
-1.651157168807519948e-01 -1.124695238489029359e-01 -3.560386100742021220e-01
2.486983061351231150e-01 -7.282798042405745631e-02 4.074099438487071567e-01
2.459279995316775436e-01 -7.388967636323547084e-02 4.054587892785907477e-01
2.505541474708188332e-01 -7.436149516173326535e-02 4.082940318312457961e-01
2.545124776140923473e-01 -7.483724686546089355e-02 4.106490062182023837e-01
2.586026553898069791e-01 -7.530724677770754549e-02 4.130320161477848417e-01
2.627455275707994975e-01 -7.576821807438202661e-02 4.153930567173558797e-01
2.685370503915550655e-01 -9.644108914925957066e-02 4.168307488929074989e-01
2.757177189525156225e-01 -1.336848429186816845e-01 4.174615158054876818e-01
2.801024518130612595e-01 -1.342740546769893295e-01 4.196941189123712390e-01
2.846076141564740647e-01 -1.351356809804447057e-01 4.218620676231538691e-01
2.891680832944906188e-01 -1.359625145991622819e-01 4.240066554354557926e-01
2.937896142097923269e-01 -1.367819539538350782e-01 4.261223838208679227e-01
2.984717483678471783e-01 -1.375911353077846899e-01 4.282082866705962942e-01
3.032145401214272340e-01 -1.383899533365200718e-01 4.302629379199549575e-01
3.080179841153459774e-01 -1.391780565459831975e-01 4.322849426107815973e-01
3.128820097990893112e-01 -1.399551136024176357e-01 4.342728678882604165e-01
3.178065648597346859e-01 -1.407207903716753139e-01 4.362252876884814001e-01
3.227915397415332954e-01 -1.414747510525441454e-01 4.381407488079485102e-01
3.278368019317985382e-01 -1.422166576076120681e-01 4.400177877051008046e-01
3.329421887472772124e-01 -1.429461715095289298e-01 4.418549272800547656e-01
3.381075049632494833e-01 -1.436629510403328314e-01 4.436506777978087013e-01
3.451557296270523212e-01 -1.644805857912612079e-01 4.441669199881271846e-01
3.512129108219439466e-01 -1.734553934922355434e-01 4.453301691376236326e-01
3.584700233251222334e-01 -1.943792782323763846e-01 4.456342980545429100e-01
-2.168421229941408512e-02 -2.861297475140756608e-01 -1.194627116594326743e-01
-9.008850010348079529e-02 -3.310294902629277169e-01 -2.244222743055984681e-01
-8.300067441348502051e-02 -4.067597855172593313e-01 -2.323928034079513205e-01
-8.195277306430748254e-02 -4.203315585977055457e-01 -2.371858021429028573e-01
-8.116154435743228035e-02 -4.276917604152942198e-01 -2.417092130647741088e-01
-8.078879282179318722e-02 -4.304257507948658912e-01 -2.459866506861122515e-01
-7.984688532930594995e-02 -4.378880333769457067e-01 -2.506937792823977773e-01
-8.004595279716464340e-02 -4.347939854236539392e-01 -2.546465922630164469e-01
-8.369416922611239151e-02 -4.024027360494291106e-01 -2.562728089691719280e-01
-9.058960175004338033e-02 -3.454031361988181281e-01 -2.557533641785216805e-01
-9.274990394416660067e-02 -3.302654770514961147e-01 -2.585492410661706097e-01
-1.084457416015369713e-01 -2.115068514468069205e-01 -2.522821709359477360e-01
-1.093791948853104490e-01 -2.108614033847843461e-01 -2.560826720768468734e-01
-1.365781807023720429e-01 -1.451268646057890521e-02 -2.424329098269070171e-01
-1.577573152044851046e-01 1.315055981370494842e-01 -2.330375967027232820e-01
-1.716057540239652734e-01 2.225009531383625727e-01 -2.286539852052552613e-01
-1.788483585469100579e-01 2.666922538251549346e-01 -2.287004360218577448e-01
-2.090329537377038083e-01 4.853511396563116032e-01 -2.138977190765128933e-01
-2.222475883532784025e-01 5.816273789485641998e-01 -2.103391195166270933e-01
-2.228847301488308119e-01 5.927514433924434556e-01 -2.148060736967049023e-01
-2.225104547027616508e-01 5.999795096032722874e-01 -2.199031151737322887e-01
-2.188267736549789344e-01 5.801494449457342828e-01 -2.271544512320625708e-01
-2.099726301049786858e-01 5.138426930007488069e-01 -2.376806524563553902e-01
-2.101139671469685055e-01 5.233174367406091543e-01 -2.425894593577575531e-01
-2.103793684953756404e-01 5.317831232556694543e-01 -2.475544295145726270e-01
-1.974475867414648977e-01 4.120663860821017765e-01 -2.607047658469161533e-01
-1.927816635912786847e-01 3.674595392698839502e-01 -2.687324266983864840e-01
-1.807975270865813666e-01 2.377615910205397587e-01 -2.813471422260234167e-01
-1.725477600719000915e-01 1.398795630371254262e-01 -2.916713430651669547e-01
-1.656480261653510144e-01 5.047762299170413525e-02 -3.012361151948467208e-01
-1.601604457770502421e-01 -2.589043764480689069e-02 -3.099713179288822174e-01
-1.514712496291936716e-01 -1.385517574722406331e-01 -3.206041007909280482e-01
-1.527177077610835099e-01 -1.388925789234948249e-01 -3.253856204985882128e-01
-1.536750528048838049e-01 -1.406465192490317651e-01 -3.303677492896568424e-01
-1.546333669170911751e-01 -1.422716485080704751e-01 -3.354145504886588691e-01
-1.555613853651267586e-01 -1.439161948486823717e-01 -3.405353485651891887e-01
-1.564608325537286682e-01 -1.455645858452457031e-01 -3.457299023477146127e-01
-1.573299764069737705e-01 -1.472172769445287688e-01 -3.509983588237531871e-01
-1.581674190154278570e-01 -1.488731292853168187e-01 -3.563408320614833702e-01
-1.589717015205278638e-01 -1.505311490441681999e-01 -3.617573797702244853e-01
-1.597413470848416672e-01 -1.521903117906485137e-01 -3.672480083682381213e-01
2.521843589109277195e-01 -9.912912582969386766e-02 4.041675538682217850e-01
2.491665161803485740e-01 -1.005419192632838743e-01 4.019094074289447649e-01
2.539193611859302813e-01 -1.011101012337079080e-01 4.047567597904613845e-01
2.572817576821828656e-01 -9.523674900429690560e-02 4.074649060481216889e-01
2.405584713406673236e-01 1.012897298410048719e-01 4.214324708293953337e-01
2.424570875387772606e-01 1.214652380199769816e-01 4.252211805642333031e-01
2.469529863840285167e-01 1.199972174215932635e-01 4.276305891895055278e-01
2.512377296693670825e-01 1.211870627971534525e-01 4.301754033721814641e-01
2.546549676237825910e-01 1.314569035268289277e-01 4.332437481337487739e-01
2.396608684541287060e-01 3.234187728383338123e-01 4.471721430648282203e-01
2.603389150499073601e-01 1.664176313569946664e-01 4.401661189471266500e-01
2.780942774684795893e-01 3.694039505134812107e-02 4.348212546164145764e-01
2.952211245427823760e-01 -9.283307702893733859e-02 4.295717275557532910e-01
3.382151500323502535e-01 -4.944931778896463626e-01 4.081597173138991064e-01
3.661426526437715490e-01 -8.425275961890762444e-01 3.722141190312522330e-01
3.103572886518247143e-01 -6.845471397604406816e-01 3.059616576355118633e-01
0.000000000000000000e+00 3.051757812500000000e-05 3.051757812500000000e-05
0.000000000000000000e+00 3.051757812500000000e-05 -2.172851562500000000e-02
-4.323998338132888919e-01 -6.790192082193290124e-02 -7.214795458466437550e-01
-4.323307715248903005e-01 -6.790667317577597784e-02 -7.216220049093846622e-01
-4.281154170011536308e-01 -6.756030440654199609e-02 -7.300760736761644498e-01
-4.241686045072577960e-01 -6.715952503708284838e-02 -7.376639067337040778e-01
-4.200294030898812370e-01 -6.672185978739526846e-02 -7.452975377638262344e-01
-4.157473539347545932e-01 -6.624159229674371485e-02 -7.528799946334296944e-01
-4.113187419381729715e-01 -6.571929644641397172e-02 -7.604144177984096808e-01
-4.067456959871458833e-01 -6.515475327735800737e-02 -7.678940552075597115e-01
-4.020300802142369179e-01 -6.454798366154881895e-02 -7.753131058511375517e-01
-3.971741267998542546e-01 -6.389912647911125121e-02 -7.826656775307193614e-01
-3.921803774480606686e-01 -6.320845697727005275e-02 -7.899459063130469527e-01
-3.870516932355997364e-01 -6.247638864665473746e-02 -7.971479650097204050e-01
-3.817912557550391939e-01 -6.170347607088027403e-02 -8.042660836949444558e-01
-3.764025671534553252e-01 -6.089041678536993851e-02 -8.112945702279643623e-01
-3.708894481219934813e-01 -6.003805223315167999e-02 -8.182278317954478908e-01
-3.652560338698431219e-01 -5.914736774295465543e-02 -8.250603970703828116e-01
-3.595067679295578245e-01 -5.821949144242276331e-02 -8.317869388571104139e-01
-3.536463937719181994e-01 -5.725569206787913673e-02 -8.384022969300199968e-01
-3.476799441908431931e-01 -5.625737562876063913e-02 -8.449015008246706371e-01
-3.416127284398567387e-01 -5.522608090203925263e-02 -8.512797923370440945e-01
-3.354503171785995774e-01 -5.416347376401872693e-02 -8.575326474296568469e-01
-3.291985252670502349e-01 -5.307134036751146033e-02 -8.636557973043401670e-01
-3.228633925128068793e-01 -5.195157920558630960e-02 -8.696452483645920051e-01
-3.164511624969570946e-01 -5.080619211595999857e-02 -8.754973008139137480e-01
-3.099682596421571290e-01 -4.963727430424218906e-02 -8.812085656436794423e-01
-3.034212646970957938e-01 -4.844700347361449028e-02 -8.867759798002923244e-01
-2.968168888615015377e-01 -4.723762817281712545e-02 -8.921968193219141918e-01
-2.901619467996813806e-01 -4.601145549199515267e-02 -8.974687102642420200e-01
-2.834633287714020677e-01 -4.477083822999058937e-02 -9.025896372982000759e-01
-2.767279721677682325e-01 -4.351816168654782518e-02 -9.075579498565377046e-01
-2.699628327325206967e-01 -4.225583023033233077e-02 -9.123723657587788916e-01
-2.631748557599841165e-01 -4.098625379947863634e-02 -9.170319722768025539e-01
-2.563709475240079638e-01 -3.971183448069441624e-02 -9.215362246659563050e-01
0.000000000000000000e+00 3.051757812500000000e-05 3.051757812500000000e-05
3.073699916521320519e-02 -1.635563211486169496e-02 3.082627743567909959e-02
5.722752783319084990e-02 -5.432899780678159679e-02 1.023318617072211389e-01
8.976142287154198485e-02 -1.009077267725826399e-01 1.899763287032892323e-01
1.150063354755682665e-01 -1.365360221612324232e-01 2.569089192022326329e-01
1.163828497879729751e-01 -1.375015678526333995e-01 2.584783727314029500e-01
1.182215909226426165e-01 -1.387829707877274998e-01 2.605457426629712026e-01
1.200506942921463205e-01 -1.400331499751275577e-01 2.625804171384569230e-01
1.219179159984460359e-01 -1.412901130146753115e-01 2.646324861249769733e-01
1.238190431247219170e-01 -1.425495467188394594e-01 2.666969423116182791e-01
1.257550521371962882e-01 -1.438116222890409024e-01 2.687740161307645703e-01
1.277264263432432712e-01 -1.450760518857930059e-01 2.708634484373548812e-01
1.283623344828057622e-01 -1.373874523571528006e-01 2.733951007970041314e-01
1.192957917497173836e-01 -6.684777558853152724e-02 2.790326342251607250e-01
1.136564174825706042e-01 -1.940332306692812980e-02 2.836578016185458129e-01
1.001759229711965959e-01 7.728678128527513569e-02 2.908104245034626723e-01
1.014546900192463408e-01 7.949884189294195713e-02 2.932293148938695526e-01
9.943379836238730451e-02 1.030197907670219459e-01 2.966693946007420979e-01
1.004720501637184071e-01 1.073095519684011123e-01 2.991571643080166987e-01
1.023205030484577449e-01 1.066734401147508282e-01 3.013818312173408565e-01
1.040031138324510884e-01 1.073411929986863578e-01 3.036915785644790367e-01
1.029609399761923783e-01 1.259347097407780003e-01 3.069652876999928726e-01
9.843529915187820833e-02 1.676511294144232833e-01 3.114909705362333137e-01
9.810740232910319936e-02 1.826097057432928550e-01 3.146091439875811635e-01
1.020995094060815900e-01 1.697385937539351575e-01 3.162189274144841522e-01
9.474707015396033327e-02 2.326583072779468964e-01 3.218732072795988941e-01
9.445298964463422209e-02 2.493237788034112223e-01 3.251018119600078693e-01
9.200328918444999893e-02 2.820006737541558839e-01 3.291109943881679878e-01
8.562195335408984143e-02 3.430815470911211529e-01 3.346198648459777769e-01
8.782531678275184994e-02 3.466800921221673271e-01 3.370305387079156056e-01
8.890289904746828675e-02 3.598592966582315755e-01 3.398617936636409431e-01
4.177994958042663409e-02 7.246618173829193488e-01 3.608941351894178751e-01
2.897719071240900668e-02 8.504372836526108426e-01 3.692668372170868629e-01
3.523415556966402740e-02 8.578248658884959355e-01 3.703329637663345109e-01
3.769842988385163629e-02 8.699794258166188010e-01 3.607047619773760538e-01
4.380264228069830068e-02 8.789688903886365701e-01 3.588471487942322402e-01
3.651816058836343526e-02 8.977822910835652204e-01 3.254596430130016205e-01
4.318360446151014997e-02 9.059000142266839806e-01 3.234683898258833845e-01
5.081665117452816016e-02 9.135264677862747762e-01 3.230760838534419976e-01
5.868045257918519386e-02 9.211409177632896572e-01 3.226060143966600346e-01
8.016822547625512829e-02 9.218342740269634961e-01 3.532799229991291923e-01
1.090400453132366332e-01 7.522644288274551450e-01 3.672303724601247987e-01
1.303928145956567697e-01 5.392838836974183092e-01 3.619332188522718097e-01
1.463683315651946870e-01 3.582120297783028540e-01 3.589653826730188069e-01
1.516328855721746915e-01 3.363569592675401676e-01 3.604612078903657313e-01
1.560131501826484968e-01 3.207858250751834395e-01 3.623809835947529034e-01
1.595552502411028417e-01 3.222052925990573913e-01 3.646872507334016911e-01
1.630120101000264166e-01 3.261005723351026453e-01 3.670638477731837934e-01
1.641212859592425799e-01 3.891040825948610671e-01 3.705115186033142716e-01
1.677527218080531179e-01 3.970304932543193832e-01 3.728829365011897545e-01
1.720202574029566778e-01 3.963121237805999897e-01 3.749931213526651042e-01
1.762697122027275798e-01 3.982614731193387381e-01 3.771382468482654127e-01
1.805546167774845223e-01 4.015067065087821185e-01 3.792937684516313190e-01
1.849324087963108987e-01 4.047647145744794339e-01 3.814326558994265426e-01
1.894081768502988705e-01 4.080446228187294411e-01 3.835513748687046642e-01
1.939831990910717563e-01 4.113449912385850893e-01 3.856480346029379502e-01
1.986590939479034867e-01 4.146653010255580973e-01 3.877205030892566517e-01
2.034373824615998139e-01 4.180048492553568029e-01 3.897665673358390315e-01
2.083195647897103653e-01 4.213628686301815196e-01 3.917839416506009864e-01
2.133070675361226076e-01 4.247385008307774101e-01 3.937702431110411960e-01
2.185272510896901776e-01 3.702393073697621828e-01 3.956592460139107259e-01
2.235010974004303375e-01 3.525899544099038163e-01 3.976921839975884887e-01
2.283351257240824328e-01 3.568262351934958776e-01 3.998021021541133813e-01
2.332099981754532925e-01 3.595928763801760630e-01 4.019082266429992445e-01
2.381916946299507121e-01 3.623989243732684828e-01 4.039780936731768302e-01
2.432700360627634284e-01 3.652154260025681221e-01 4.060140909287049960e-01
2.484470534707521328e-01 3.680442011280619097e-01 4.080133722615471581e-01
2.537233329235590862e-01 3.708840295028403844e-01 4.099734202757328583e-01
2.590997718686063322e-01 3.737338807557096243e-01 4.118917946321624113e-01
2.664289560839363524e-01 4.515140637079079755e-01 4.127239707220575204e-01
2.722326823616647573e-01 4.543645486167335878e-01 4.144103770750074967e-01
2.785135231804878320e-01 4.578843464978111233e-01 4.158637966234462469e-01
2.848723215961744826e-01 4.613403603575039202e-01 4.172658351528459875e-01
2.913513451375319141e-01 4.648010349163577137e-01 4.185966376191740945e-01
2.983938068196233528e-01 4.787599766154692071e-01 4.195867968592674746e-01
3.050229025785489156e-01 4.795884690060776001e-01 4.208144936099104116e-01
3.129924791157945307e-01 5.041007981730205589e-01 4.212193539637612560e-01
3.221406577557642814e-01 5.455664456646346361e-01 4.208608486245862257e-01
3.344303917610079724e-01 6.316745335165870889e-01 4.184922817980640253e-01
3.072267445898557714e-01 9.391212237046230316e-01 3.210901929503564567e-01
0.000000000000000000e+00 3.051757812500000000e-05 3.051757812500000000e-05
0.000000000000000000e+00 3.051757812500000000e-05 3.051757812500000000e-05
0.000000000000000000e+00 3.051757812500000000e-05 3.051757812500000000e-05
0.000000000000000000e+00 3.051757812500000000e-05 3.051757812500000000e-05
0.000000000000000000e+00 3.051757812500000000e-05 3.051757812500000000e-05
0.000000000000000000e+00 3.051757812500000000e-05 3.051757812500000000e-05
0.000000000000000000e+00 3.051757812500000000e-05 3.051757812500000000e-05
0.000000000000000000e+00 3.051757812500000000e-05 3.051757812500000000e-05
0.000000000000000000e+00 3.051757812500000000e-05 3.051757812500000000e-05
0.000000000000000000e+00 3.051757812500000000e-05 3.051757812500000000e-05
0.000000000000000000e+00 3.051757812500000000e-05 3.051757812500000000e-05
0.000000000000000000e+00 3.051757812500000000e-05 3.051757812500000000e-05
-4.278086349216022599e-01 4.604185442281081425e-02 -6.951576562417707272e-01
-4.396245541421897052e-01 4.731862410520736029e-02 -7.135329608149190150e-01
-4.356509066819146958e-01 4.667526213536316720e-02 -7.219830361527370677e-01
-4.317810705283356421e-01 4.610272552602908552e-02 -7.298219397519707385e-01
-4.277143811422214337e-01 4.551840575327986693e-02 -7.376992865864988591e-01
-4.234808467709035296e-01 4.493325540990202038e-02 -7.455451485958590752e-01
-4.190771180677183017e-01 4.434687713409703191e-02 -7.533598482366538063e-01
0.000000000000000000e+00 3.051757812500000000e-05 3.051757812500000000e-05
0.000000000000000000e+00 3.051757812500000000e-05 3.051757812500000000e-05
0.000000000000000000e+00 3.051757812500000000e-05 3.051757812500000000e-05
0.000000000000000000e+00 3.051757812500000000e-05 3.051757812500000000e-05
0.000000000000000000e+00 5.657958984375000000e-02 3.051757812500000000e-05
2.705837654612213150e-01 1.742294362257298945e-01 4.121653070808098396e-01
2.741740170186613978e-01 2.177998485671258089e-01 4.101272795166375218e-01
2.872201226709972799e-01 3.153582026758928736e-01 4.081150502523531731e-01
2.922679437710835604e-01 3.167491798817865245e-01 4.101099065316898828e-01
2.900067614572040542e-01 2.277340019189077469e-01 4.164771762997409588e-01
2.887470926660732351e-01 1.543973168905000970e-01 4.223603362385235371e-01
2.876412301885851175e-01 8.682073924990404978e-02 4.282343985987204227e-01
2.925656124013834569e-01 8.764815272630423204e-02 4.305310048647399412e-01
2.974545279162371658e-01 8.790896215721868967e-02 4.328545934713846632e-01
0.000000000000000000e+00 3.051757812500000000e-05 3.051757812500000000e-05
-1.068606523802884262e-01 1.368672931622157835e-02 -2.035069299144324773e-01
-4.319685730367894827e-01 5.518118933693902384e-02 -7.274580916229815841e-01
-4.308072038264384451e-01 5.503646411797306903e-02 -7.297736047170739759e-01
-4.264613212372860285e-01 5.431187624580115919e-02 -7.382114906665666609e-01
-4.222418885297065660e-01 5.365892985176676233e-02 -7.460296525845269144e-01
-4.178204008937262959e-01 5.299167469782035955e-02 -7.538751301542101491e-01
-4.132298661001008178e-01 5.232099385371953570e-02 -7.616784195312160666e-01
-4.084672287938816981e-01 5.164640029951308997e-02 -7.694393743357115234e-01
-4.035334851348906238e-01 5.096863263786109710e-02 -7.771509426445722957e-01
-3.984296705437923580e-01 5.028826961365297915e-02 -7.848065691714698477e-01
-3.931572905129045448e-01 4.960586989625887649e-02 -7.923994981944751936e-01
-3.877183039307109391e-01 4.892195163304046551e-02 -7.999228614036552054e-01
-3.821151493295864010e-01 4.823698851883974348e-02 -8.073696940927224119e-01
-3.763507644851986078e-01 4.755140446183839242e-02 -8.147329618783418770e-01
-2.755138074831309236e-01 -2.660688680429060260e-02 -6.051063014116231376e-01
-2.065945787360541352e-01 -1.693189344549265729e-01 -4.343969473875398668e-01
-2.102761698328166062e-01 -1.969778962610235773e-01 -4.426317830202646242e-01
1.606234254981344645e-01 -2.527058621381210735e-01 3.817457720795869314e-01
1.564023595909582731e-01 -2.612278061176649957e-01 3.785998102889962524e-01
1.587823322823836980e-01 -2.856044666549583666e-01 3.829887855502457361e-01
1.619380713580650388e-01 -2.956117668582564084e-01 3.860215794765447517e-01
1.656740849373211644e-01 -3.023444021686265692e-01 3.889306024693094943e-01
1.695150381078806001e-01 -3.091420350305938980e-01 3.918004973320248774e-01
1.734701412861676673e-01 -3.159565752356294777e-01 3.946360448652246888e-01
1.779301425100606737e-01 -3.180983005933791241e-01 3.972453958199753110e-01
1.821886430918072675e-01 -3.238534000972632110e-01 3.999650716112388427e-01
1.858142493317294086e-01 -3.390883607462383820e-01 4.030082120637343279e-01
1.848950403599318726e-01 -4.186350632903178548e-01 4.083494033676317581e-01
1.912693936956478824e-01 -4.031516527499756641e-01 4.100753756029855146e-01
-4.748535156250000000e-02 1.342773437500000000e-03 3.051757812500000000e-05
-3.923140462191038735e-01 3.087686756889982884e-02 -7.961426033089539223e-01
-3.918855139834552248e-01 3.096447760184974779e-02 -7.967142254357268971e-01
-3.858740039918800990e-01 3.046181830826013778e-02 -8.047946134218182390e-01
-3.802273563218193653e-01 3.003259674364914047e-02 -8.120768449234363473e-01
-3.743771591058308590e-01 2.960438899248808708e-02 -8.193340587241442208e-01
-3.683832397447245888e-01 2.918488592171307461e-02 -8.264864011211395800e-01
-3.622450863906225837e-01 2.877357273003166432e-02 -8.335335960106813324e-01
-3.559686355956445114e-01 2.837059450771118110e-02 -8.404680424227345403e-01
-3.495597250503642006e-01 2.797592509862738969e-02 -8.472830316006415563e-01
-3.430247624521565730e-01 2.758944092897592723e-02 -8.539719740287603500e-01
-3.363706437921734627e-01 2.721091478989638712e-02 -8.605285181124532334e-01
-3.296047411387814652e-01 2.684001897547936416e-02 -8.669465831122142863e-01
-3.227348780482433011e-01 2.647632883467539860e-02 -8.732203995541154562e-01
0.000000000000000000e+00 3.051757812500000000e-05 3.051757812500000000e-05
8.082309720067515357e-02 3.561407934123271557e-02 1.607692970687822909e-01
1.356944763601793946e-01 -3.532643125951946683e-02 3.229419226035415980e-01
1.321616952425100910e-01 -1.007308766184877996e-01 3.261052814183609816e-01
1.468983365002178854e-01 6.986121360091211707e-02 3.242115122065820088e-01
1.491241747264868689e-01 6.848870013207659924e-02 3.269428681268710668e-01
1.515089061810050985e-01 6.876317673444218292e-02 3.294722392110001619e-01
1.539429810068474458e-01 6.888843843143255263e-02 3.320463541584357525e-01
1.564263611537871634e-01 6.903352965786721529e-02 3.346301107120828733e-01
1.589609147670495437e-01 6.918199016032386406e-02 3.372272697491663918e-01
1.615472758848641721e-01 6.933535791601229403e-02 3.398367141263650137e-01
1.641862970246458220e-01 6.949340353515670587e-02 3.424578693935303453e-01
1.668787945048025856e-01 6.965608324918266814e-02 3.450900573869739585e-01
1.676666618029662992e-01 4.243061829591303347e-02 3.485528892678976254e-01
1.686717228819439862e-01 1.760878464863828430e-02 3.519748198719366283e-01
1.702320969567197029e-01 -3.387267676779603942e-04 3.552282453279292929e-01
1.705787208342556260e-01 -3.633377083834554711e-02 3.590656220594684589e-01
1.739622967134700771e-01 -3.082987875628018237e-02 3.616395868313686535e-01
1.759827891890336504e-01 -4.588767712772262586e-02 3.648666961320156110e-01
1.790692439254897295e-01 -4.657137613513047392e-02 3.676477612494576941e-01
1.823010234689632636e-01 -4.621751481890343238e-02 3.704033541214303837e-01
1.851862618687791784e-01 -5.180014319679973611e-02 3.733436532744832670e-01
1.871036849615924647e-01 -7.285543337237124217e-02 3.767639051194108801e-01
1.902992062475254986e-01 -7.608378205788880744e-02 3.796303697133864841e-01
1.975958289481017927e-01 -1.756817016280144694e-02 3.805915889642817462e-01
0.000000000000000000e+00 3.051757812500000000e-05 3.051757812500000000e-05
0.000000000000000000e+00 3.051757812500000000e-05 3.051757812500000000e-05
0.000000000000000000e+00 3.051757812500000000e-05 3.051757812500000000e-05
0.000000000000000000e+00 3.051757812500000000e-05 3.051757812500000000e-05
0.000000000000000000e+00 3.051757812500000000e-05 3.051757812500000000e-05
0.000000000000000000e+00 3.051757812500000000e-05 3.051757812500000000e-05
0.000000000000000000e+00 3.051757812500000000e-05 3.051757812500000000e-05
0.000000000000000000e+00 3.051757812500000000e-05 3.051757812500000000e-05
0.000000000000000000e+00 3.051757812500000000e-05 3.051757812500000000e-05
0.000000000000000000e+00 3.051757812500000000e-05 3.051757812500000000e-05
0.000000000000000000e+00 3.051757812500000000e-05 3.051757812500000000e-05
0.000000000000000000e+00 3.051757812500000000e-05 3.051757812500000000e-05
0.000000000000000000e+00 3.051757812500000000e-05 3.051757812500000000e-05
0.000000000000000000e+00 3.051757812500000000e-05 3.051757812500000000e-05
0.000000000000000000e+00 3.051757812500000000e-05 3.051757812500000000e-05
0.000000000000000000e+00 3.051757812500000000e-05 3.051757812500000000e-05
0.000000000000000000e+00 3.051757812500000000e-05 3.051757812500000000e-05
0.000000000000000000e+00 3.051757812500000000e-05 3.051757812500000000e-05
0.000000000000000000e+00 3.051757812500000000e-05 3.051757812500000000e-05
0.000000000000000000e+00 3.051757812500000000e-05 3.051757812500000000e-05
0.000000000000000000e+00 3.051757812500000000e-05 3.051757812500000000e-05
0.000000000000000000e+00 3.051757812500000000e-05 3.051757812500000000e-05
0.000000000000000000e+00 3.051757812500000000e-05 3.051757812500000000e-05
0.000000000000000000e+00 3.051757812500000000e-05 3.051757812500000000e-05
0.000000000000000000e+00 3.051757812500000000e-05 3.051757812500000000e-05
0.000000000000000000e+00 3.051757812500000000e-05 3.051757812500000000e-05
0.000000000000000000e+00 3.051757812500000000e-05 3.051757812500000000e-05
0.000000000000000000e+00 3.051757812500000000e-05 3.051757812500000000e-05
0.000000000000000000e+00 3.051757812500000000e-05 3.051757812500000000e-05
0.000000000000000000e+00 3.051757812500000000e-05 3.051757812500000000e-05
0.000000000000000000e+00 3.051757812500000000e-05 3.051757812500000000e-05
0.000000000000000000e+00 3.051757812500000000e-05 3.051757812500000000e-05
0.000000000000000000e+00 3.051757812500000000e-05 3.051757812500000000e-05
0.000000000000000000e+00 3.051757812500000000e-05 3.051757812500000000e-05
0.000000000000000000e+00 3.051757812500000000e-05 3.051757812500000000e-05
0.000000000000000000e+00 3.051757812500000000e-05 3.051757812500000000e-05
0.000000000000000000e+00 3.051757812500000000e-05 3.051757812500000000e-05
0.000000000000000000e+00 3.051757812500000000e-05 3.051757812500000000e-05
0.000000000000000000e+00 3.051757812500000000e-05 3.051757812500000000e-05
0.000000000000000000e+00 3.051757812500000000e-05 3.051757812500000000e-05
0.000000000000000000e+00 3.051757812500000000e-05 3.051757812500000000e-05
0.000000000000000000e+00 3.051757812500000000e-05 3.051757812500000000e-05
0.000000000000000000e+00 3.051757812500000000e-05 3.051757812500000000e-05
0.000000000000000000e+00 3.051757812500000000e-05 3.051757812500000000e-05
0.000000000000000000e+00 3.051757812500000000e-05 3.051757812500000000e-05
0.000000000000000000e+00 3.051757812500000000e-05 3.051757812500000000e-05
0.000000000000000000e+00 3.051757812500000000e-05 3.051757812500000000e-05
0.000000000000000000e+00 3.051757812500000000e-05 3.051757812500000000e-05
0.000000000000000000e+00 3.051757812500000000e-05 3.051757812500000000e-05
0.000000000000000000e+00 3.051757812500000000e-05 3.051757812500000000e-05
0.000000000000000000e+00 3.051757812500000000e-05 3.051757812500000000e-05
0.000000000000000000e+00 3.051757812500000000e-05 3.051757812500000000e-05
