0.000000000000000000e+00 3.051757812500000000e-05 3.051757812500000000e-05
0.000000000000000000e+00 3.051757812500000000e-05 3.051757812500000000e-05
0.000000000000000000e+00 3.051757812500000000e-05 3.051757812500000000e-05
0.000000000000000000e+00 3.051757812500000000e-05 3.051757812500000000e-05
0.000000000000000000e+00 6.710815429687500000e-02 3.051757812500000000e-05
0.000000000000000000e+00 9.078979492187500000e-02 3.051757812500000000e-05
0.000000000000000000e+00 3.051757812500000000e-05 3.051757812500000000e-05
0.000000000000000000e+00 3.051757812500000000e-05 3.051757812500000000e-05
0.000000000000000000e+00 3.051757812500000000e-05 3.051757812500000000e-05
0.000000000000000000e+00 3.051757812500000000e-05 3.051757812500000000e-05
0.000000000000000000e+00 3.051757812500000000e-05 3.051757812500000000e-05
0.000000000000000000e+00 3.051757812500000000e-05 3.051757812500000000e-05
0.000000000000000000e+00 3.051757812500000000e-05 3.051757812500000000e-05
0.000000000000000000e+00 3.051757812500000000e-05 3.051757812500000000e-05
0.000000000000000000e+00 3.051757812500000000e-05 3.051757812500000000e-05
0.000000000000000000e+00 3.051757812500000000e-05 3.051757812500000000e-05
0.000000000000000000e+00 3.051757812500000000e-05 3.051757812500000000e-05
0.000000000000000000e+00 3.051757812500000000e-05 3.051757812500000000e-05
0.000000000000000000e+00 3.051757812500000000e-05 3.051757812500000000e-05
0.000000000000000000e+00 3.051757812500000000e-05 3.051757812500000000e-05
0.000000000000000000e+00 3.051757812500000000e-05 3.051757812500000000e-05
0.000000000000000000e+00 3.051757812500000000e-05 3.051757812500000000e-05
0.000000000000000000e+00 3.051757812500000000e-05 3.051757812500000000e-05
0.000000000000000000e+00 3.051757812500000000e-05 3.051757812500000000e-05
0.000000000000000000e+00 3.051757812500000000e-05 3.051757812500000000e-05
0.000000000000000000e+00 3.051757812500000000e-05 3.051757812500000000e-05
0.000000000000000000e+00 3.051757812500000000e-05 3.051757812500000000e-05
0.000000000000000000e+00 3.051757812500000000e-05 3.051757812500000000e-05
0.000000000000000000e+00 3.051757812500000000e-05 3.051757812500000000e-05
0.000000000000000000e+00 3.051757812500000000e-05 3.051757812500000000e-05
0.000000000000000000e+00 3.051757812500000000e-05 3.051757812500000000e-05
0.000000000000000000e+00 3.051757812500000000e-05 3.051757812500000000e-05
0.000000000000000000e+00 3.051757812500000000e-05 3.051757812500000000e-05
0.000000000000000000e+00 3.051757812500000000e-05 3.051757812500000000e-05
0.000000000000000000e+00 1.318359375000000000e-02 3.051757812500000000e-05
1.002807617187500000e-01 1.000000000000000000e+00 3.051757812500000000e-05
2.080688476562500000e-01 1.000000000000000000e+00 3.051757812500000000e-05
2.095642089843750000e-01 1.000000000000000000e+00 3.051757812500000000e-05
2.080688476562500000e-01 1.000000000000000000e+00 3.051757812500000000e-05
2.080688476562500000e-01 1.000000000000000000e+00 3.051757812500000000e-05
2.080688476562500000e-01 1.000000000000000000e+00 3.051757812500000000e-05
2.080688476562500000e-01 1.000000000000000000e+00 3.051757812500000000e-05
2.080688476562500000e-01 1.000000000000000000e+00 3.051757812500000000e-05
2.080688476562500000e-01 1.000000000000000000e+00 3.051757812500000000e-05
2.080688476562500000e-01 1.000000000000000000e+00 3.051757812500000000e-05
2.080688476562500000e-01 1.000000000000000000e+00 3.051757812500000000e-05
2.080688476562500000e-01 1.000000000000000000e+00 3.051757812500000000e-05
2.080688476562500000e-01 1.000000000000000000e+00 3.051757812500000000e-05
3.876953125000000000e-01 1.000000000000000000e+00 3.051757812500000000e-05
5.089721679687500000e-01 3.513183593750000000e-01 3.051757812500000000e-05
5.374145507812500000e-01 3.051757812500000000e-05 3.051757812500000000e-05
9.999694824218750000e-01 3.051757812500000000e-05 3.051757812500000000e-05
9.999694824218750000e-01 3.513183593750000000e-01 3.051757812500000000e-05
9.999694824218750000e-01 3.934326171875000000e-01 3.051757812500000000e-05
9.999694824218750000e-01 3.934326171875000000e-01 3.051757812500000000e-05
9.999694824218750000e-01 3.250122070312500000e-01 3.051757812500000000e-05
9.999694824218750000e-01 1.960754394531250000e-01 3.051757812500000000e-05
9.999694824218750000e-01 3.051757812500000000e-05 3.051757812500000000e-05
9.999694824218750000e-01 3.051757812500000000e-05 3.051757812500000000e-05
9.999694824218750000e-01 -5.746459960937500000e-02 3.051757812500000000e-05
9.999694824218750000e-01 -7.064819335937500000e-02 3.051757812500000000e-05
9.999694824218750000e-01 -9.579467773437500000e-02 3.051757812500000000e-05
9.999694824218750000e-01 -9.460449218750000000e-02 3.051757812500000000e-05
9.999694824218750000e-01 -9.579467773437500000e-02 3.051757812500000000e-05
9.999694824218750000e-01 -2.273559570312500000e-02 3.051757812500000000e-05
9.999694824218750000e-01 3.051757812500000000e-05 3.051757812500000000e-05
9.999694824218750000e-01 3.555297851562500000e-02 3.051757812500000000e-05
9.999694824218750000e-01 2.947387695312500000e-01 3.051757812500000000e-05
9.999694824218750000e-01 5.276489257812500000e-01 3.051757812500000000e-05
9.805297851562500000e-01 1.000000000000000000e+00 3.051757812500000000e-05
8.188476562500000000e-01 1.000000000000000000e+00 3.051757812500000000e-05
7.829284667968750000e-01 1.000000000000000000e+00 3.051757812500000000e-05
7.529907226562500000e-01 1.000000000000000000e+00 3.051757812500000000e-05
6.946105957031250000e-01 1.000000000000000000e+00 3.051757812500000000e-05
6.961059570312500000e-01 1.000000000000000000e+00 3.051757812500000000e-05
6.946105957031250000e-01 1.000000000000000000e+00 3.051757812500000000e-05
6.946105957031250000e-01 1.000000000000000000e+00 3.051757812500000000e-05
6.946105957031250000e-01 1.000000000000000000e+00 3.051757812500000000e-05
6.946105957031250000e-01 1.000000000000000000e+00 3.051757812500000000e-05
6.946105957031250000e-01 1.000000000000000000e+00 3.051757812500000000e-05
6.946105957031250000e-01 1.000000000000000000e+00 3.051757812500000000e-05
6.946105957031250000e-01 1.000000000000000000e+00 3.051757812500000000e-05
6.946105957031250000e-01 1.000000000000000000e+00 3.051757812500000000e-05
6.946105957031250000e-01 1.000000000000000000e+00 3.051757812500000000e-05
6.946105957031250000e-01 1.000000000000000000e+00 3.051757812500000000e-05
7.649536132812500000e-01 1.000000000000000000e+00 3.051757812500000000e-05
8.847045898437500000e-01 1.000000000000000000e+00 3.051757812500000000e-05
9.999694824218750000e-01 8.486938476562500000e-01 3.051757812500000000e-05
9.999694824218750000e-01 3.987121582031250000e-01 3.051757812500000000e-05
9.999694824218750000e-01 2.592163085937500000e-01 3.051757812500000000e-05
9.999694824218750000e-01 2.592163085937500000e-01 3.051757812500000000e-05
9.999694824218750000e-01 2.592163085937500000e-01 3.051757812500000000e-05
9.999694824218750000e-01 2.486877441406250000e-01 3.051757812500000000e-05
9.999694824218750000e-01 2.697448730468750000e-01 3.051757812500000000e-05
9.999694824218750000e-01 3.276367187500000000e-01 3.051757812500000000e-05
9.999694824218750000e-01 4.158020019531250000e-01 3.051757812500000000e-05
9.999694824218750000e-01 4.342346191406250000e-01 3.051757812500000000e-05
9.999694824218750000e-01 6.552734375000000000e-01 3.051757812500000000e-05
9.999694824218750000e-01 8.223876953125000000e-01 3.051757812500000000e-05
9.999694824218750000e-01 1.000000000000000000e+00 3.051757812500000000e-05
9.775390625000000000e-01 1.000000000000000000e+00 3.051757812500000000e-05
9.446105957031250000e-01 1.000000000000000000e+00 3.051757812500000000e-05
8.278198242187500000e-01 1.000000000000000000e+00 3.051757812500000000e-05
7.933959960937500000e-01 1.000000000000000000e+00 3.051757812500000000e-05
7.829284667968750000e-01 1.000000000000000000e+00 3.051757812500000000e-05
7.829284667968750000e-01 1.000000000000000000e+00 3.051757812500000000e-05
7.829284667968750000e-01 1.000000000000000000e+00 3.051757812500000000e-05
7.829284667968750000e-01 1.000000000000000000e+00 3.051757812500000000e-05
7.799377441406250000e-01 1.000000000000000000e+00 3.051757812500000000e-05
7.305297851562500000e-01 1.000000000000000000e+00 3.051757812500000000e-05
6.961059570312500000e-01 1.000000000000000000e+00 3.051757812500000000e-05
7.005920410156250000e-01 1.000000000000000000e+00 3.051757812500000000e-05
6.661376953125000000e-01 1.000000000000000000e+00 3.051757812500000000e-05
6.616516113281250000e-01 1.000000000000000000e+00 3.051757812500000000e-05
5.448913574218750000e-01 1.000000000000000000e+00 3.051757812500000000e-05
5.119628906250000000e-01 1.000000000000000000e+00 3.051757812500000000e-05
5.134582519531250000e-01 1.000000000000000000e+00 3.051757812500000000e-05
4.476013183593750000e-01 1.000000000000000000e+00 3.051757812500000000e-05
1.152648925781250000e-01 1.000000000000000000e+00 3.051757812500000000e-05
0.000000000000000000e+00 1.000000000000000000e+00 3.051757812500000000e-05
0.000000000000000000e+00 1.000000000000000000e+00 3.051757812500000000e-05
-2.157592773437500000e-02 1.000000000000000000e+00 3.051757812500000000e-05
-2.675476074218750000e-01 1.000000000000000000e+00 3.051757812500000000e-05
-3.236389160156250000e-01 1.000000000000000000e+00 3.051757812500000000e-05
-3.236389160156250000e-01 1.000000000000000000e+00 3.051757812500000000e-05
-3.182373046875000000e-01 1.000000000000000000e+00 3.051757812500000000e-05
-3.204040527343750000e-01 1.000000000000000000e+00 3.051757812500000000e-05
-3.236389160156250000e-01 1.000000000000000000e+00 3.051757812500000000e-05
-3.236389160156250000e-01 1.000000000000000000e+00 3.051757812500000000e-05
-3.236389160156250000e-01 1.000000000000000000e+00 3.051757812500000000e-05
-3.236389160156250000e-01 1.000000000000000000e+00 3.051757812500000000e-05
-3.236389160156250000e-01 1.000000000000000000e+00 3.051757812500000000e-05
-3.236389160156250000e-01 1.000000000000000000e+00 3.051757812500000000e-05
-3.236389160156250000e-01 1.000000000000000000e+00 3.051757812500000000e-05
-3.236389160156250000e-01 1.000000000000000000e+00 3.051757812500000000e-05
-3.236389160156250000e-01 1.000000000000000000e+00 3.051757812500000000e-05
-3.236389160156250000e-01 1.000000000000000000e+00 3.051757812500000000e-05
-3.236389160156250000e-01 1.000000000000000000e+00 3.051757812500000000e-05
-3.236389160156250000e-01 1.000000000000000000e+00 3.051757812500000000e-05
-3.236389160156250000e-01 1.000000000000000000e+00 3.051757812500000000e-05
-3.236389160156250000e-01 1.000000000000000000e+00 3.051757812500000000e-05
-3.236389160156250000e-01 1.000000000000000000e+00 3.051757812500000000e-05
-3.236389160156250000e-01 1.000000000000000000e+00 3.051757812500000000e-05
-3.236389160156250000e-01 1.000000000000000000e+00 3.051757812500000000e-05
-1.683044433593750000e-01 1.000000000000000000e+00 3.051757812500000000e-05
-3.237915039062500000e-02 1.000000000000000000e+00 3.051757812500000000e-05
-2.590942382812500000e-02 1.000000000000000000e+00 3.051757812500000000e-05
-2.807617187500000000e-02 1.000000000000000000e+00 3.051757812500000000e-05
0.000000000000000000e+00 1.000000000000000000e+00 3.051757812500000000e-05
2.814331054687500000e-01 1.000000000000000000e+00 3.051757812500000000e-05
6.466979980468750000e-01 1.000000000000000000e+00 3.051757812500000000e-05
4.490966796875000000e-01 1.000000000000000000e+00 3.051757812500000000e-05
3.248291015625000000e-01 1.000000000000000000e+00 3.051757812500000000e-05
5.179443359375000000e-01 1.000000000000000000e+00 3.051757812500000000e-05
5.239257812500000000e-01 1.000000000000000000e+00 3.051757812500000000e-05
5.239257812500000000e-01 1.000000000000000000e+00 3.051757812500000000e-05
5.239257812500000000e-01 1.000000000000000000e+00 3.051757812500000000e-05
6.242370605468750000e-01 1.000000000000000000e+00 3.051757812500000000e-05
6.751403808593750000e-01 1.000000000000000000e+00 3.051757812500000000e-05
7.380065917968750000e-01 1.000000000000000000e+00 3.051757812500000000e-05
7.380065917968750000e-01 1.000000000000000000e+00 3.051757812500000000e-05
7.380065917968750000e-01 1.000000000000000000e+00 3.051757812500000000e-05
7.380065917968750000e-01 1.000000000000000000e+00 3.051757812500000000e-05
8.128662109375000000e-01 1.000000000000000000e+00 3.051757812500000000e-05
9.999694824218750000e-01 9.618530273437500000e-01 3.051757812500000000e-05
9.999694824218750000e-01 6.118469238281250000e-01 3.051757812500000000e-05
9.999694824218750000e-01 5.855407714843750000e-01 3.051757812500000000e-05
9.999694824218750000e-01 3.513183593750000000e-01 3.051757812500000000e-05
9.999694824218750000e-01 2.960815429687500000e-01 3.051757812500000000e-05
6.631469726562500000e-01 2.197570800781250000e-01 3.051757812500000000e-05
0.000000000000000000e+00 3.051757812500000000e-05 3.051757812500000000e-05
0.000000000000000000e+00 3.051757812500000000e-05 3.051757812500000000e-05
0.000000000000000000e+00 3.051757812500000000e-05 3.051757812500000000e-05
0.000000000000000000e+00 3.051757812500000000e-05 -7.333068847656250000e-01
0.000000000000000000e+00 3.051757812500000000e-05 -9.999694824218750000e-01
0.000000000000000000e+00 3.051757812500000000e-05 -9.999694824218750000e-01
0.000000000000000000e+00 3.051757812500000000e-05 -9.999694824218750000e-01
0.000000000000000000e+00 3.051757812500000000e-05 -9.999694824218750000e-01
0.000000000000000000e+00 3.051757812500000000e-05 -9.999694824218750000e-01
0.000000000000000000e+00 3.051757812500000000e-05 -9.999694824218750000e-01
0.000000000000000000e+00 3.051757812500000000e-05 -9.999694824218750000e-01
0.000000000000000000e+00 3.051757812500000000e-05 -9.999694824218750000e-01
0.000000000000000000e+00 3.051757812500000000e-05 -9.999694824218750000e-01
0.000000000000000000e+00 3.051757812500000000e-05 -9.999694824218750000e-01
0.000000000000000000e+00 3.051757812500000000e-05 -9.999694824218750000e-01
0.000000000000000000e+00 3.051757812500000000e-05 -9.999694824218750000e-01
0.000000000000000000e+00 3.051757812500000000e-05 -9.999694824218750000e-01
0.000000000000000000e+00 3.051757812500000000e-05 -9.999694824218750000e-01
-3.193359375000000000e-01 3.051757812500000000e-05 -9.999694824218750000e-01
-8.015136718750000000e-01 3.051757812500000000e-05 -9.999694824218750000e-01
-1.000000000000000000e+00 3.051757812500000000e-05 -9.999694824218750000e-01
-1.000000000000000000e+00 3.051757812500000000e-05 -9.999694824218750000e-01
-1.000000000000000000e+00 3.051757812500000000e-05 -9.999694824218750000e-01
-1.000000000000000000e+00 3.051757812500000000e-05 -9.999694824218750000e-01
0.000000000000000000e+00 3.051757812500000000e-05 -9.999694824218750000e-01
0.000000000000000000e+00 3.051757812500000000e-05 -9.999694824218750000e-01
-4.682006835937500000e-01 3.051757812500000000e-05 -9.999694824218750000e-01
-7.335510253906250000e-01 3.051757812500000000e-05 -9.999694824218750000e-01
-2.050781250000000000e-02 3.051757812500000000e-05 -9.999694824218750000e-01
0.000000000000000000e+00 3.051757812500000000e-05 -9.999694824218750000e-01
0.000000000000000000e+00 3.051757812500000000e-05 -9.999694824218750000e-01
0.000000000000000000e+00 3.051757812500000000e-05 -9.999694824218750000e-01
0.000000000000000000e+00 3.051757812500000000e-05 -9.999694824218750000e-01
0.000000000000000000e+00 3.051757812500000000e-05 -9.999694824218750000e-01
0.000000000000000000e+00 3.051757812500000000e-05 -9.999694824218750000e-01
0.000000000000000000e+00 3.051757812500000000e-05 -9.999694824218750000e-01
0.000000000000000000e+00 3.051757812500000000e-05 -9.999694824218750000e-01
0.000000000000000000e+00 3.051757812500000000e-05 -9.999694824218750000e-01
-3.527526855468750000e-01 -6.466674804687500000e-02 -9.999694824218750000e-01
-5.728454589843750000e-01 -3.880004882812500000e-01 -9.999694824218750000e-01
-8.425292968750000000e-01 -5.556640625000000000e-01 -9.999694824218750000e-01
-8.543701171875000000e-01 -4.323120117187500000e-01 -9.999694824218750000e-01
0.000000000000000000e+00 3.051757812500000000e-05 -9.999694824218750000e-01
0.000000000000000000e+00 3.051757812500000000e-05 -9.999694824218750000e-01
0.000000000000000000e+00 3.051757812500000000e-05 -9.999694824218750000e-01
0.000000000000000000e+00 3.051757812500000000e-05 -9.999694824218750000e-01
0.000000000000000000e+00 3.051757812500000000e-05 -9.999694824218750000e-01
0.000000000000000000e+00 3.051757812500000000e-05 -9.999694824218750000e-01
0.000000000000000000e+00 -3.640441894531250000e-01 -9.999694824218750000e-01
0.000000000000000000e+00 -9.999694824218750000e-01 -9.999694824218750000e-01
-2.157592773437500000e-02 -9.999694824218750000e-01 -9.999694824218750000e-01
0.000000000000000000e+00 3.051757812500000000e-05 -9.999694824218750000e-01
0.000000000000000000e+00 3.051757812500000000e-05 -9.999694824218750000e-01
0.000000000000000000e+00 3.051757812500000000e-05 -9.999694824218750000e-01
0.000000000000000000e+00 3.051757812500000000e-05 -9.999694824218750000e-01
0.000000000000000000e+00 3.051757812500000000e-05 -9.999694824218750000e-01
0.000000000000000000e+00 3.051757812500000000e-05 -9.999694824218750000e-01
0.000000000000000000e+00 3.051757812500000000e-05 -9.999694824218750000e-01
0.000000000000000000e+00 3.051757812500000000e-05 -9.999694824218750000e-01
0.000000000000000000e+00 3.051757812500000000e-05 -9.999694824218750000e-01
0.000000000000000000e+00 3.051757812500000000e-05 -9.999694824218750000e-01
0.000000000000000000e+00 3.051757812500000000e-05 -9.971008300781250000e-01
0.000000000000000000e+00 3.051757812500000000e-05 3.051757812500000000e-05
0.000000000000000000e+00 3.051757812500000000e-05 3.051757812500000000e-05
0.000000000000000000e+00 3.051757812500000000e-05 3.051757812500000000e-05
0.000000000000000000e+00 3.051757812500000000e-05 3.051757812500000000e-05
0.000000000000000000e+00 3.051757812500000000e-05 3.051757812500000000e-05
0.000000000000000000e+00 3.051757812500000000e-05 3.051757812500000000e-05
0.000000000000000000e+00 3.051757812500000000e-05 3.051757812500000000e-05
0.000000000000000000e+00 3.051757812500000000e-05 3.051757812500000000e-05
0.000000000000000000e+00 3.051757812500000000e-05 3.051757812500000000e-05
0.000000000000000000e+00 3.051757812500000000e-05 3.051757812500000000e-05
0.000000000000000000e+00 3.051757812500000000e-05 3.051757812500000000e-05
0.000000000000000000e+00 3.051757812500000000e-05 3.051757812500000000e-05
0.000000000000000000e+00 3.051757812500000000e-05 3.051757812500000000e-05
0.000000000000000000e+00 3.051757812500000000e-05 3.051757812500000000e-05
0.000000000000000000e+00 3.051757812500000000e-05 3.051757812500000000e-05
0.000000000000000000e+00 3.051757812500000000e-05 3.051757812500000000e-05
0.000000000000000000e+00 3.051757812500000000e-05 3.051757812500000000e-05
0.000000000000000000e+00 3.051757812500000000e-05 3.051757812500000000e-05
0.000000000000000000e+00 3.051757812500000000e-05 3.051757812500000000e-05
0.000000000000000000e+00 3.051757812500000000e-05 3.051757812500000000e-05
0.000000000000000000e+00 3.051757812500000000e-05 3.051757812500000000e-05
0.000000000000000000e+00 3.051757812500000000e-05 3.051757812500000000e-05
0.000000000000000000e+00 3.051757812500000000e-05 3.051757812500000000e-05
0.000000000000000000e+00 3.051757812500000000e-05 3.051757812500000000e-05
0.000000000000000000e+00 -5.880126953125000000e-01 3.051757812500000000e-05
0.000000000000000000e+00 -9.999694824218750000e-01 3.051757812500000000e-05
0.000000000000000000e+00 -9.999694824218750000e-01 3.051757812500000000e-05
0.000000000000000000e+00 -9.999694824218750000e-01 3.051757812500000000e-05
0.000000000000000000e+00 -9.999694824218750000e-01 3.051757812500000000e-05
0.000000000000000000e+00 -9.999694824218750000e-01 3.051757812500000000e-05
0.000000000000000000e+00 -9.999694824218750000e-01 3.051757812500000000e-05
0.000000000000000000e+00 -2.392578125000000000e-02 3.051757812500000000e-05
0.000000000000000000e+00 3.051757812500000000e-05 3.051757812500000000e-05
0.000000000000000000e+00 3.051757812500000000e-05 3.051757812500000000e-05
0.000000000000000000e+00 3.051757812500000000e-05 3.051757812500000000e-05
0.000000000000000000e+00 3.051757812500000000e-05 4.742736816406250000e-01
0.000000000000000000e+00 3.051757812500000000e-05 1.000000000000000000e+00
0.000000000000000000e+00 3.051757812500000000e-05 1.000000000000000000e+00
0.000000000000000000e+00 3.051757812500000000e-05 1.000000000000000000e+00
0.000000000000000000e+00 3.051757812500000000e-05 1.000000000000000000e+00
0.000000000000000000e+00 3.051757812500000000e-05 1.000000000000000000e+00
0.000000000000000000e+00 3.051757812500000000e-05 1.000000000000000000e+00
0.000000000000000000e+00 3.051757812500000000e-05 1.000000000000000000e+00
0.000000000000000000e+00 3.051757812500000000e-05 1.000000000000000000e+00
0.000000000000000000e+00 3.051757812500000000e-05 1.000000000000000000e+00
0.000000000000000000e+00 3.051757812500000000e-05 1.000000000000000000e+00
0.000000000000000000e+00 3.051757812500000000e-05 1.000000000000000000e+00
0.000000000000000000e+00 3.051757812500000000e-05 1.000000000000000000e+00
0.000000000000000000e+00 3.051757812500000000e-05 1.000000000000000000e+00
0.000000000000000000e+00 3.051757812500000000e-05 1.000000000000000000e+00
0.000000000000000000e+00 3.051757812500000000e-05 1.000000000000000000e+00
0.000000000000000000e+00 3.051757812500000000e-05 1.000000000000000000e+00
0.000000000000000000e+00 3.051757812500000000e-05 1.000000000000000000e+00
0.000000000000000000e+00 3.051757812500000000e-05 1.000000000000000000e+00
0.000000000000000000e+00 3.051757812500000000e-05 1.000000000000000000e+00
0.000000000000000000e+00 3.051757812500000000e-05 1.000000000000000000e+00
0.000000000000000000e+00 3.051757812500000000e-05 1.000000000000000000e+00
0.000000000000000000e+00 3.051757812500000000e-05 1.000000000000000000e+00
0.000000000000000000e+00 3.051757812500000000e-05 1.000000000000000000e+00
0.000000000000000000e+00 3.051757812500000000e-05 1.000000000000000000e+00
0.000000000000000000e+00 3.051757812500000000e-05 1.000000000000000000e+00
0.000000000000000000e+00 3.051757812500000000e-05 1.000000000000000000e+00
0.000000000000000000e+00 3.051757812500000000e-05 1.000000000000000000e+00
0.000000000000000000e+00 3.051757812500000000e-05 1.000000000000000000e+00
0.000000000000000000e+00 3.051757812500000000e-05 1.000000000000000000e+00
0.000000000000000000e+00 3.051757812500000000e-05 1.000000000000000000e+00
0.000000000000000000e+00 3.051757812500000000e-05 1.000000000000000000e+00
0.000000000000000000e+00 3.051757812500000000e-05 1.000000000000000000e+00
0.000000000000000000e+00 3.051757812500000000e-05 1.000000000000000000e+00
0.000000000000000000e+00 3.051757812500000000e-05 1.000000000000000000e+00
0.000000000000000000e+00 3.051757812500000000e-05 1.000000000000000000e+00
0.000000000000000000e+00 3.051757812500000000e-05 1.000000000000000000e+00
0.000000000000000000e+00 3.051757812500000000e-05 1.000000000000000000e+00
0.000000000000000000e+00 3.051757812500000000e-05 1.000000000000000000e+00
0.000000000000000000e+00 3.051757812500000000e-05 1.000000000000000000e+00
0.000000000000000000e+00 3.051757812500000000e-05 1.000000000000000000e+00
0.000000000000000000e+00 3.051757812500000000e-05 1.000000000000000000e+00
0.000000000000000000e+00 3.051757812500000000e-05 1.000000000000000000e+00
0.000000000000000000e+00 3.051757812500000000e-05 1.000000000000000000e+00
0.000000000000000000e+00 3.051757812500000000e-05 1.000000000000000000e+00
0.000000000000000000e+00 3.051757812500000000e-05 1.000000000000000000e+00
0.000000000000000000e+00 3.051757812500000000e-05 1.000000000000000000e+00
0.000000000000000000e+00 3.051757812500000000e-05 1.000000000000000000e+00
0.000000000000000000e+00 3.051757812500000000e-05 1.000000000000000000e+00
0.000000000000000000e+00 3.051757812500000000e-05 1.000000000000000000e+00
0.000000000000000000e+00 3.051757812500000000e-05 1.000000000000000000e+00
0.000000000000000000e+00 3.051757812500000000e-05 1.000000000000000000e+00
0.000000000000000000e+00 3.051757812500000000e-05 1.000000000000000000e+00
0.000000000000000000e+00 3.051757812500000000e-05 1.000000000000000000e+00
0.000000000000000000e+00 3.051757812500000000e-05 1.000000000000000000e+00
0.000000000000000000e+00 3.051757812500000000e-05 1.000000000000000000e+00
0.000000000000000000e+00 3.051757812500000000e-05 1.000000000000000000e+00
0.000000000000000000e+00 3.051757812500000000e-05 1.000000000000000000e+00
0.000000000000000000e+00 3.051757812500000000e-05 1.000000000000000000e+00
0.000000000000000000e+00 3.051757812500000000e-05 1.000000000000000000e+00
0.000000000000000000e+00 3.051757812500000000e-05 1.000000000000000000e+00
7.739257812500000000e-01 -1.233520507812500000e-01 1.000000000000000000e+00
9.999694824218750000e-01 -1.664428710937500000e-01 1.000000000000000000e+00
9.999694824218750000e-01 -2.203369140625000000e-01 1.000000000000000000e+00
9.999694824218750000e-01 -2.215270996093750000e-01 1.000000000000000000e+00
9.999694824218750000e-01 -2.227478027343750000e-01 1.000000000000000000e+00
9.999694824218750000e-01 -3.460998535156250000e-01 1.000000000000000000e+00
9.999694824218750000e-01 -6.155395507812500000e-01 1.000000000000000000e+00
5.419006347656250000e-01 -9.999694824218750000e-01 1.000000000000000000e+00
3.487854003906250000e-01 -9.999694824218750000e-01 1.000000000000000000e+00
3.607482910156250000e-01 -9.999694824218750000e-01 1.000000000000000000e+00
3.098754882812500000e-01 -9.999694824218750000e-01 1.000000000000000000e+00
3.068847656250000000e-01 -9.999694824218750000e-01 1.000000000000000000e+00
3.068847656250000000e-01 -9.999694824218750000e-01 1.000000000000000000e+00
6.422119140625000000e-01 -9.688415527343750000e-01 9.866027832031250000e-01
7.469787597656250000e-01 -9.017944335937500000e-01 1.722717285156250000e-01
7.829284667968750000e-01 -8.766174316406250000e-01 3.051757812500000000e-05
8.368225097656250000e-01 -8.359069824218750000e-01 3.051757812500000000e-05
8.338317871093750000e-01 -8.406982421875000000e-01 3.051757812500000000e-05
8.487854003906250000e-01 -8.359069824218750000e-01 3.051757812500000000e-05
8.472900390625000000e-01 -8.838195800781250000e-01 3.051757812500000000e-05
7.859191894531250000e-01 -9.053649902343750000e-01 3.051757812500000000e-05
7.559814453125000000e-01 -9.293212890625000000e-01 3.051757812500000000e-05
5.478820800781250000e-01 -9.832153320312500000e-01 3.051757812500000000e-05
4.505920410156250000e-01 -9.963989257812500000e-01 3.051757812500000000e-05
3.068847656250000000e-01 -9.999694824218750000e-01 3.051757812500000000e-05
1.571655273437500000e-01 -9.999694824218750000e-01 3.051757812500000000e-05
0.000000000000000000e+00 -9.999694824218750000e-01 3.051757812500000000e-05
0.000000000000000000e+00 -9.999694824218750000e-01 3.051757812500000000e-05
0.000000000000000000e+00 -9.999694824218750000e-01 3.051757812500000000e-05
0.000000000000000000e+00 -9.999694824218750000e-01 3.051757812500000000e-05
0.000000000000000000e+00 -9.999694824218750000e-01 3.051757812500000000e-05
0.000000000000000000e+00 -9.999694824218750000e-01 3.051757812500000000e-05
-2.374267578125000000e-02 -9.999694824218750000e-01 3.051757812500000000e-05
-1.175842285156250000e-01 -9.999694824218750000e-01 3.051757812500000000e-05
-1.283874511718750000e-01 -9.999694824218750000e-01 3.051757812500000000e-05
-1.683044433593750000e-01 -9.999694824218750000e-01 3.051757812500000000e-05
-1.650695800781250000e-01 -9.999694824218750000e-01 3.051757812500000000e-05
-1.639709472656250000e-01 -9.999694824218750000e-01 3.051757812500000000e-05
0.000000000000000000e+00 -1.913452148437500000e-02 3.051757812500000000e-05
0.000000000000000000e+00 3.051757812500000000e-05 3.051757812500000000e-05
0.000000000000000000e+00 3.051757812500000000e-05 3.051757812500000000e-05
0.000000000000000000e+00 3.051757812500000000e-05 3.051757812500000000e-05
0.000000000000000000e+00 3.051757812500000000e-05 3.051757812500000000e-05
0.000000000000000000e+00 3.051757812500000000e-05 3.051757812500000000e-05
0.000000000000000000e+00 -2.227478027343750000e-01 3.051757812500000000e-05
-2.157592773437500000e-02 -9.999694824218750000e-01 3.051757812500000000e-05
-6.472778320312500000e-02 -9.999694824218750000e-01 3.051757812500000000e-05
-6.582641601562500000e-02 -9.999694824218750000e-01 3.051757812500000000e-05
-6.582641601562500000e-02 -9.999694824218750000e-01 3.051757812500000000e-05
-6.582641601562500000e-02 -9.999694824218750000e-01 3.051757812500000000e-05
-1.068115234375000000e-01 -9.999694824218750000e-01 3.051757812500000000e-05
-1.855468750000000000e-01 -9.999694824218750000e-01 3.051757812500000000e-05
-4.056396484375000000e-01 -9.999694824218750000e-01 3.051757812500000000e-05
-4.444580078125000000e-01 -9.987792968750000000e-01 3.051757812500000000e-05
-4.563293457031250000e-01 -9.963989257812500000e-01 3.051757812500000000e-05
-4.627990722656250000e-01 -9.963989257812500000e-01 3.051757812500000000e-05
-4.573974609375000000e-01 -9.963989257812500000e-01 3.051757812500000000e-05
-4.617309570312500000e-01 -9.963989257812500000e-01 3.051757812500000000e-05
-4.552612304687500000e-01 -9.963989257812500000e-01 3.051757812500000000e-05
-4.573974609375000000e-01 -9.963989257812500000e-01 3.051757812500000000e-05
-4.573974609375000000e-01 -9.999694824218750000e-01 3.051757812500000000e-05
-4.519958496093750000e-01 -9.999694824218750000e-01 3.051757812500000000e-05
-4.552612304687500000e-01 -9.999694824218750000e-01 3.051757812500000000e-05
-4.552612304687500000e-01 -9.999694824218750000e-01 3.051757812500000000e-05
-4.530944824218750000e-01 -9.999694824218750000e-01 3.051757812500000000e-05
-4.121093750000000000e-01 -9.999694824218750000e-01 3.051757812500000000e-05
-3.689575195312500000e-01 -9.999694824218750000e-01 3.051757812500000000e-05
-2.546081542968750000e-01 -9.999694824218750000e-01 3.051757812500000000e-05
-1.974182128906250000e-01 -9.999694824218750000e-01 3.051757812500000000e-05
-1.068115234375000000e-01 -9.999694824218750000e-01 3.051757812500000000e-05
-5.935668945312500000e-02 -9.999694824218750000e-01 3.051757812500000000e-05
0.000000000000000000e+00 -9.999694824218750000e-01 3.051757812500000000e-05
0.000000000000000000e+00 -9.999694824218750000e-01 3.051757812500000000e-05
0.000000000000000000e+00 -9.999694824218750000e-01 3.051757812500000000e-05
0.000000000000000000e+00 -9.999694824218750000e-01 3.051757812500000000e-05
0.000000000000000000e+00 -9.999694824218750000e-01 3.051757812500000000e-05
-1.326904296875000000e-01 -9.999694824218750000e-01 3.051757812500000000e-05
-1.683044433593750000e-01 -9.999694824218750000e-01 3.051757812500000000e-05
-2.837219238281250000e-01 -9.999694824218750000e-01 3.051757812500000000e-05
-4.379882812500000000e-01 -9.772338867187500000e-01 3.051757812500000000e-05
-5.491027832031250000e-01 -9.245300292968750000e-01 3.051757812500000000e-05
-5.825500488281250000e-01 -8.861999511718750000e-01 3.051757812500000000e-05
-5.997924804687500000e-01 -8.730468750000000000e-01 3.051757812500000000e-05
-5.922546386718750000e-01 -8.766174316406250000e-01 3.051757812500000000e-05
-5.997924804687500000e-01 -8.981933593750000000e-01 3.051757812500000000e-05
-5.523376464843750000e-01 -9.628601074218750000e-01 3.051757812500000000e-05
-4.552612304687500000e-01 -9.999694824218750000e-01 3.051757812500000000e-05
0.000000000000000000e+00 3.051757812500000000e-05 3.051757812500000000e-05
0.000000000000000000e+00 3.051757812500000000e-05 3.051757812500000000e-05
0.000000000000000000e+00 3.051757812500000000e-05 3.051757812500000000e-05
0.000000000000000000e+00 -2.395019531250000000e-01 3.051757812500000000e-05
-1.510314941406250000e-01 -9.999694824218750000e-01 3.051757812500000000e-05
-1.920471191406250000e-01 -9.999694824218750000e-01 3.051757812500000000e-05
-2.556762695312500000e-01 -9.999694824218750000e-01 3.051757812500000000e-05
-2.675476074218750000e-01 -9.999694824218750000e-01 3.051757812500000000e-05
-2.675476074218750000e-01 -9.999694824218750000e-01 3.051757812500000000e-05
-2.891235351562500000e-01 -9.999694824218750000e-01 3.051757812500000000e-05
-2.837219238281250000e-01 -9.999694824218750000e-01 3.051757812500000000e-05
-2.837219238281250000e-01 -9.999694824218750000e-01 3.051757812500000000e-05
-3.570861816406250000e-01 -9.999694824218750000e-01 3.051757812500000000e-05
-4.013061523437500000e-01 -9.987792968750000000e-01 3.051757812500000000e-05
-5.501708984375000000e-01 -9.317321777343750000e-01 3.051757812500000000e-05
-5.825500488281250000e-01 -8.909912109375000000e-01 3.051757812500000000e-05
-5.846862792968750000e-01 -8.838195800781250000e-01 3.051757812500000000e-05
-7.173767089843750000e-01 -7.424926757812500000e-01 3.051757812500000000e-05
-8.457641601562500000e-01 -6.059875488281250000e-01 3.051757812500000000e-05
-9.115600585937500000e-01 -4.299316406250000000e-01 3.051757812500000000e-05
-9.536437988281250000e-01 -3.197326660156250000e-01 3.051757812500000000e-05
-9.795227050781250000e-01 -2.826232910156250000e-01 3.051757812500000000e-05
-9.967651367187500000e-01 -2.406921386718750000e-01 3.051757812500000000e-05
-1.000000000000000000e+00 -2.011718750000000000e-01 3.051757812500000000e-05
-1.000000000000000000e+00 -1.976013183593750000e-01 3.051757812500000000e-05
-1.000000000000000000e+00 -2.011718750000000000e-01 3.051757812500000000e-05
-1.000000000000000000e+00 -1.976013183593750000e-01 3.051757812500000000e-05
-1.000000000000000000e+00 -2.215270996093750000e-01 3.051757812500000000e-05
-9.967651367187500000e-01 -3.197326660156250000e-01 3.051757812500000000e-05
-9.816894531250000000e-01 -3.460998535156250000e-01 3.051757812500000000e-05
-9.428405761718750000e-01 -3.963928222656250000e-01 3.051757812500000000e-05
-9.180297851562500000e-01 -4.814147949218750000e-01 3.051757812500000000e-05
-9.039916992187500000e-01 -5.209350585937500000e-01 3.051757812500000000e-05
-8.813476562500000000e-01 -5.568847656250000000e-01 3.051757812500000000e-05
-8.824462890625000000e-01 -5.520935058593750000e-01 3.051757812500000000e-05
-8.856811523437500000e-01 -5.484924316406250000e-01 3.051757812500000000e-05
-9.266662597656250000e-01 -4.023742675781250000e-01 3.051757812500000000e-05
-9.805908203125000000e-01 -2.778320312500000000e-01 3.051757812500000000e-05
-1.000000000000000000e+00 -1.640625000000000000e-01 3.051757812500000000e-05
-1.000000000000000000e+00 -2.154541015625000000e-02 3.051757812500000000e-05
-1.000000000000000000e+00 3.051757812500000000e-05 3.051757812500000000e-05
-1.000000000000000000e+00 3.051757812500000000e-05 3.051757812500000000e-05
-1.000000000000000000e+00 3.051757812500000000e-05 3.051757812500000000e-05
-1.000000000000000000e+00 3.051757812500000000e-05 3.051757812500000000e-05
-1.000000000000000000e+00 -2.633666992187500000e-02 3.051757812500000000e-05
0.000000000000000000e+00 3.051757812500000000e-05 3.051757812500000000e-05
0.000000000000000000e+00 3.051757812500000000e-05 3.051757812500000000e-05
0.000000000000000000e+00 3.051757812500000000e-05 3.051757812500000000e-05
0.000000000000000000e+00 3.051757812500000000e-05 3.051757812500000000e-05
0.000000000000000000e+00 3.051757812500000000e-05 3.051757812500000000e-05
-1.098632812500000000e-03 3.051757812500000000e-05 3.051757812500000000e-05
-5.954895019531250000e-01 -9.100341796875000000e-02 3.051757812500000000e-05
-1.000000000000000000e+00 -2.191467285156250000e-01 3.051757812500000000e-05
-1.000000000000000000e+00 -2.203369140625000000e-01 3.051757812500000000e-05
-1.000000000000000000e+00 -1.149597167968750000e-01 3.051757812500000000e-05
-1.000000000000000000e+00 -9.219360351562500000e-02 3.051757812500000000e-05
-1.000000000000000000e+00 -7.424926757812500000e-02 3.051757812500000000e-05
-1.000000000000000000e+00 -5.148315429687500000e-02 3.051757812500000000e-05
-1.000000000000000000e+00 -5.865478515625000000e-02 3.051757812500000000e-05
-1.000000000000000000e+00 -5.746459960937500000e-02 3.051757812500000000e-05
-1.000000000000000000e+00 -5.746459960937500000e-02 3.051757812500000000e-05
-1.000000000000000000e+00 -5.746459960937500000e-02 3.051757812500000000e-05
-1.000000000000000000e+00 -4.788208007812500000e-02 3.051757812500000000e-05
-1.000000000000000000e+00 -5.148315429687500000e-02 3.051757812500000000e-05
-1.000000000000000000e+00 -4.788208007812500000e-02 3.051757812500000000e-05
-1.000000000000000000e+00 -5.386352539062500000e-02 3.051757812500000000e-05
-1.000000000000000000e+00 -7.302856445312500000e-02 3.051757812500000000e-05
-1.000000000000000000e+00 -8.383178710937500000e-02 3.051757812500000000e-05
-1.000000000000000000e+00 -7.543945312500000000e-02 3.051757812500000000e-05
-1.000000000000000000e+00 -7.543945312500000000e-02 3.051757812500000000e-05
-1.000000000000000000e+00 -7.543945312500000000e-02 3.051757812500000000e-05
-1.000000000000000000e+00 -7.543945312500000000e-02 3.051757812500000000e-05
-1.000000000000000000e+00 -7.543945312500000000e-02 3.051757812500000000e-05
-1.000000000000000000e+00 -7.543945312500000000e-02 3.051757812500000000e-05
-1.000000000000000000e+00 -7.543945312500000000e-02 3.051757812500000000e-05
-1.000000000000000000e+00 -7.543945312500000000e-02 3.051757812500000000e-05
-1.000000000000000000e+00 -7.543945312500000000e-02 3.051757812500000000e-05
-1.000000000000000000e+00 -7.543945312500000000e-02 3.051757812500000000e-05
-1.000000000000000000e+00 -7.543945312500000000e-02 3.051757812500000000e-05
-1.000000000000000000e+00 -7.543945312500000000e-02 3.051757812500000000e-05
-1.000000000000000000e+00 -7.543945312500000000e-02 3.051757812500000000e-05
-1.000000000000000000e+00 -7.543945312500000000e-02 3.051757812500000000e-05
-1.000000000000000000e+00 -7.543945312500000000e-02 3.051757812500000000e-05
-1.000000000000000000e+00 -6.225585937500000000e-02 3.051757812500000000e-05
-1.000000000000000000e+00 -6.106567382812500000e-02 3.051757812500000000e-05
-1.000000000000000000e+00 -6.106567382812500000e-02 3.051757812500000000e-05
-1.000000000000000000e+00 -6.106567382812500000e-02 3.051757812500000000e-05
-1.000000000000000000e+00 -6.106567382812500000e-02 3.051757812500000000e-05
-1.000000000000000000e+00 -5.148315429687500000e-02 3.051757812500000000e-05
-1.000000000000000000e+00 -4.190063476562500000e-02 3.051757812500000000e-05
-1.000000000000000000e+00 -4.190063476562500000e-02 3.051757812500000000e-05
-1.000000000000000000e+00 -4.309082031250000000e-02 3.051757812500000000e-05
-1.000000000000000000e+00 -4.428100585937500000e-02 3.051757812500000000e-05
-1.000000000000000000e+00 -2.273559570312500000e-02 3.051757812500000000e-05
-1.000000000000000000e+00 -2.035522460937500000e-02 3.051757812500000000e-05
-1.000000000000000000e+00 -1.913452148437500000e-02 3.051757812500000000e-05
-1.000000000000000000e+00 -1.913452148437500000e-02 3.051757812500000000e-05
-1.000000000000000000e+00 -1.675415039062500000e-02 3.051757812500000000e-05
-1.000000000000000000e+00 -1.913452148437500000e-02 3.051757812500000000e-05
-1.000000000000000000e+00 -1.913452148437500000e-02 3.051757812500000000e-05
-1.000000000000000000e+00 -7.171630859375000000e-03 3.051757812500000000e-05
-1.000000000000000000e+00 -1.913452148437500000e-02 3.051757812500000000e-05
-1.000000000000000000e+00 -1.913452148437500000e-02 3.051757812500000000e-05
-1.000000000000000000e+00 -3.350830078125000000e-02 -1.709899902343750000e-01
-1.000000000000000000e+00 -9.100341796875000000e-02 -9.999694824218750000e-01
-1.000000000000000000e+00 -1.017761230468750000e-01 -9.999694824218750000e-01
-1.000000000000000000e+00 -1.245422363281250000e-01 -9.999694824218750000e-01
-1.000000000000000000e+00 -1.401062011718750000e-01 -9.999694824218750000e-01
-1.000000000000000000e+00 -1.460876464843750000e-01 -9.999694824218750000e-01
-1.000000000000000000e+00 -1.472778320312500000e-01 -9.999694824218750000e-01
-1.000000000000000000e+00 -1.832275390625000000e-01 -9.999694824218750000e-01
-1.000000000000000000e+00 -1.963806152343750000e-01 -9.999694824218750000e-01
-1.000000000000000000e+00 -2.071838378906250000e-01 -9.999694824218750000e-01
-1.000000000000000000e+00 -2.550659179687500000e-01 -9.999694824218750000e-01
-9.859924316406250000e-01 -3.353271484375000000e-01 -9.999694824218750000e-01
-9.050903320312500000e-01 -5.784301757812500000e-01 -9.999694824218750000e-01
-6.354064941406250000e-01 -9.616699218750000000e-01 -9.999694824218750000e-01
-4.865417480468750000e-01 -9.999694824218750000e-01 -9.999694824218750000e-01
-3.721923828125000000e-01 -9.999694824218750000e-01 -9.999694824218750000e-01
-2.804870605468750000e-01 -9.999694824218750000e-01 -9.999694824218750000e-01
-2.643127441406250000e-01 -9.999694824218750000e-01 -9.999694824218750000e-01
-1.564331054687500000e-01 -9.999694824218750000e-01 -9.999694824218750000e-01
0.000000000000000000e+00 3.051757812500000000e-05 -9.999694824218750000e-01
0.000000000000000000e+00 3.051757812500000000e-05 -9.999694824218750000e-01
0.000000000000000000e+00 3.051757812500000000e-05 -9.999694824218750000e-01
0.000000000000000000e+00 3.051757812500000000e-05 -9.999694824218750000e-01
0.000000000000000000e+00 3.051757812500000000e-05 -9.999694824218750000e-01
0.000000000000000000e+00 3.051757812500000000e-05 -9.999694824218750000e-01
0.000000000000000000e+00 3.051757812500000000e-05 -9.999694824218750000e-01
0.000000000000000000e+00 3.051757812500000000e-05 -9.999694824218750000e-01
0.000000000000000000e+00 3.051757812500000000e-05 -9.999694824218750000e-01
0.000000000000000000e+00 3.051757812500000000e-05 -9.999694824218750000e-01
0.000000000000000000e+00 3.051757812500000000e-05 -9.999694824218750000e-01
0.000000000000000000e+00 3.051757812500000000e-05 -9.999694824218750000e-01
0.000000000000000000e+00 3.051757812500000000e-05 -9.999694824218750000e-01
0.000000000000000000e+00 3.051757812500000000e-05 -9.999694824218750000e-01
0.000000000000000000e+00 3.051757812500000000e-05 -9.999694824218750000e-01
0.000000000000000000e+00 3.051757812500000000e-05 -9.999694824218750000e-01
0.000000000000000000e+00 3.051757812500000000e-05 -9.999694824218750000e-01
0.000000000000000000e+00 3.051757812500000000e-05 -9.999694824218750000e-01
0.000000000000000000e+00 3.051757812500000000e-05 -9.999694824218750000e-01
0.000000000000000000e+00 3.051757812500000000e-05 -9.999694824218750000e-01
0.000000000000000000e+00 -3.570556640625000000e-03 -9.999694824218750000e-01
-1.359252929687500000e-01 -3.939819335937500000e-01 -9.999694824218750000e-01
-2.546081542968750000e-01 -8.874206542968750000e-01 -9.999694824218750000e-01
-3.074645996093750000e-01 -9.999694824218750000e-01 -9.999694824218750000e-01
-3.031311035156250000e-01 -9.999694824218750000e-01 -9.999694824218750000e-01
-3.042297363281250000e-01 -9.999694824218750000e-01 -9.999694824218750000e-01
-2.998962402343750000e-01 -9.999694824218750000e-01 -9.999694824218750000e-01
-2.998962402343750000e-01 -9.999694824218750000e-01 -9.999694824218750000e-01
-2.977600097656250000e-01 -9.999694824218750000e-01 -9.999694824218750000e-01
-2.168579101562500000e-01 -9.999694824218750000e-01 -9.999694824218750000e-01
-4.855346679687500000e-02 -1.976013183593750000e-01 -9.999694824218750000e-01
0.000000000000000000e+00 3.051757812500000000e-05 -9.999694824218750000e-01
0.000000000000000000e+00 3.051757812500000000e-05 -9.999694824218750000e-01
0.000000000000000000e+00 3.051757812500000000e-05 -9.999694824218750000e-01
0.000000000000000000e+00 3.051757812500000000e-05 -9.999694824218750000e-01
0.000000000000000000e+00 3.051757812500000000e-05 -9.999694824218750000e-01
0.000000000000000000e+00 3.051757812500000000e-05 -9.999694824218750000e-01
0.000000000000000000e+00 3.051757812500000000e-05 -9.999694824218750000e-01
0.000000000000000000e+00 3.051757812500000000e-05 -9.999694824218750000e-01
0.000000000000000000e+00 -2.993774414062500000e-01 -9.999694824218750000e-01
0.000000000000000000e+00 -4.466857910156250000e-01 -9.999694824218750000e-01
-3.021240234375000000e-02 -4.586791992187500000e-01 -9.999694824218750000e-01
-3.021240234375000000e-02 -4.586791992187500000e-01 -9.999694824218750000e-01
-4.748535156250000000e-02 -8.682556152343750000e-01 -9.999694824218750000e-01
-4.638671875000000000e-02 -9.999694824218750000e-01 -9.999694824218750000e-01
-4.638671875000000000e-02 -9.999694824218750000e-01 -9.999694824218750000e-01
-4.748535156250000000e-02 -9.999694824218750000e-01 -9.999694824218750000e-01
-4.748535156250000000e-02 -9.999694824218750000e-01 -9.999694824218750000e-01
-4.748535156250000000e-02 -9.999694824218750000e-01 -9.999694824218750000e-01
-4.748535156250000000e-02 -9.999694824218750000e-01 -9.999694824218750000e-01
-4.748535156250000000e-02 -9.999694824218750000e-01 -9.999694824218750000e-01
-4.748535156250000000e-02 -9.999694824218750000e-01 -9.999694824218750000e-01
-4.748535156250000000e-02 -9.999694824218750000e-01 -9.999694824218750000e-01
-4.748535156250000000e-02 -9.999694824218750000e-01 -9.999694824218750000e-01
-2.590942382812500000e-02 -2.598571777343750000e-01 -9.999694824218750000e-01
0.000000000000000000e+00 3.051757812500000000e-05 -9.999694824218750000e-01
0.000000000000000000e+00 3.051757812500000000e-05 3.051757812500000000e-05
0.000000000000000000e+00 3.051757812500000000e-05 3.051757812500000000e-05
0.000000000000000000e+00 3.051757812500000000e-05 3.051757812500000000e-05
0.000000000000000000e+00 3.051757812500000000e-05 3.051757812500000000e-05
0.000000000000000000e+00 3.051757812500000000e-05 3.051757812500000000e-05
0.000000000000000000e+00 3.051757812500000000e-05 3.051757812500000000e-05
0.000000000000000000e+00 3.051757812500000000e-05 3.051757812500000000e-05
0.000000000000000000e+00 3.051757812500000000e-05 3.051757812500000000e-05
0.000000000000000000e+00 3.051757812500000000e-05 3.051757812500000000e-05
0.000000000000000000e+00 3.051757812500000000e-05 -9.898376464843750000e-01
0.000000000000000000e+00 3.051757812500000000e-05 -9.999694824218750000e-01
0.000000000000000000e+00 3.051757812500000000e-05 -9.999694824218750000e-01
0.000000000000000000e+00 3.051757812500000000e-05 -9.999694824218750000e-01
0.000000000000000000e+00 3.051757812500000000e-05 -9.999694824218750000e-01
0.000000000000000000e+00 3.051757812500000000e-05 -9.999694824218750000e-01
0.000000000000000000e+00 3.051757812500000000e-05 -9.999694824218750000e-01
0.000000000000000000e+00 3.051757812500000000e-05 -9.999694824218750000e-01
0.000000000000000000e+00 3.051757812500000000e-05 -9.999694824218750000e-01
0.000000000000000000e+00 3.051757812500000000e-05 -9.999694824218750000e-01
0.000000000000000000e+00 3.051757812500000000e-05 -9.999694824218750000e-01
0.000000000000000000e+00 3.051757812500000000e-05 -9.999694824218750000e-01
0.000000000000000000e+00 3.051757812500000000e-05 -9.999694824218750000e-01
0.000000000000000000e+00 3.051757812500000000e-05 -9.999694824218750000e-01
0.000000000000000000e+00 3.051757812500000000e-05 3.051757812500000000e-05
0.000000000000000000e+00 3.051757812500000000e-05 3.051757812500000000e-05
0.000000000000000000e+00 3.051757812500000000e-05 3.051757812500000000e-05
0.000000000000000000e+00 3.051757812500000000e-05 3.051757812500000000e-05
0.000000000000000000e+00 3.051757812500000000e-05 3.051757812500000000e-05
0.000000000000000000e+00 3.051757812500000000e-05 3.051757812500000000e-05
0.000000000000000000e+00 3.051757812500000000e-05 3.051757812500000000e-05
0.000000000000000000e+00 3.051757812500000000e-05 3.051757812500000000e-05
0.000000000000000000e+00 3.051757812500000000e-05 3.051757812500000000e-05
0.000000000000000000e+00 3.051757812500000000e-05 3.051757812500000000e-05
0.000000000000000000e+00 3.051757812500000000e-05 3.051757812500000000e-05
0.000000000000000000e+00 3.051757812500000000e-05 3.051757812500000000e-05
0.000000000000000000e+00 3.051757812500000000e-05 3.051757812500000000e-05
0.000000000000000000e+00 3.051757812500000000e-05 3.051757812500000000e-05
0.000000000000000000e+00 3.051757812500000000e-05 3.051757812500000000e-05
0.000000000000000000e+00 3.051757812500000000e-05 3.051757812500000000e-05
0.000000000000000000e+00 3.051757812500000000e-05 3.051757812500000000e-05
0.000000000000000000e+00 3.051757812500000000e-05 3.051757812500000000e-05
0.000000000000000000e+00 3.051757812500000000e-05 3.051757812500000000e-05
0.000000000000000000e+00 3.051757812500000000e-05 3.051757812500000000e-05
0.000000000000000000e+00 3.051757812500000000e-05 3.051757812500000000e-05
0.000000000000000000e+00 3.051757812500000000e-05 3.051757812500000000e-05
0.000000000000000000e+00 3.051757812500000000e-05 3.051757812500000000e-05
0.000000000000000000e+00 3.051757812500000000e-05 3.051757812500000000e-05
0.000000000000000000e+00 3.051757812500000000e-05 3.051757812500000000e-05
0.000000000000000000e+00 3.051757812500000000e-05 3.051757812500000000e-05
0.000000000000000000e+00 3.051757812500000000e-05 3.051757812500000000e-05
0.000000000000000000e+00 3.051757812500000000e-05 3.051757812500000000e-05
0.000000000000000000e+00 3.051757812500000000e-05 3.051757812500000000e-05
0.000000000000000000e+00 3.051757812500000000e-05 3.051757812500000000e-05
0.000000000000000000e+00 3.051757812500000000e-05 3.051757812500000000e-05
0.000000000000000000e+00 3.051757812500000000e-05 3.051757812500000000e-05
0.000000000000000000e+00 3.051757812500000000e-05 3.051757812500000000e-05
