0.000000000000000000e+00 3.051757812500000000e-05 3.051757812500000000e-05
0.000000000000000000e+00 3.051757812500000000e-05 3.051757812500000000e-05
0.000000000000000000e+00 3.051757812500000000e-05 3.051757812500000000e-05
0.000000000000000000e+00 3.051757812500000000e-05 3.051757812500000000e-05
0.000000000000000000e+00 3.051757812500000000e-05 3.051757812500000000e-05
0.000000000000000000e+00 3.051757812500000000e-05 3.051757812500000000e-05
0.000000000000000000e+00 3.051757812500000000e-05 3.051757812500000000e-05
0.000000000000000000e+00 3.051757812500000000e-05 3.051757812500000000e-05
0.000000000000000000e+00 3.051757812500000000e-05 3.051757812500000000e-05
0.000000000000000000e+00 3.051757812500000000e-05 3.051757812500000000e-05
0.000000000000000000e+00 3.051757812500000000e-05 3.051757812500000000e-05
0.000000000000000000e+00 3.051757812500000000e-05 3.051757812500000000e-05
0.000000000000000000e+00 3.051757812500000000e-05 3.051757812500000000e-05
0.000000000000000000e+00 3.051757812500000000e-05 3.051757812500000000e-05
0.000000000000000000e+00 3.051757812500000000e-05 3.051757812500000000e-05
0.000000000000000000e+00 3.051757812500000000e-05 3.051757812500000000e-05
0.000000000000000000e+00 1.974487304687500000e-02 3.051757812500000000e-05
2.200317382812500000e-01 8.934326171875000000e-01 3.051757812500000000e-05
8.068847656250000000e-01 1.000000000000000000e+00 3.051757812500000000e-05
8.068847656250000000e-01 1.000000000000000000e+00 3.051757812500000000e-05
8.053588867187500000e-01 1.000000000000000000e+00 3.051757812500000000e-05
8.787231445312500000e-01 1.000000000000000000e+00 3.051757812500000000e-05
9.625549316406250000e-01 1.000000000000000000e+00 3.051757812500000000e-05
9.655456542968750000e-01 1.000000000000000000e+00 3.051757812500000000e-05
9.655456542968750000e-01 1.000000000000000000e+00 -2.026367187500000000e-02
9.655456542968750000e-01 1.000000000000000000e+00 -1.825866699218750000e-01
9.655456542968750000e-01 1.000000000000000000e+00 -1.420288085937500000e-01
9.655456542968750000e-01 1.000000000000000000e+00 -1.492614746093750000e-01
9.655456542968750000e-01 1.000000000000000000e+00 -5.651855468750000000e-02
9.655456542968750000e-01 1.000000000000000000e+00 -3.765869140625000000e-02
9.655456542968750000e-01 1.000000000000000000e+00 3.051757812500000000e-05
9.655456542968750000e-01 1.000000000000000000e+00 3.051757812500000000e-05
9.655456542968750000e-01 1.000000000000000000e+00 3.051757812500000000e-05
9.655456542968750000e-01 1.000000000000000000e+00 3.051757812500000000e-05
9.655456542968750000e-01 1.000000000000000000e+00 3.051757812500000000e-05
9.655456542968750000e-01 1.000000000000000000e+00 3.051757812500000000e-05
9.655456542968750000e-01 1.000000000000000000e+00 3.051757812500000000e-05
9.655456542968750000e-01 1.000000000000000000e+00 3.051757812500000000e-05
9.655456542968750000e-01 1.000000000000000000e+00 3.051757812500000000e-05
9.984741210937500000e-01 9.671325683593750000e-01 3.051757812500000000e-05
9.999694824218750000e-01 9.513244628906250000e-01 3.051757812500000000e-05
9.999694824218750000e-01 9.566040039062500000e-01 3.051757812500000000e-05
9.999694824218750000e-01 9.566040039062500000e-01 3.051757812500000000e-05
9.999694824218750000e-01 9.566040039062500000e-01 3.051757812500000000e-05
9.999694824218750000e-01 9.566040039062500000e-01 3.051757812500000000e-05
9.999694824218750000e-01 9.460754394531250000e-01 3.051757812500000000e-05
9.999694824218750000e-01 9.355468750000000000e-01 3.051757812500000000e-05
9.999694824218750000e-01 9.197387695312500000e-01 3.051757812500000000e-05
9.999694824218750000e-01 9.197387695312500000e-01 3.051757812500000000e-05
9.999694824218750000e-01 9.197387695312500000e-01 3.051757812500000000e-05
9.999694824218750000e-01 9.197387695312500000e-01 3.051757812500000000e-05
9.999694824218750000e-01 9.197387695312500000e-01 3.051757812500000000e-05
9.999694824218750000e-01 8.736877441406250000e-01 3.051757812500000000e-05
9.999694824218750000e-01 8.710632324218750000e-01 3.051757812500000000e-05
9.999694824218750000e-01 8.723754882812500000e-01 3.051757812500000000e-05
9.999694824218750000e-01 8.723754882812500000e-01 3.051757812500000000e-05
9.999694824218750000e-01 8.723754882812500000e-01 3.051757812500000000e-05
9.999694824218750000e-01 8.407897949218750000e-01 3.051757812500000000e-05
9.999694824218750000e-01 8.118591308593750000e-01 3.051757812500000000e-05
9.999694824218750000e-01 7.026367187500000000e-01 3.051757812500000000e-05
9.999694824218750000e-01 5.565795898437500000e-01 3.051757812500000000e-05
9.999694824218750000e-01 3.881835937500000000e-01 3.051757812500000000e-05
9.999694824218750000e-01 3.723754882812500000e-01 3.051757812500000000e-05
9.999694824218750000e-01 3.842163085937500000e-01 3.051757812500000000e-05
9.999694824218750000e-01 3.934326171875000000e-01 3.051757812500000000e-05
9.999694824218750000e-01 4.065856933593750000e-01 3.051757812500000000e-05
9.999694824218750000e-01 4.434509277343750000e-01 3.051757812500000000e-05
9.999694824218750000e-01 5.736999511718750000e-01 3.051757812500000000e-05
9.999694824218750000e-01 7.737121582031250000e-01 3.051757812500000000e-05
9.999694824218750000e-01 9.618530273437500000e-01 3.051757812500000000e-05
9.939880371093750000e-01 1.000000000000000000e+00 3.051757812500000000e-05
9.865112304687500000e-01 1.000000000000000000e+00 3.051757812500000000e-05
9.745483398437500000e-01 1.000000000000000000e+00 3.051757812500000000e-05
9.700317382812500000e-01 1.000000000000000000e+00 3.051757812500000000e-05
9.700317382812500000e-01 1.000000000000000000e+00 3.051757812500000000e-05
9.700317382812500000e-01 1.000000000000000000e+00 3.051757812500000000e-05
9.700317382812500000e-01 1.000000000000000000e+00 3.051757812500000000e-05
9.700317382812500000e-01 1.000000000000000000e+00 3.051757812500000000e-05
9.700317382812500000e-01 1.000000000000000000e+00 3.051757812500000000e-05
9.700317382812500000e-01 1.000000000000000000e+00 3.051757812500000000e-05
9.700317382812500000e-01 1.000000000000000000e+00 3.051757812500000000e-05
9.266357421875000000e-01 1.000000000000000000e+00 3.051757812500000000e-05
7.215270996093750000e-01 1.000000000000000000e+00 3.051757812500000000e-05
6.361999511718750000e-01 1.000000000000000000e+00 3.051757812500000000e-05
5.793151855468750000e-01 1.000000000000000000e+00 3.051757812500000000e-05
5.538635253906250000e-01 1.000000000000000000e+00 3.051757812500000000e-05
4.835205078125000000e-01 1.000000000000000000e+00 3.051757812500000000e-05
4.715270996093750000e-01 1.000000000000000000e+00 3.051757812500000000e-05
3.757324218750000000e-01 1.000000000000000000e+00 3.051757812500000000e-05
3.487854003906250000e-01 1.000000000000000000e+00 3.051757812500000000e-05
2.424926757812500000e-01 1.000000000000000000e+00 3.051757812500000000e-05
1.781311035156250000e-01 1.000000000000000000e+00 3.051757812500000000e-05
1.212463378906250000e-01 1.000000000000000000e+00 3.051757812500000000e-05
3.741455078125000000e-02 1.000000000000000000e+00 3.051757812500000000e-05
1.644897460937500000e-02 1.000000000000000000e+00 3.051757812500000000e-05
0.000000000000000000e+00 1.000000000000000000e+00 3.051757812500000000e-05
0.000000000000000000e+00 1.000000000000000000e+00 3.051757812500000000e-05
0.000000000000000000e+00 1.000000000000000000e+00 3.051757812500000000e-05
0.000000000000000000e+00 1.000000000000000000e+00 3.051757812500000000e-05
0.000000000000000000e+00 1.000000000000000000e+00 3.051757812500000000e-05
0.000000000000000000e+00 1.000000000000000000e+00 3.051757812500000000e-05
0.000000000000000000e+00 1.000000000000000000e+00 3.051757812500000000e-05
-3.778076171875000000e-02 1.000000000000000000e+00 3.051757812500000000e-05
-3.454589843750000000e-02 1.000000000000000000e+00 3.051757812500000000e-05
-3.668212890625000000e-02 1.000000000000000000e+00 3.051757812500000000e-05
-9.170532226562500000e-02 1.000000000000000000e+00 3.051757812500000000e-05
-2.481384277343750000e-01 1.000000000000000000e+00 3.051757812500000000e-05
-2.675476074218750000e-01 1.000000000000000000e+00 3.051757812500000000e-05
-3.236389160156250000e-01 1.000000000000000000e+00 3.051757812500000000e-05
-4.293518066406250000e-01 1.000000000000000000e+00 3.051757812500000000e-05
-4.962463378906250000e-01 1.000000000000000000e+00 3.051757812500000000e-05
-5.167236328125000000e-01 1.000000000000000000e+00 3.051757812500000000e-05
-5.264587402343750000e-01 1.000000000000000000e+00 3.051757812500000000e-05
-5.566406250000000000e-01 1.000000000000000000e+00 3.051757812500000000e-05
-6.030273437500000000e-01 1.000000000000000000e+00 3.051757812500000000e-05
-6.763916015625000000e-01 1.000000000000000000e+00 3.051757812500000000e-05
-7.044372558593750000e-01 1.000000000000000000e+00 3.051757812500000000e-05
-7.055053710937500000e-01 1.000000000000000000e+00 3.051757812500000000e-05
-7.055053710937500000e-01 1.000000000000000000e+00 3.051757812500000000e-05
-7.055053710937500000e-01 1.000000000000000000e+00 3.051757812500000000e-05
-7.033691406250000000e-01 1.000000000000000000e+00 3.051757812500000000e-05
-7.087402343750000000e-01 1.000000000000000000e+00 3.051757812500000000e-05
-7.076721191406250000e-01 1.000000000000000000e+00 3.051757812500000000e-05
-7.087402343750000000e-01 1.000000000000000000e+00 3.051757812500000000e-05
-7.141418457031250000e-01 1.000000000000000000e+00 3.051757812500000000e-05
-7.119750976562500000e-01 1.000000000000000000e+00 3.051757812500000000e-05
-7.109069824218750000e-01 1.000000000000000000e+00 3.051757812500000000e-05
-7.119750976562500000e-01 1.000000000000000000e+00 3.051757812500000000e-05
-7.119750976562500000e-01 1.000000000000000000e+00 3.051757812500000000e-05
-6.008911132812500000e-01 1.000000000000000000e+00 3.051757812500000000e-05
-5.793151855468750000e-01 1.000000000000000000e+00 3.051757812500000000e-05
-5.480346679687500000e-01 1.000000000000000000e+00 3.051757812500000000e-05
-4.174804687500000000e-01 1.000000000000000000e+00 3.051757812500000000e-05
0.000000000000000000e+00 1.000000000000000000e+00 3.051757812500000000e-05
1.601562500000000000e-01 1.000000000000000000e+00 3.051757812500000000e-05
4.565734863281250000e-01 1.000000000000000000e+00 3.051757812500000000e-05
5.478820800781250000e-01 1.000000000000000000e+00 3.051757812500000000e-05
6.556701660156250000e-01 1.000000000000000000e+00 3.051757812500000000e-05
6.556701660156250000e-01 1.000000000000000000e+00 3.051757812500000000e-05
5.553588867187500000e-01 1.000000000000000000e+00 3.051757812500000000e-05
3.038635253906250000e-01 1.000000000000000000e+00 3.051757812500000000e-05
1.152648925781250000e-01 1.000000000000000000e+00 3.051757812500000000e-05
1.152648925781250000e-01 1.000000000000000000e+00 3.051757812500000000e-05
1.152648925781250000e-01 1.000000000000000000e+00 3.051757812500000000e-05
1.407165527343750000e-01 1.000000000000000000e+00 3.051757812500000000e-05
2.589721679687500000e-01 1.000000000000000000e+00 3.051757812500000000e-05
5.928039550781250000e-01 1.000000000000000000e+00 3.051757812500000000e-05
7.619628906250000000e-01 1.000000000000000000e+00 3.051757812500000000e-05
9.176635742187500000e-01 1.000000000000000000e+00 3.051757812500000000e-05
9.805297851562500000e-01 1.000000000000000000e+00 3.051757812500000000e-05
9.999694824218750000e-01 1.000000000000000000e+00 3.051757812500000000e-05
9.999694824218750000e-01 9.250183105468750000e-01 3.051757812500000000e-05
9.999694824218750000e-01 8.934326171875000000e-01 3.051757812500000000e-05
9.999694824218750000e-01 7.894897460937500000e-01 3.051757812500000000e-05
9.999694824218750000e-01 6.973876953125000000e-01 3.051757812500000000e-05
9.999694824218750000e-01 6.408081054687500000e-01 3.051757812500000000e-05
9.999694824218750000e-01 5.618591308593750000e-01 3.051757812500000000e-05
-7.659912109375000000e-02 3.051757812500000000e-05 3.051757812500000000e-05
0.000000000000000000e+00 3.051757812500000000e-05 3.051757812500000000e-05
0.000000000000000000e+00 3.051757812500000000e-05 3.051757812500000000e-05
0.000000000000000000e+00 3.051757812500000000e-05 -6.753540039062500000e-01
0.000000000000000000e+00 3.051757812500000000e-05 -9.999694824218750000e-01
0.000000000000000000e+00 3.051757812500000000e-05 -9.999694824218750000e-01
0.000000000000000000e+00 3.051757812500000000e-05 -9.999694824218750000e-01
0.000000000000000000e+00 3.051757812500000000e-05 -9.999694824218750000e-01
0.000000000000000000e+00 3.051757812500000000e-05 -9.999694824218750000e-01
0.000000000000000000e+00 3.051757812500000000e-05 -9.999694824218750000e-01
0.000000000000000000e+00 3.051757812500000000e-05 -9.999694824218750000e-01
0.000000000000000000e+00 3.051757812500000000e-05 -9.999694824218750000e-01
0.000000000000000000e+00 3.051757812500000000e-05 -9.999694824218750000e-01
0.000000000000000000e+00 3.051757812500000000e-05 -9.999694824218750000e-01
0.000000000000000000e+00 3.051757812500000000e-05 -9.999694824218750000e-01
0.000000000000000000e+00 3.051757812500000000e-05 -9.999694824218750000e-01
0.000000000000000000e+00 -1.065673828125000000e-01 -9.999694824218750000e-01
0.000000000000000000e+00 -4.287414550781250000e-01 -9.999694824218750000e-01
-6.042480468750000000e-02 -7.808227539062500000e-01 -9.999694824218750000e-01
-8.523559570312500000e-02 -9.963989257812500000e-01 -9.999694824218750000e-01
-9.277343750000000000e-02 -9.999694824218750000e-01 -9.999694824218750000e-01
-9.817504882812500000e-02 -9.999694824218750000e-01 -9.999694824218750000e-01
-1.014099121093750000e-01 -9.999694824218750000e-01 -9.999694824218750000e-01
-1.564331054687500000e-01 -9.999694824218750000e-01 -9.999694824218750000e-01
-1.639709472656250000e-01 -9.999694824218750000e-01 -9.999694824218750000e-01
-2.286987304687500000e-01 -9.999694824218750000e-01 -9.999694824218750000e-01
-3.301086425781250000e-01 -9.999694824218750000e-01 -9.999694824218750000e-01
-3.311767578125000000e-01 -9.999694824218750000e-01 -9.999694824218750000e-01
-3.883666992187500000e-01 -9.999694824218750000e-01 -9.999694824218750000e-01
-4.099426269531250000e-01 -9.999694824218750000e-01 -9.999694824218750000e-01
-4.811401367187500000e-01 -9.999694824218750000e-01 -9.999694824218750000e-01
-5.555725097656250000e-01 -9.712524414062500000e-01 -9.999694824218750000e-01
-6.084289550781250000e-01 -9.101562500000000000e-01 -9.999694824218750000e-01
-6.105957031250000000e-01 -9.125671386718750000e-01 -9.999694824218750000e-01
-6.105957031250000000e-01 -9.101562500000000000e-01 -9.999694824218750000e-01
-5.793151855468750000e-01 -9.365234375000000000e-01 3.051757812500000000e-05
-5.706787109375000000e-01 -9.472961425781250000e-01 3.051757812500000000e-05
-5.674438476562500000e-01 -9.389038085937500000e-01 3.051757812500000000e-05
-5.652770996093750000e-01 -9.472961425781250000e-01 3.051757812500000000e-05
-5.566406250000000000e-01 -9.556884765625000000e-01 3.051757812500000000e-05
-5.512695312500000000e-01 -9.544677734375000000e-01 3.051757812500000000e-05
-5.480346679687500000e-01 -9.640502929687500000e-01 3.051757812500000000e-05
-5.534057617187500000e-01 -9.628601074218750000e-01 3.051757812500000000e-05
-5.523376464843750000e-01 -9.628601074218750000e-01 3.051757812500000000e-05
-5.523376464843750000e-01 -9.628601074218750000e-01 3.051757812500000000e-05
-5.523376464843750000e-01 -9.628601074218750000e-01 3.051757812500000000e-05
-5.523376464843750000e-01 -9.628601074218750000e-01 3.051757812500000000e-05
-5.523376464843750000e-01 -9.532775878906250000e-01 3.051757812500000000e-05
-5.523376464843750000e-01 -9.269409179687500000e-01 3.051757812500000000e-05
-5.695800781250000000e-01 -8.957824707031250000e-01 3.051757812500000000e-05
-5.922546386718750000e-01 -8.898010253906250000e-01 -2.999877929687500000e-01
-6.429443359375000000e-01 -7.868041992187500000e-01 -9.999694824218750000e-01
-6.774597167968750000e-01 -7.592773437500000000e-01 -9.999694824218750000e-01
-6.936645507812500000e-01 -7.460937500000000000e-01 -9.999694824218750000e-01
-7.163085937500000000e-01 -7.449035644531250000e-01 -9.999694824218750000e-01
-7.367858886718750000e-01 -7.305297851562500000e-01 -9.999694824218750000e-01
-7.810363769531250000e-01 -7.017822265625000000e-01 -9.999694824218750000e-01
-8.004455566406250000e-01 -6.778259277343750000e-01 -9.999694824218750000e-01
-8.284912109375000000e-01 -6.155395507812500000e-01 -9.999694824218750000e-01
-8.252563476562500000e-01 -6.167602539062500000e-01 -9.999694824218750000e-01
-8.284912109375000000e-01 -6.323242187500000000e-01 -9.999694824218750000e-01
-8.284912109375000000e-01 -6.323242187500000000e-01 -9.999694824218750000e-01
-8.284912109375000000e-01 -6.323242187500000000e-01 -9.999694824218750000e-01
-8.284912109375000000e-01 -6.179504394531250000e-01 -9.999694824218750000e-01
-8.738098144531250000e-01 -5.425109863281250000e-01 -9.999694824218750000e-01
-9.061584472656250000e-01 -4.502868652343750000e-01 -9.999694824218750000e-01
-9.342041015625000000e-01 -4.131469726562500000e-01 3.051757812500000000e-05
-9.385375976562500000e-01 -4.047851562500000000e-01 3.051757812500000000e-05
-9.385375976562500000e-01 -4.071655273437500000e-01 3.051757812500000000e-05
-9.385375976562500000e-01 -4.921875000000000000e-01 3.051757812500000000e-05
-9.385375976562500000e-01 -5.005798339843750000e-01 3.051757812500000000e-05
-9.385375976562500000e-01 -5.173645019531250000e-01 3.051757812500000000e-05
-8.878173828125000000e-01 -6.047668457031250000e-01 3.051757812500000000e-05
-8.414306640625000000e-01 -7.089538574218750000e-01 3.051757812500000000e-05
-7.669982910156250000e-01 -7.556762695312500000e-01 3.051757812500000000e-05
-6.860961914062500000e-01 -8.778381347656250000e-01 3.051757812500000000e-05
-5.415344238281250000e-01 -9.832153320312500000e-01 3.051757812500000000e-05
-4.196472167968750000e-01 -9.999694824218750000e-01 3.051757812500000000e-05
-3.883666992187500000e-01 -9.999694824218750000e-01 3.051757812500000000e-05
-3.894348144531250000e-01 -9.999694824218750000e-01 -5.333251953125000000e-01
-3.883666992187500000e-01 -9.999694824218750000e-01 -9.999694824218750000e-01
-3.872985839843750000e-01 -9.999694824218750000e-01 -9.999694824218750000e-01
-3.926696777343750000e-01 -9.999694824218750000e-01 -9.999694824218750000e-01
-4.487609863281250000e-01 -9.820251464843750000e-01 -9.999694824218750000e-01
-5.382995605468750000e-01 -9.604492187500000000e-01 -9.999694824218750000e-01
-5.437011718750000000e-01 -9.520874023437500000e-01 -9.999694824218750000e-01
-5.437011718750000000e-01 -9.532775878906250000e-01 -9.999694824218750000e-01
-5.437011718750000000e-01 -9.532775878906250000e-01 -9.999694824218750000e-01
-5.437011718750000000e-01 -9.532775878906250000e-01 -9.999694824218750000e-01
-5.437011718750000000e-01 -9.532775878906250000e-01 -9.999694824218750000e-01
-5.469360351562500000e-01 -9.389038085937500000e-01 3.051757812500000000e-05
-5.846862792968750000e-01 -8.754272460937500000e-01 3.051757812500000000e-05
0.000000000000000000e+00 3.051757812500000000e-05 3.051757812500000000e-05
0.000000000000000000e+00 3.051757812500000000e-05 3.051757812500000000e-05
0.000000000000000000e+00 3.051757812500000000e-05 3.051757812500000000e-05
0.000000000000000000e+00 3.051757812500000000e-05 3.051757812500000000e-05
0.000000000000000000e+00 3.051757812500000000e-05 3.051757812500000000e-05
0.000000000000000000e+00 3.051757812500000000e-05 3.051757812500000000e-05
0.000000000000000000e+00 3.051757812500000000e-05 3.051757812500000000e-05
0.000000000000000000e+00 3.051757812500000000e-05 3.051757812500000000e-05
0.000000000000000000e+00 3.051757812500000000e-05 3.051757812500000000e-05
0.000000000000000000e+00 3.051757812500000000e-05 3.051757812500000000e-05
0.000000000000000000e+00 3.051757812500000000e-05 3.051757812500000000e-05
0.000000000000000000e+00 3.051757812500000000e-05 3.051757812500000000e-05
0.000000000000000000e+00 3.051757812500000000e-05 3.051757812500000000e-05
0.000000000000000000e+00 3.051757812500000000e-05 3.051757812500000000e-05
0.000000000000000000e+00 3.051757812500000000e-05 3.051757812500000000e-05
0.000000000000000000e+00 3.051757812500000000e-05 3.051757812500000000e-05
0.000000000000000000e+00 3.051757812500000000e-05 3.051757812500000000e-05
0.000000000000000000e+00 3.051757812500000000e-05 3.051757812500000000e-05
0.000000000000000000e+00 3.051757812500000000e-05 3.051757812500000000e-05
0.000000000000000000e+00 3.051757812500000000e-05 3.051757812500000000e-05
0.000000000000000000e+00 3.051757812500000000e-05 3.051757812500000000e-05
0.000000000000000000e+00 3.051757812500000000e-05 3.051757812500000000e-05
0.000000000000000000e+00 3.051757812500000000e-05 3.051757812500000000e-05
0.000000000000000000e+00 3.051757812500000000e-05 1.000000000000000000e+00
0.000000000000000000e+00 3.051757812500000000e-05 1.000000000000000000e+00
0.000000000000000000e+00 3.051757812500000000e-05 1.000000000000000000e+00
0.000000000000000000e+00 3.051757812500000000e-05 1.000000000000000000e+00
0.000000000000000000e+00 3.051757812500000000e-05 1.000000000000000000e+00
0.000000000000000000e+00 3.051757812500000000e-05 1.000000000000000000e+00
0.000000000000000000e+00 3.051757812500000000e-05 1.000000000000000000e+00
0.000000000000000000e+00 3.051757812500000000e-05 1.000000000000000000e+00
0.000000000000000000e+00 3.051757812500000000e-05 1.000000000000000000e+00
0.000000000000000000e+00 3.051757812500000000e-05 1.000000000000000000e+00
0.000000000000000000e+00 3.051757812500000000e-05 1.000000000000000000e+00
0.000000000000000000e+00 3.051757812500000000e-05 1.000000000000000000e+00
0.000000000000000000e+00 3.051757812500000000e-05 1.000000000000000000e+00
0.000000000000000000e+00 3.051757812500000000e-05 1.000000000000000000e+00
0.000000000000000000e+00 3.051757812500000000e-05 1.000000000000000000e+00
0.000000000000000000e+00 3.051757812500000000e-05 1.000000000000000000e+00
0.000000000000000000e+00 3.051757812500000000e-05 1.000000000000000000e+00
0.000000000000000000e+00 3.051757812500000000e-05 1.000000000000000000e+00
0.000000000000000000e+00 3.051757812500000000e-05 1.000000000000000000e+00
0.000000000000000000e+00 3.051757812500000000e-05 1.000000000000000000e+00
0.000000000000000000e+00 3.051757812500000000e-05 1.000000000000000000e+00
0.000000000000000000e+00 3.051757812500000000e-05 1.000000000000000000e+00
0.000000000000000000e+00 3.051757812500000000e-05 1.000000000000000000e+00
0.000000000000000000e+00 3.051757812500000000e-05 1.000000000000000000e+00
0.000000000000000000e+00 3.051757812500000000e-05 1.000000000000000000e+00
0.000000000000000000e+00 3.051757812500000000e-05 1.000000000000000000e+00
0.000000000000000000e+00 3.051757812500000000e-05 1.000000000000000000e+00
0.000000000000000000e+00 3.051757812500000000e-05 1.000000000000000000e+00
0.000000000000000000e+00 3.051757812500000000e-05 1.000000000000000000e+00
0.000000000000000000e+00 3.051757812500000000e-05 1.000000000000000000e+00
0.000000000000000000e+00 3.051757812500000000e-05 1.000000000000000000e+00
0.000000000000000000e+00 3.051757812500000000e-05 1.000000000000000000e+00
0.000000000000000000e+00 3.051757812500000000e-05 1.000000000000000000e+00
0.000000000000000000e+00 3.051757812500000000e-05 1.000000000000000000e+00
0.000000000000000000e+00 3.051757812500000000e-05 1.000000000000000000e+00
0.000000000000000000e+00 3.051757812500000000e-05 1.000000000000000000e+00
0.000000000000000000e+00 3.051757812500000000e-05 1.000000000000000000e+00
0.000000000000000000e+00 3.051757812500000000e-05 1.000000000000000000e+00
0.000000000000000000e+00 3.051757812500000000e-05 1.000000000000000000e+00
0.000000000000000000e+00 3.051757812500000000e-05 1.000000000000000000e+00
0.000000000000000000e+00 3.051757812500000000e-05 1.000000000000000000e+00
0.000000000000000000e+00 3.051757812500000000e-05 1.000000000000000000e+00
0.000000000000000000e+00 3.051757812500000000e-05 1.000000000000000000e+00
0.000000000000000000e+00 3.051757812500000000e-05 1.000000000000000000e+00
0.000000000000000000e+00 3.051757812500000000e-05 1.000000000000000000e+00
0.000000000000000000e+00 3.051757812500000000e-05 1.000000000000000000e+00
0.000000000000000000e+00 3.051757812500000000e-05 1.000000000000000000e+00
0.000000000000000000e+00 3.051757812500000000e-05 1.000000000000000000e+00
0.000000000000000000e+00 3.051757812500000000e-05 1.000000000000000000e+00
0.000000000000000000e+00 3.051757812500000000e-05 1.000000000000000000e+00
0.000000000000000000e+00 3.051757812500000000e-05 1.000000000000000000e+00
0.000000000000000000e+00 3.051757812500000000e-05 1.000000000000000000e+00
0.000000000000000000e+00 3.051757812500000000e-05 1.000000000000000000e+00
0.000000000000000000e+00 3.051757812500000000e-05 1.000000000000000000e+00
0.000000000000000000e+00 3.051757812500000000e-05 1.000000000000000000e+00
0.000000000000000000e+00 3.051757812500000000e-05 1.000000000000000000e+00
0.000000000000000000e+00 3.051757812500000000e-05 1.000000000000000000e+00
0.000000000000000000e+00 3.051757812500000000e-05 1.000000000000000000e+00
0.000000000000000000e+00 3.051757812500000000e-05 1.000000000000000000e+00
0.000000000000000000e+00 3.051757812500000000e-05 1.000000000000000000e+00
0.000000000000000000e+00 3.051757812500000000e-05 1.000000000000000000e+00
0.000000000000000000e+00 3.051757812500000000e-05 1.000000000000000000e+00
0.000000000000000000e+00 3.051757812500000000e-05 1.000000000000000000e+00
0.000000000000000000e+00 3.051757812500000000e-05 1.000000000000000000e+00
0.000000000000000000e+00 3.051757812500000000e-05 1.000000000000000000e+00
0.000000000000000000e+00 3.051757812500000000e-05 1.000000000000000000e+00
0.000000000000000000e+00 -1.125488281250000000e-01 1.000000000000000000e+00
0.000000000000000000e+00 -2.981872558593750000e-01 1.000000000000000000e+00
0.000000000000000000e+00 -4.790344238281250000e-01 1.000000000000000000e+00
2.844238281250000000e-02 -6.981811523437500000e-01 1.000000000000000000e+00
2.542114257812500000e-02 -9.868164062500000000e-01 1.000000000000000000e+00
2.392578125000000000e-02 -9.999694824218750000e-01 1.000000000000000000e+00
2.691650390625000000e-02 -9.999694824218750000e-01 1.000000000000000000e+00
2.392578125000000000e-02 -9.999694824218750000e-01 1.000000000000000000e+00
1.943969726562500000e-02 -9.999694824218750000e-01 1.000000000000000000e+00
1.943969726562500000e-02 -9.999694824218750000e-01 1.000000000000000000e+00
1.943969726562500000e-02 -9.999694824218750000e-01 1.000000000000000000e+00
6.735229492187500000e-02 -9.999694824218750000e-01 1.000000000000000000e+00
8.532714843750000000e-02 -9.999694824218750000e-01 1.000000000000000000e+00
1.811218261718750000e-01 -9.999694824218750000e-01 1.000000000000000000e+00
2.050781250000000000e-01 -9.999694824218750000e-01 1.000000000000000000e+00
3.697509765625000000e-01 -9.999694824218750000e-01 1.000000000000000000e+00
6.032714843750000000e-01 -9.832153320312500000e-01 1.000000000000000000e+00
6.661376953125000000e-01 -9.664611816406250000e-01 1.000000000000000000e+00
7.454833984375000000e-01 -9.113769531250000000e-01 1.000000000000000000e+00
8.338317871093750000e-01 -8.251342773437500000e-01 1.000000000000000000e+00
8.966979980468750000e-01 -7.808227539062500000e-01 1.000000000000000000e+00
9.266357421875000000e-01 -7.329101562500000000e-01 1.000000000000000000e+00
9.296264648437500000e-01 -7.305297851562500000e-01 1.000000000000000000e+00
9.296264648437500000e-01 -7.305297851562500000e-01 1.000000000000000000e+00
9.296264648437500000e-01 -7.640686035156250000e-01 9.798889160156250000e-01
9.296264648437500000e-01 -7.975769042968750000e-01 9.776306152343750000e-01
9.266357421875000000e-01 -7.975769042968750000e-01 9.776306152343750000e-01
9.266357421875000000e-01 -7.975769042968750000e-01 9.776306152343750000e-01
9.236450195312500000e-01 -7.520751953125000000e-01 9.776306152343750000e-01
9.715270996093750000e-01 -7.065734863281250000e-01 9.530334472656250000e-01
9.805297851562500000e-01 -6.981811523437500000e-01 9.317932128906250000e-01
9.850158691406250000e-01 -6.993713378906250000e-01 8.288879394531250000e-01
9.880065917968750000e-01 -7.041625976562500000e-01 7.528076171875000000e-01
9.880065917968750000e-01 -7.041625976562500000e-01 6.331176757812500000e-01
9.880065917968750000e-01 -7.041625976562500000e-01 4.854736328125000000e-01
9.880065917968750000e-01 -7.041625976562500000e-01 1.677856445312500000e-01
9.880065917968750000e-01 -7.041625976562500000e-01 3.244018554687500000e-02
9.880065917968750000e-01 -7.041625976562500000e-01 3.051757812500000000e-05
9.880065917968750000e-01 -7.041625976562500000e-01 3.051757812500000000e-05
9.880065917968750000e-01 -7.041625976562500000e-01 3.051757812500000000e-05
9.880065917968750000e-01 -7.041625976562500000e-01 3.051757812500000000e-05
9.880065917968750000e-01 -7.041625976562500000e-01 3.051757812500000000e-05
9.880065917968750000e-01 -7.041625976562500000e-01 3.051757812500000000e-05
9.880065917968750000e-01 -7.233276367187500000e-01 3.051757812500000000e-05
9.266357421875000000e-01 -7.604675292968750000e-01 3.051757812500000000e-05
7.814331054687500000e-01 -8.730468750000000000e-01 3.051757812500000000e-05
6.946105957031250000e-01 -9.233398437500000000e-01 3.051757812500000000e-05
6.691589355468750000e-01 -9.305114746093750000e-01 3.051757812500000000e-05
6.376953125000000000e-01 -9.700317382812500000e-01 3.051757812500000000e-05
5.942993164062500000e-01 -9.772338867187500000e-01 3.051757812500000000e-05
5.913085937500000000e-01 -9.772338867187500000e-01 3.051757812500000000e-05
5.628662109375000000e-01 -9.772338867187500000e-01 3.051757812500000000e-05
5.628662109375000000e-01 -9.796142578125000000e-01 3.051757812500000000e-05
5.194396972656250000e-01 -9.844055175781250000e-01 3.051757812500000000e-05
4.446105957031250000e-01 -9.939880371093750000e-01 3.051757812500000000e-05
4.461059570312500000e-01 -9.939880371093750000e-01 3.051757812500000000e-05
4.446105957031250000e-01 -9.939880371093750000e-01 3.051757812500000000e-05
4.446105957031250000e-01 -9.939880371093750000e-01 3.051757812500000000e-05
4.446105957031250000e-01 -9.939880371093750000e-01 3.051757812500000000e-05
4.446105957031250000e-01 -9.939880371093750000e-01 3.051757812500000000e-05
4.446105957031250000e-01 -9.939880371093750000e-01 3.051757812500000000e-05
4.446105957031250000e-01 -9.939880371093750000e-01 3.489990234375000000e-01
3.787231445312500000e-01 -9.939880371093750000e-01 6.912841796875000000e-01
3.487854003906250000e-01 -9.939880371093750000e-01 7.449951171875000000e-01
2.469787597656250000e-01 -9.999694824218750000e-01 7.449951171875000000e-01
1.616516113281250000e-01 -9.999694824218750000e-01 7.449951171875000000e-01
3.292846679687500000e-02 -9.999694824218750000e-01 7.449951171875000000e-01
0.000000000000000000e+00 -9.999694824218750000e-01 7.606506347656250000e-01
0.000000000000000000e+00 -9.999694824218750000e-01 6.409606933593750000e-01
0.000000000000000000e+00 -9.999694824218750000e-01 3.051757812500000000e-05
-1.035766601562500000e-01 -9.999694824218750000e-01 3.051757812500000000e-05
-1.564331054687500000e-01 -9.999694824218750000e-01 3.051757812500000000e-05
-2.556762695312500000e-01 -9.999694824218750000e-01 3.051757812500000000e-05
-2.837219238281250000e-01 -9.999694824218750000e-01 3.051757812500000000e-05
-2.880554199218750000e-01 -9.999694824218750000e-01 3.051757812500000000e-05
-2.858886718750000000e-01 -9.999694824218750000e-01 3.051757812500000000e-05
-2.891235351562500000e-01 -9.999694824218750000e-01 3.051757812500000000e-05
-3.376770019531250000e-01 -9.999694824218750000e-01 3.051757812500000000e-05
-3.613891601562500000e-01 -9.999694824218750000e-01 3.051757812500000000e-05
-3.603210449218750000e-01 -9.999694824218750000e-01 3.051757812500000000e-05
-3.646240234375000000e-01 -9.999694824218750000e-01 3.051757812500000000e-05
-3.646240234375000000e-01 -9.999694824218750000e-01 3.051757812500000000e-05
-3.646240234375000000e-01 -9.999694824218750000e-01 -2.449035644531250000e-01
-3.646240234375000000e-01 -9.999694824218750000e-01 -5.289611816406250000e-01
-3.646240234375000000e-01 -9.999694824218750000e-01 -5.173645019531250000e-01
-3.646240234375000000e-01 -9.999694824218750000e-01 -5.246276855468750000e-01
-3.646240234375000000e-01 -9.999694824218750000e-01 -4.840393066406250000e-01
-3.646240234375000000e-01 -9.999694824218750000e-01 -4.333190917968750000e-01
-3.970031738281250000e-01 -9.999694824218750000e-01 -3.333129882812500000e-01
-5.350646972656250000e-01 -9.413146972656250000e-01 -2.869262695312500000e-01
-6.699218750000000000e-01 -7.592773437500000000e-01 -2.840576171875000000e-01
-7.249450683593750000e-01 -7.293395996093750000e-01 -2.825927734375000000e-01
-7.680969238281250000e-01 -6.981811523437500000e-01 3.051757812500000000e-05
-8.090820312500000000e-01 -6.131591796875000000e-01 3.051757812500000000e-05
-8.543701171875000000e-01 -5.964050292968750000e-01 3.051757812500000000e-05
-8.587036132812500000e-01 -5.964050292968750000e-01 3.051757812500000000e-05
-8.587036132812500000e-01 -5.964050292968750000e-01 3.051757812500000000e-05
-8.759460449218750000e-01 -5.329284667968750000e-01 3.051757812500000000e-05
-8.867492675781250000e-01 -5.101623535156250000e-01 3.051757812500000000e-05
-9.007568359375000000e-01 -4.838256835937500000e-01 3.051757812500000000e-05
-9.428405761718750000e-01 -3.748474121093750000e-01 3.051757812500000000e-05
-9.881591796875000000e-01 -2.778320312500000000e-01 3.051757812500000000e-05
-1.000000000000000000e+00 -2.047729492187500000e-01 3.051757812500000000e-05
-1.000000000000000000e+00 -1.724548339843750000e-01 3.051757812500000000e-05
-1.000000000000000000e+00 -1.041870117187500000e-01 3.051757812500000000e-05
-1.000000000000000000e+00 -7.183837890625000000e-02 3.051757812500000000e-05
-1.000000000000000000e+00 -6.945800781250000000e-02 3.051757812500000000e-05
-1.000000000000000000e+00 -6.945800781250000000e-02 3.051757812500000000e-05
-1.000000000000000000e+00 -6.945800781250000000e-02 3.051757812500000000e-05
-1.000000000000000000e+00 -6.945800781250000000e-02 3.051757812500000000e-05
-1.000000000000000000e+00 -6.945800781250000000e-02 3.051757812500000000e-05
-1.000000000000000000e+00 -6.945800781250000000e-02 3.051757812500000000e-05
-1.000000000000000000e+00 -6.945800781250000000e-02 3.051757812500000000e-05
-1.000000000000000000e+00 -6.945800781250000000e-02 3.051757812500000000e-05
-1.000000000000000000e+00 -6.945800781250000000e-02 3.051757812500000000e-05
-1.000000000000000000e+00 -6.945800781250000000e-02 3.051757812500000000e-05
-1.000000000000000000e+00 -6.945800781250000000e-02 3.051757812500000000e-05
-1.000000000000000000e+00 -6.945800781250000000e-02 3.051757812500000000e-05
-1.000000000000000000e+00 -3.591918945312500000e-02 3.051757812500000000e-05
-1.000000000000000000e+00 3.051757812500000000e-05 3.051757812500000000e-05
-1.000000000000000000e+00 3.051757812500000000e-05 3.051757812500000000e-05
-1.000000000000000000e+00 3.051757812500000000e-05 3.051757812500000000e-05
-1.000000000000000000e+00 3.051757812500000000e-05 3.051757812500000000e-05
-1.000000000000000000e+00 3.051757812500000000e-05 3.051757812500000000e-05
-1.000000000000000000e+00 3.051757812500000000e-05 3.051757812500000000e-05
-1.000000000000000000e+00 3.051757812500000000e-05 3.051757812500000000e-05
-1.000000000000000000e+00 3.051757812500000000e-05 3.051757812500000000e-05
-1.000000000000000000e+00 3.051757812500000000e-05 3.051757812500000000e-05
-1.000000000000000000e+00 3.051757812500000000e-05 3.051757812500000000e-05
-1.000000000000000000e+00 3.051757812500000000e-05 3.051757812500000000e-05
-1.000000000000000000e+00 3.051757812500000000e-05 3.051757812500000000e-05
-1.000000000000000000e+00 3.051757812500000000e-05 3.051757812500000000e-05
-1.000000000000000000e+00 3.051757812500000000e-05 3.051757812500000000e-05
-1.000000000000000000e+00 3.051757812500000000e-05 3.051757812500000000e-05
-1.000000000000000000e+00 3.051757812500000000e-05 3.051757812500000000e-05
-1.000000000000000000e+00 3.051757812500000000e-05 3.051757812500000000e-05
-1.000000000000000000e+00 3.051757812500000000e-05 3.051757812500000000e-05
-1.000000000000000000e+00 3.051757812500000000e-05 3.051757812500000000e-05
-1.000000000000000000e+00 3.051757812500000000e-05 3.051757812500000000e-05
-1.000000000000000000e+00 3.051757812500000000e-05 3.051757812500000000e-05
-1.000000000000000000e+00 3.051757812500000000e-05 3.051757812500000000e-05
-1.000000000000000000e+00 3.051757812500000000e-05 3.051757812500000000e-05
-1.000000000000000000e+00 3.051757812500000000e-05 3.051757812500000000e-05
-1.000000000000000000e+00 3.051757812500000000e-05 3.051757812500000000e-05
-1.000000000000000000e+00 3.051757812500000000e-05 3.051757812500000000e-05
-1.000000000000000000e+00 3.051757812500000000e-05 -1.013183593750000000e-02
-1.000000000000000000e+00 3.051757812500000000e-05 -1.303100585937500000e-02
-1.000000000000000000e+00 3.051757812500000000e-05 -1.446533203125000000e-02
-1.000000000000000000e+00 3.051757812500000000e-05 -1.156616210937500000e-02
-1.000000000000000000e+00 3.051757812500000000e-05 -1.156616210937500000e-02
-1.000000000000000000e+00 3.051757812500000000e-05 -1.156616210937500000e-02
-1.000000000000000000e+00 3.051757812500000000e-05 -1.156616210937500000e-02
-1.000000000000000000e+00 3.051757812500000000e-05 -1.156616210937500000e-02
-1.000000000000000000e+00 3.051757812500000000e-05 -1.156616210937500000e-02
-1.000000000000000000e+00 3.051757812500000000e-05 -1.156616210937500000e-02
-1.000000000000000000e+00 3.051757812500000000e-05 -1.156616210937500000e-02
-1.000000000000000000e+00 3.051757812500000000e-05 -1.882934570312500000e-02
-1.000000000000000000e+00 3.051757812500000000e-05 3.051757812500000000e-05
-1.000000000000000000e+00 3.051757812500000000e-05 3.051757812500000000e-05
-1.000000000000000000e+00 3.051757812500000000e-05 3.051757812500000000e-05
-1.000000000000000000e+00 3.051757812500000000e-05 3.051757812500000000e-05
-1.000000000000000000e+00 3.051757812500000000e-05 3.051757812500000000e-05
-1.000000000000000000e+00 3.051757812500000000e-05 3.051757812500000000e-05
-1.000000000000000000e+00 3.051757812500000000e-05 3.051757812500000000e-05
-1.000000000000000000e+00 3.051757812500000000e-05 3.051757812500000000e-05
-1.000000000000000000e+00 3.051757812500000000e-05 3.051757812500000000e-05
-1.000000000000000000e+00 3.051757812500000000e-05 3.051757812500000000e-05
-1.000000000000000000e+00 3.051757812500000000e-05 3.051757812500000000e-05
-1.000000000000000000e+00 3.051757812500000000e-05 3.051757812500000000e-05
-1.000000000000000000e+00 3.051757812500000000e-05 3.051757812500000000e-05
-1.000000000000000000e+00 3.051757812500000000e-05 3.051757812500000000e-05
-1.000000000000000000e+00 3.051757812500000000e-05 3.051757812500000000e-05
-1.000000000000000000e+00 3.051757812500000000e-05 3.051757812500000000e-05
-1.000000000000000000e+00 3.051757812500000000e-05 3.051757812500000000e-05
-1.000000000000000000e+00 -9.552001953125000000e-03 3.051757812500000000e-05
-1.000000000000000000e+00 -4.788208007812500000e-02 3.051757812500000000e-05
-9.374389648437500000e-01 3.051757812500000000e-05 3.051757812500000000e-05
0.000000000000000000e+00 3.051757812500000000e-05 3.051757812500000000e-05
0.000000000000000000e+00 3.051757812500000000e-05 3.051757812500000000e-05
0.000000000000000000e+00 3.051757812500000000e-05 3.051757812500000000e-05
0.000000000000000000e+00 3.051757812500000000e-05 3.051757812500000000e-05
-1.068115234375000000e-01 3.051757812500000000e-05 3.051757812500000000e-05
-9.751892089843750000e-01 -1.305236816406250000e-01 3.051757812500000000e-05
-1.000000000000000000e+00 -1.077575683593750000e-01 3.051757812500000000e-05
-1.000000000000000000e+00 -5.029296875000000000e-02 3.051757812500000000e-05
-1.000000000000000000e+00 -4.907226562500000000e-02 3.051757812500000000e-05
-1.000000000000000000e+00 -1.190185546875000000e-03 3.051757812500000000e-05
-1.000000000000000000e+00 3.051757812500000000e-05 3.051757812500000000e-05
-1.000000000000000000e+00 -1.190185546875000000e-03 3.051757812500000000e-05
-1.000000000000000000e+00 -3.570556640625000000e-03 3.051757812500000000e-05
-1.000000000000000000e+00 -3.570556640625000000e-03 3.051757812500000000e-05
-1.000000000000000000e+00 -3.570556640625000000e-03 3.051757812500000000e-05
-1.000000000000000000e+00 -3.570556640625000000e-03 3.051757812500000000e-05
-1.000000000000000000e+00 -3.570556640625000000e-03 3.051757812500000000e-05
-1.000000000000000000e+00 -3.570556640625000000e-03 3.051757812500000000e-05
-1.000000000000000000e+00 -3.570556640625000000e-03 3.051757812500000000e-05
-1.000000000000000000e+00 -3.570556640625000000e-03 -3.912963867187500000e-01
-1.000000000000000000e+00 -3.570556640625000000e-03 -9.971008300781250000e-01
-1.000000000000000000e+00 -2.871704101562500000e-02 -9.999694824218750000e-01
-1.000000000000000000e+00 -3.231811523437500000e-02 -9.999694824218750000e-01
-1.000000000000000000e+00 -1.341247558593750000e-01 -9.999694824218750000e-01
-1.000000000000000000e+00 -1.915893554687500000e-01 -9.999694824218750000e-01
-1.000000000000000000e+00 -1.999816894531250000e-01 -9.999694824218750000e-01
-1.000000000000000000e+00 -2.167663574218750000e-01 -9.999694824218750000e-01
-1.000000000000000000e+00 -2.395019531250000000e-01 -9.999694824218750000e-01
-1.000000000000000000e+00 -2.562866210937500000e-01 -9.999694824218750000e-01
-1.000000000000000000e+00 -2.658386230468750000e-01 -9.999694824218750000e-01
-1.000000000000000000e+00 -2.694396972656250000e-01 -9.999694824218750000e-01
-9.902954101562500000e-01 -3.041687011718750000e-01 -9.999694824218750000e-01
-9.676513671875000000e-01 -3.640441894531250000e-01 -9.999694824218750000e-01
-9.503784179687500000e-01 -3.987731933593750000e-01 -9.999694824218750000e-01
-9.212646484375000000e-01 -4.850158691406250000e-01 -9.999694824218750000e-01
-8.684082031250000000e-01 -6.287231445312500000e-01 -9.999694824218750000e-01
-8.619384765625000000e-01 -6.323242187500000000e-01 -9.999694824218750000e-01
-8.274230957031250000e-01 -6.694335937500000000e-01 -9.999694824218750000e-01
-7.702331542968750000e-01 -7.161560058593750000e-01 -9.999694824218750000e-01
-7.217102050781250000e-01 -7.628479003906250000e-01 -9.999694824218750000e-01
-7.130737304687500000e-01 -7.904052734375000000e-01 -9.999694824218750000e-01
-7.130737304687500000e-01 -7.904052734375000000e-01 -9.999694824218750000e-01
-7.130737304687500000e-01 -7.424926757812500000e-01 -9.999694824218750000e-01
-8.694763183593750000e-01 -5.197448730468750000e-01 -9.999694824218750000e-01
-9.126281738281250000e-01 -3.065795898437500000e-01 -9.999694824218750000e-01
-7.249450683593750000e-01 3.051757812500000000e-05 -9.999694824218750000e-01
-5.803833007812500000e-01 3.051757812500000000e-05 -9.999694824218750000e-01
-5.760803222656250000e-01 6.591796875000000000e-03 -9.999694824218750000e-01
-2.772521972656250000e-01 5.171203613281250000e-01 -9.999694824218750000e-01
-1.952819824218750000e-01 7.342224121093750000e-01 -9.999694824218750000e-01
-8.630371093750000000e-02 9.329223632812500000e-01 -9.999694824218750000e-01
-8.630371093750000000e-02 7.776489257812500000e-01 -9.999694824218750000e-01
-1.294555664062500000e-01 7.171325683593750000e-01 -9.999694824218750000e-01
-1.337890625000000000e-01 7.513427734375000000e-01 -9.999694824218750000e-01
-1.337890625000000000e-01 6.171264648437500000e-01 -9.999694824218750000e-01
0.000000000000000000e+00 3.051757812500000000e-05 -6.028747558593750000e-01
0.000000000000000000e+00 3.051757812500000000e-05 3.051757812500000000e-05
0.000000000000000000e+00 3.051757812500000000e-05 3.051757812500000000e-05
0.000000000000000000e+00 3.051757812500000000e-05 3.051757812500000000e-05
0.000000000000000000e+00 3.051757812500000000e-05 -8.970947265625000000e-01
0.000000000000000000e+00 3.051757812500000000e-05 -9.999694824218750000e-01
0.000000000000000000e+00 3.051757812500000000e-05 -9.999694824218750000e-01
0.000000000000000000e+00 3.051757812500000000e-05 -9.999694824218750000e-01
0.000000000000000000e+00 3.051757812500000000e-05 -9.999694824218750000e-01
0.000000000000000000e+00 3.051757812500000000e-05 -9.999694824218750000e-01
0.000000000000000000e+00 3.051757812500000000e-05 -9.999694824218750000e-01
0.000000000000000000e+00 3.051757812500000000e-05 -9.999694824218750000e-01
0.000000000000000000e+00 3.051757812500000000e-05 -9.999694824218750000e-01
0.000000000000000000e+00 3.051757812500000000e-05 -9.999694824218750000e-01
0.000000000000000000e+00 3.051757812500000000e-05 -9.999694824218750000e-01
0.000000000000000000e+00 3.051757812500000000e-05 -9.999694824218750000e-01
0.000000000000000000e+00 3.051757812500000000e-05 -9.999694824218750000e-01
0.000000000000000000e+00 3.051757812500000000e-05 -9.999694824218750000e-01
0.000000000000000000e+00 3.051757812500000000e-05 -9.999694824218750000e-01
0.000000000000000000e+00 3.051757812500000000e-05 -9.999694824218750000e-01
0.000000000000000000e+00 3.051757812500000000e-05 -9.999694824218750000e-01
0.000000000000000000e+00 3.051757812500000000e-05 -9.999694824218750000e-01
0.000000000000000000e+00 3.051757812500000000e-05 -9.999694824218750000e-01
0.000000000000000000e+00 3.051757812500000000e-05 -9.999694824218750000e-01
0.000000000000000000e+00 3.051757812500000000e-05 -9.999694824218750000e-01
0.000000000000000000e+00 3.051757812500000000e-05 -9.999694824218750000e-01
0.000000000000000000e+00 3.051757812500000000e-05 -9.999694824218750000e-01
0.000000000000000000e+00 3.051757812500000000e-05 -9.999694824218750000e-01
0.000000000000000000e+00 3.051757812500000000e-05 -9.999694824218750000e-01
0.000000000000000000e+00 3.051757812500000000e-05 -9.999694824218750000e-01
0.000000000000000000e+00 3.051757812500000000e-05 -9.999694824218750000e-01
0.000000000000000000e+00 3.051757812500000000e-05 -9.999694824218750000e-01
0.000000000000000000e+00 3.051757812500000000e-05 -9.999694824218750000e-01
0.000000000000000000e+00 3.051757812500000000e-05 -9.999694824218750000e-01
0.000000000000000000e+00 3.051757812500000000e-05 -9.999694824218750000e-01
0.000000000000000000e+00 3.051757812500000000e-05 -9.999694824218750000e-01
0.000000000000000000e+00 3.051757812500000000e-05 -9.999694824218750000e-01
0.000000000000000000e+00 3.051757812500000000e-05 -9.999694824218750000e-01
0.000000000000000000e+00 3.051757812500000000e-05 -9.999694824218750000e-01
0.000000000000000000e+00 -7.302856445312500000e-02 -9.999694824218750000e-01
0.000000000000000000e+00 -2.574768066406250000e-01 -9.999694824218750000e-01
0.000000000000000000e+00 -8.694458007812500000e-01 -9.999694824218750000e-01
7.333374023437500000e-02 -9.999694824218750000e-01 -9.999694824218750000e-01
7.333374023437500000e-02 -9.999694824218750000e-01 -9.999694824218750000e-01
7.034301757812500000e-02 -9.999694824218750000e-01 -9.999694824218750000e-01
7.034301757812500000e-02 -9.999694824218750000e-01 -9.999694824218750000e-01
7.183837890625000000e-02 -9.999694824218750000e-01 -9.999694824218750000e-01
6.735229492187500000e-02 -9.999694824218750000e-01 -9.999694824218750000e-01
8.682250976562500000e-02 -9.999694824218750000e-01 -9.999694824218750000e-01
1.182556152343750000e-01 -9.999694824218750000e-01 -9.999694824218750000e-01
1.811218261718750000e-01 -9.999694824218750000e-01 -9.999694824218750000e-01
2.829284667968750000e-01 -9.999694824218750000e-01 -9.999694824218750000e-01
5.179443359375000000e-01 -9.676513671875000000e-01 -9.999694824218750000e-01
9.999694824218750000e-01 -4.478759765625000000e-01 -9.999694824218750000e-01
9.999694824218750000e-01 6.591796875000000000e-03 -9.999694824218750000e-01
9.999694824218750000e-01 5.881652832031250000e-01 -9.999694824218750000e-01
9.999694824218750000e-01 9.302673339843750000e-01 -9.999694824218750000e-01
9.954833984375000000e-01 1.000000000000000000e+00 -9.999694824218750000e-01
8.607482910156250000e-01 1.000000000000000000e+00 -9.999694824218750000e-01
7.230529785156250000e-01 1.000000000000000000e+00 -9.999694824218750000e-01
7.020874023437500000e-01 1.000000000000000000e+00 -9.999694824218750000e-01
6.691589355468750000e-01 1.000000000000000000e+00 -9.999694824218750000e-01
6.706542968750000000e-01 1.000000000000000000e+00 -9.999694824218750000e-01
6.691589355468750000e-01 1.000000000000000000e+00 -9.999694824218750000e-01
8.038635253906250000e-01 1.000000000000000000e+00 3.051757812500000000e-05
8.502807617187500000e-01 1.000000000000000000e+00 3.051757812500000000e-05
7.948913574218750000e-01 1.000000000000000000e+00 3.051757812500000000e-05
0.000000000000000000e+00 3.051757812500000000e-05 -9.130249023437500000e-01
0.000000000000000000e+00 3.051757812500000000e-05 -9.999694824218750000e-01
0.000000000000000000e+00 3.051757812500000000e-05 -9.999694824218750000e-01
0.000000000000000000e+00 3.051757812500000000e-05 -9.999694824218750000e-01
0.000000000000000000e+00 3.051757812500000000e-05 -9.999694824218750000e-01
0.000000000000000000e+00 3.051757812500000000e-05 -9.999694824218750000e-01
0.000000000000000000e+00 3.051757812500000000e-05 -9.999694824218750000e-01
0.000000000000000000e+00 3.051757812500000000e-05 -9.999694824218750000e-01
0.000000000000000000e+00 3.051757812500000000e-05 -9.999694824218750000e-01
0.000000000000000000e+00 3.051757812500000000e-05 -9.999694824218750000e-01
0.000000000000000000e+00 3.051757812500000000e-05 -9.999694824218750000e-01
0.000000000000000000e+00 3.051757812500000000e-05 -9.999694824218750000e-01
0.000000000000000000e+00 3.051757812500000000e-05 -9.999694824218750000e-01
0.000000000000000000e+00 3.051757812500000000e-05 -9.999694824218750000e-01
0.000000000000000000e+00 3.051757812500000000e-05 -9.999694824218750000e-01
0.000000000000000000e+00 3.051757812500000000e-05 -9.999694824218750000e-01
0.000000000000000000e+00 3.051757812500000000e-05 -9.999694824218750000e-01
0.000000000000000000e+00 3.051757812500000000e-05 -9.999694824218750000e-01
0.000000000000000000e+00 3.051757812500000000e-05 -9.999694824218750000e-01
0.000000000000000000e+00 3.051757812500000000e-05 -9.999694824218750000e-01
0.000000000000000000e+00 3.051757812500000000e-05 -9.999694824218750000e-01
0.000000000000000000e+00 3.051757812500000000e-05 -9.999694824218750000e-01
0.000000000000000000e+00 3.051757812500000000e-05 -9.999694824218750000e-01
0.000000000000000000e+00 3.051757812500000000e-05 -9.999694824218750000e-01
0.000000000000000000e+00 3.051757812500000000e-05 -9.999694824218750000e-01
0.000000000000000000e+00 3.051757812500000000e-05 -9.999694824218750000e-01
0.000000000000000000e+00 3.051757812500000000e-05 -9.999694824218750000e-01
0.000000000000000000e+00 -6.945800781250000000e-02 -9.999694824218750000e-01
1.990966796875000000e-01 -2.299194335937500000e-01 -9.999694824218750000e-01
2.799377441406250000e-01 -2.874145507812500000e-01 -9.999694824218750000e-01
3.847045898437500000e-01 -3.904113769531250000e-01 -9.999694824218750000e-01
4.296264648437500000e-01 -3.927917480468750000e-01 -9.999694824218750000e-01
4.296264648437500000e-01 -4.790344238281250000e-01 -9.999694824218750000e-01
4.446105957031250000e-01 -5.484924316406250000e-01 -9.999694824218750000e-01
4.490966796875000000e-01 -5.604553222656250000e-01 -9.999694824218750000e-01
4.625549316406250000e-01 -5.808105468750000000e-01 -9.999694824218750000e-01
5.493774414062500000e-01 -6.574707031250000000e-01 -9.999694824218750000e-01
7.245483398437500000e-01 -7.784423828125000000e-01 -9.999694824218750000e-01
7.365112304687500000e-01 -8.263244628906250000e-01 -9.999694824218750000e-01
7.978820800781250000e-01 -8.718261718750000000e-01 -9.999694824218750000e-01
8.293151855468750000e-01 -8.909912109375000000e-01 -9.999694824218750000e-01
8.547668457031250000e-01 -8.658447265625000000e-01 -9.999694824218750000e-01
8.697509765625000000e-01 -8.454895019531250000e-01 -9.999694824218750000e-01
8.757324218750000000e-01 -8.431091308593750000e-01 -9.999694824218750000e-01
8.787231445312500000e-01 -8.406982421875000000e-01 -9.999694824218750000e-01
9.056701660156250000e-01 -8.143615722656250000e-01 -9.999694824218750000e-01
9.326171875000000000e-01 -7.724304199218750000e-01 -9.999694824218750000e-01
9.865112304687500000e-01 -6.442871093750000000e-01 -9.999694824218750000e-01
9.999694824218750000e-01 -4.814147949218750000e-01 -9.999694824218750000e-01
9.999694824218750000e-01 -4.347229003906250000e-01 -9.999694824218750000e-01
9.999694824218750000e-01 -3.436889648437500000e-01 3.051757812500000000e-05
9.999694824218750000e-01 3.051757812500000000e-05 3.051757812500000000e-05
9.999694824218750000e-01 3.051757812500000000e-05 3.051757812500000000e-05
9.999694824218750000e-01 3.051757812500000000e-05 3.051757812500000000e-05
9.999694824218750000e-01 3.051757812500000000e-05 3.051757812500000000e-05
9.999694824218750000e-01 3.051757812500000000e-05 3.051757812500000000e-05
9.999694824218750000e-01 3.051757812500000000e-05 3.051757812500000000e-05
9.999694824218750000e-01 3.051757812500000000e-05 3.051757812500000000e-05
9.999694824218750000e-01 3.051757812500000000e-05 3.051757812500000000e-05
9.999694824218750000e-01 3.051757812500000000e-05 3.051757812500000000e-05
9.999694824218750000e-01 3.051757812500000000e-05 3.051757812500000000e-05
0.000000000000000000e+00 3.051757812500000000e-05 3.051757812500000000e-05
0.000000000000000000e+00 3.051757812500000000e-05 -7.869262695312500000e-01
0.000000000000000000e+00 3.051757812500000000e-05 -9.999694824218750000e-01
0.000000000000000000e+00 3.051757812500000000e-05 -9.999694824218750000e-01
0.000000000000000000e+00 3.051757812500000000e-05 -9.999694824218750000e-01
0.000000000000000000e+00 3.051757812500000000e-05 -9.999694824218750000e-01
0.000000000000000000e+00 3.051757812500000000e-05 -9.999694824218750000e-01
0.000000000000000000e+00 3.051757812500000000e-05 -9.999694824218750000e-01
0.000000000000000000e+00 3.051757812500000000e-05 -9.999694824218750000e-01
0.000000000000000000e+00 3.051757812500000000e-05 -9.999694824218750000e-01
0.000000000000000000e+00 3.051757812500000000e-05 -9.999694824218750000e-01
0.000000000000000000e+00 3.051757812500000000e-05 -9.999694824218750000e-01
0.000000000000000000e+00 3.051757812500000000e-05 -9.999694824218750000e-01
0.000000000000000000e+00 3.051757812500000000e-05 -9.999694824218750000e-01
0.000000000000000000e+00 3.051757812500000000e-05 -9.999694824218750000e-01
0.000000000000000000e+00 3.051757812500000000e-05 -9.999694824218750000e-01
0.000000000000000000e+00 3.051757812500000000e-05 -9.999694824218750000e-01
0.000000000000000000e+00 3.051757812500000000e-05 -9.999694824218750000e-01
0.000000000000000000e+00 3.051757812500000000e-05 -9.999694824218750000e-01
0.000000000000000000e+00 3.051757812500000000e-05 -9.999694824218750000e-01
2.829284667968750000e-01 3.051757812500000000e-05 -9.999694824218750000e-01
9.296264648437500000e-01 3.051757812500000000e-05 -9.999694824218750000e-01
9.999694824218750000e-01 3.051757812500000000e-05 -9.999694824218750000e-01
9.999694824218750000e-01 3.051757812500000000e-05 -9.999694824218750000e-01
9.999694824218750000e-01 3.051757812500000000e-05 -9.999694824218750000e-01
9.999694824218750000e-01 3.051757812500000000e-05 3.051757812500000000e-05
9.999694824218750000e-01 3.051757812500000000e-05 3.051757812500000000e-05
9.999694824218750000e-01 3.051757812500000000e-05 3.051757812500000000e-05
9.999694824218750000e-01 3.051757812500000000e-05 3.051757812500000000e-05
9.999694824218750000e-01 3.051757812500000000e-05 3.051757812500000000e-05
9.999694824218750000e-01 3.051757812500000000e-05 3.051757812500000000e-05
9.999694824218750000e-01 3.051757812500000000e-05 3.051757812500000000e-05
9.999694824218750000e-01 3.051757812500000000e-05 3.051757812500000000e-05
9.999694824218750000e-01 3.051757812500000000e-05 3.051757812500000000e-05
9.999694824218750000e-01 3.051757812500000000e-05 3.051757812500000000e-05
9.999694824218750000e-01 3.051757812500000000e-05 3.051757812500000000e-05
9.999694824218750000e-01 3.051757812500000000e-05 3.051757812500000000e-05
9.999694824218750000e-01 3.051757812500000000e-05 3.051757812500000000e-05
9.999694824218750000e-01 3.051757812500000000e-05 3.051757812500000000e-05
9.999694824218750000e-01 3.051757812500000000e-05 3.051757812500000000e-05
0.000000000000000000e+00 3.051757812500000000e-05 3.051757812500000000e-05
0.000000000000000000e+00 3.051757812500000000e-05 3.051757812500000000e-05
0.000000000000000000e+00 3.051757812500000000e-05 3.051757812500000000e-05
0.000000000000000000e+00 3.051757812500000000e-05 3.051757812500000000e-05
0.000000000000000000e+00 3.051757812500000000e-05 3.051757812500000000e-05
0.000000000000000000e+00 3.051757812500000000e-05 3.051757812500000000e-05
0.000000000000000000e+00 3.051757812500000000e-05 3.051757812500000000e-05
0.000000000000000000e+00 3.051757812500000000e-05 3.051757812500000000e-05
0.000000000000000000e+00 3.051757812500000000e-05 3.051757812500000000e-05
0.000000000000000000e+00 3.051757812500000000e-05 3.051757812500000000e-05
0.000000000000000000e+00 3.051757812500000000e-05 3.051757812500000000e-05
0.000000000000000000e+00 3.051757812500000000e-05 3.051757812500000000e-05
0.000000000000000000e+00 3.051757812500000000e-05 3.051757812500000000e-05
0.000000000000000000e+00 3.051757812500000000e-05 3.051757812500000000e-05
0.000000000000000000e+00 3.051757812500000000e-05 3.051757812500000000e-05
0.000000000000000000e+00 3.051757812500000000e-05 3.051757812500000000e-05
0.000000000000000000e+00 3.051757812500000000e-05 3.051757812500000000e-05
0.000000000000000000e+00 3.051757812500000000e-05 3.051757812500000000e-05
0.000000000000000000e+00 3.051757812500000000e-05 3.051757812500000000e-05
0.000000000000000000e+00 3.051757812500000000e-05 3.051757812500000000e-05
0.000000000000000000e+00 3.051757812500000000e-05 3.051757812500000000e-05
0.000000000000000000e+00 3.051757812500000000e-05 3.051757812500000000e-05
0.000000000000000000e+00 3.051757812500000000e-05 3.051757812500000000e-05
0.000000000000000000e+00 3.051757812500000000e-05 3.051757812500000000e-05
0.000000000000000000e+00 3.051757812500000000e-05 3.051757812500000000e-05
0.000000000000000000e+00 3.051757812500000000e-05 3.051757812500000000e-05
0.000000000000000000e+00 3.051757812500000000e-05 3.051757812500000000e-05
0.000000000000000000e+00 3.051757812500000000e-05 3.051757812500000000e-05
0.000000000000000000e+00 3.051757812500000000e-05 3.051757812500000000e-05
0.000000000000000000e+00 3.051757812500000000e-05 3.051757812500000000e-05
0.000000000000000000e+00 3.051757812500000000e-05 3.051757812500000000e-05
0.000000000000000000e+00 3.051757812500000000e-05 3.051757812500000000e-05
0.000000000000000000e+00 3.051757812500000000e-05 3.051757812500000000e-05
0.000000000000000000e+00 3.051757812500000000e-05 3.051757812500000000e-05
0.000000000000000000e+00 3.051757812500000000e-05 3.051757812500000000e-05
0.000000000000000000e+00 3.051757812500000000e-05 3.051757812500000000e-05
0.000000000000000000e+00 3.051757812500000000e-05 3.051757812500000000e-05
0.000000000000000000e+00 3.051757812500000000e-05 3.051757812500000000e-05
0.000000000000000000e+00 3.051757812500000000e-05 3.051757812500000000e-05
0.000000000000000000e+00 3.051757812500000000e-05 3.051757812500000000e-05
0.000000000000000000e+00 3.051757812500000000e-05 3.051757812500000000e-05
0.000000000000000000e+00 3.051757812500000000e-05 3.051757812500000000e-05
0.000000000000000000e+00 3.051757812500000000e-05 3.051757812500000000e-05
0.000000000000000000e+00 3.051757812500000000e-05 3.051757812500000000e-05
0.000000000000000000e+00 3.051757812500000000e-05 3.051757812500000000e-05
0.000000000000000000e+00 3.051757812500000000e-05 3.051757812500000000e-05
0.000000000000000000e+00 3.051757812500000000e-05 3.051757812500000000e-05
0.000000000000000000e+00 3.051757812500000000e-05 3.051757812500000000e-05
0.000000000000000000e+00 3.051757812500000000e-05 3.051757812500000000e-05
0.000000000000000000e+00 3.051757812500000000e-05 3.051757812500000000e-05
0.000000000000000000e+00 3.051757812500000000e-05 3.051757812500000000e-05
0.000000000000000000e+00 3.051757812500000000e-05 3.051757812500000000e-05
0.000000000000000000e+00 3.051757812500000000e-05 3.051757812500000000e-05
0.000000000000000000e+00 3.051757812500000000e-05 3.051757812500000000e-05
0.000000000000000000e+00 3.051757812500000000e-05 3.051757812500000000e-05
0.000000000000000000e+00 3.051757812500000000e-05 3.051757812500000000e-05
0.000000000000000000e+00 3.051757812500000000e-05 3.051757812500000000e-05
0.000000000000000000e+00 3.051757812500000000e-05 3.051757812500000000e-05
0.000000000000000000e+00 3.051757812500000000e-05 3.051757812500000000e-05
0.000000000000000000e+00 3.051757812500000000e-05 3.051757812500000000e-05
0.000000000000000000e+00 3.051757812500000000e-05 3.051757812500000000e-05
0.000000000000000000e+00 3.051757812500000000e-05 3.051757812500000000e-05
0.000000000000000000e+00 3.051757812500000000e-05 3.051757812500000000e-05
0.000000000000000000e+00 3.051757812500000000e-05 3.051757812500000000e-05
0.000000000000000000e+00 3.051757812500000000e-05 3.051757812500000000e-05
0.000000000000000000e+00 3.051757812500000000e-05 3.051757812500000000e-05
0.000000000000000000e+00 3.051757812500000000e-05 3.051757812500000000e-05
0.000000000000000000e+00 3.051757812500000000e-05 3.051757812500000000e-05
0.000000000000000000e+00 3.051757812500000000e-05 3.051757812500000000e-05
0.000000000000000000e+00 3.051757812500000000e-05 3.051757812500000000e-05
0.000000000000000000e+00 3.051757812500000000e-05 3.051757812500000000e-05
0.000000000000000000e+00 3.051757812500000000e-05 3.051757812500000000e-05
0.000000000000000000e+00 3.051757812500000000e-05 3.051757812500000000e-05
0.000000000000000000e+00 3.051757812500000000e-05 3.051757812500000000e-05
0.000000000000000000e+00 3.051757812500000000e-05 3.051757812500000000e-05
0.000000000000000000e+00 3.051757812500000000e-05 3.051757812500000000e-05
0.000000000000000000e+00 3.051757812500000000e-05 3.051757812500000000e-05
0.000000000000000000e+00 3.051757812500000000e-05 3.051757812500000000e-05
