0.000000000000000000e+00 3.051757812500000000e-05 3.051757812500000000e-05
0.000000000000000000e+00 3.051757812500000000e-05 3.051757812500000000e-05
0.000000000000000000e+00 3.051757812500000000e-05 3.051757812500000000e-05
0.000000000000000000e+00 3.051757812500000000e-05 3.051757812500000000e-05
0.000000000000000000e+00 3.051757812500000000e-05 3.051757812500000000e-05
0.000000000000000000e+00 3.051757812500000000e-05 3.051757812500000000e-05
0.000000000000000000e+00 3.051757812500000000e-05 3.051757812500000000e-05
0.000000000000000000e+00 3.051757812500000000e-05 3.051757812500000000e-05
0.000000000000000000e+00 3.051757812500000000e-05 3.051757812500000000e-05
0.000000000000000000e+00 3.051757812500000000e-05 3.051757812500000000e-05
0.000000000000000000e+00 3.051757812500000000e-05 3.051757812500000000e-05
0.000000000000000000e+00 3.051757812500000000e-05 3.051757812500000000e-05
0.000000000000000000e+00 3.051757812500000000e-05 3.051757812500000000e-05
0.000000000000000000e+00 3.051757812500000000e-05 3.051757812500000000e-05
0.000000000000000000e+00 3.051757812500000000e-05 3.051757812500000000e-05
0.000000000000000000e+00 3.051757812500000000e-05 3.051757812500000000e-05
0.000000000000000000e+00 3.051757812500000000e-05 3.051757812500000000e-05
0.000000000000000000e+00 3.051757812500000000e-05 3.051757812500000000e-05
0.000000000000000000e+00 3.051757812500000000e-05 3.051757812500000000e-05
0.000000000000000000e+00 3.051757812500000000e-05 3.051757812500000000e-05
0.000000000000000000e+00 3.051757812500000000e-05 3.051757812500000000e-05
0.000000000000000000e+00 3.051757812500000000e-05 3.051757812500000000e-05
0.000000000000000000e+00 3.051757812500000000e-05 3.051757812500000000e-05
0.000000000000000000e+00 3.051757812500000000e-05 3.051757812500000000e-05
0.000000000000000000e+00 3.051757812500000000e-05 3.051757812500000000e-05
0.000000000000000000e+00 3.051757812500000000e-05 3.051757812500000000e-05
0.000000000000000000e+00 3.051757812500000000e-05 3.051757812500000000e-05
0.000000000000000000e+00 3.051757812500000000e-05 3.051757812500000000e-05
0.000000000000000000e+00 3.051757812500000000e-05 3.051757812500000000e-05
0.000000000000000000e+00 3.051757812500000000e-05 3.051757812500000000e-05
0.000000000000000000e+00 3.051757812500000000e-05 3.051757812500000000e-05
0.000000000000000000e+00 3.051757812500000000e-05 3.051757812500000000e-05
0.000000000000000000e+00 3.051757812500000000e-05 3.051757812500000000e-05
0.000000000000000000e+00 3.051757812500000000e-05 3.051757812500000000e-05
0.000000000000000000e+00 3.051757812500000000e-05 3.051757812500000000e-05
0.000000000000000000e+00 3.051757812500000000e-05 3.051757812500000000e-05
0.000000000000000000e+00 3.051757812500000000e-05 3.051757812500000000e-05
0.000000000000000000e+00 3.051757812500000000e-05 3.051757812500000000e-05
0.000000000000000000e+00 3.051757812500000000e-05 3.051757812500000000e-05
0.000000000000000000e+00 3.051757812500000000e-05 3.051757812500000000e-05
0.000000000000000000e+00 3.051757812500000000e-05 3.051757812500000000e-05
0.000000000000000000e+00 3.051757812500000000e-05 3.051757812500000000e-05
0.000000000000000000e+00 3.051757812500000000e-05 3.051757812500000000e-05
0.000000000000000000e+00 3.051757812500000000e-05 3.051757812500000000e-05
0.000000000000000000e+00 3.051757812500000000e-05 3.051757812500000000e-05
0.000000000000000000e+00 3.051757812500000000e-05 3.051757812500000000e-05
0.000000000000000000e+00 3.051757812500000000e-05 3.051757812500000000e-05
0.000000000000000000e+00 3.051757812500000000e-05 3.051757812500000000e-05
0.000000000000000000e+00 3.051757812500000000e-05 3.051757812500000000e-05
0.000000000000000000e+00 3.051757812500000000e-05 3.051757812500000000e-05
0.000000000000000000e+00 3.051757812500000000e-05 3.051757812500000000e-05
0.000000000000000000e+00 3.051757812500000000e-05 3.051757812500000000e-05
0.000000000000000000e+00 3.051757812500000000e-05 3.051757812500000000e-05
0.000000000000000000e+00 3.051757812500000000e-05 3.051757812500000000e-05
0.000000000000000000e+00 3.051757812500000000e-05 3.051757812500000000e-05
0.000000000000000000e+00 3.051757812500000000e-05 3.051757812500000000e-05
0.000000000000000000e+00 3.051757812500000000e-05 3.051757812500000000e-05
0.000000000000000000e+00 3.051757812500000000e-05 3.051757812500000000e-05
0.000000000000000000e+00 3.051757812500000000e-05 3.051757812500000000e-05
0.000000000000000000e+00 3.051757812500000000e-05 3.051757812500000000e-05
0.000000000000000000e+00 3.051757812500000000e-05 3.051757812500000000e-05
0.000000000000000000e+00 3.051757812500000000e-05 3.051757812500000000e-05
0.000000000000000000e+00 3.051757812500000000e-05 3.051757812500000000e-05
0.000000000000000000e+00 3.051757812500000000e-05 3.051757812500000000e-05
0.000000000000000000e+00 3.051757812500000000e-05 3.051757812500000000e-05
0.000000000000000000e+00 3.051757812500000000e-05 3.051757812500000000e-05
0.000000000000000000e+00 3.051757812500000000e-05 3.051757812500000000e-05
0.000000000000000000e+00 3.051757812500000000e-05 3.051757812500000000e-05
0.000000000000000000e+00 3.051757812500000000e-05 3.051757812500000000e-05
0.000000000000000000e+00 3.051757812500000000e-05 3.051757812500000000e-05
0.000000000000000000e+00 3.051757812500000000e-05 3.051757812500000000e-05
0.000000000000000000e+00 3.051757812500000000e-05 3.051757812500000000e-05
0.000000000000000000e+00 3.051757812500000000e-05 3.051757812500000000e-05
0.000000000000000000e+00 3.051757812500000000e-05 3.051757812500000000e-05
0.000000000000000000e+00 3.051757812500000000e-05 3.051757812500000000e-05
0.000000000000000000e+00 3.051757812500000000e-05 3.051757812500000000e-05
0.000000000000000000e+00 3.051757812500000000e-05 3.051757812500000000e-05
0.000000000000000000e+00 3.051757812500000000e-05 3.051757812500000000e-05
0.000000000000000000e+00 3.051757812500000000e-05 3.051757812500000000e-05
0.000000000000000000e+00 3.051757812500000000e-05 3.051757812500000000e-05
0.000000000000000000e+00 3.051757812500000000e-05 3.051757812500000000e-05
0.000000000000000000e+00 3.051757812500000000e-05 3.051757812500000000e-05
0.000000000000000000e+00 3.051757812500000000e-05 3.051757812500000000e-05
0.000000000000000000e+00 3.051757812500000000e-05 3.051757812500000000e-05
0.000000000000000000e+00 3.051757812500000000e-05 3.051757812500000000e-05
0.000000000000000000e+00 3.051757812500000000e-05 3.051757812500000000e-05
0.000000000000000000e+00 3.051757812500000000e-05 3.051757812500000000e-05
0.000000000000000000e+00 3.051757812500000000e-05 3.051757812500000000e-05
0.000000000000000000e+00 3.051757812500000000e-05 3.051757812500000000e-05
0.000000000000000000e+00 3.051757812500000000e-05 3.051757812500000000e-05
0.000000000000000000e+00 3.051757812500000000e-05 3.051757812500000000e-05
0.000000000000000000e+00 3.051757812500000000e-05 3.051757812500000000e-05
0.000000000000000000e+00 3.051757812500000000e-05 3.051757812500000000e-05
0.000000000000000000e+00 3.051757812500000000e-05 3.051757812500000000e-05
0.000000000000000000e+00 3.051757812500000000e-05 3.051757812500000000e-05
0.000000000000000000e+00 3.051757812500000000e-05 3.051757812500000000e-05
0.000000000000000000e+00 3.051757812500000000e-05 3.051757812500000000e-05
0.000000000000000000e+00 3.051757812500000000e-05 3.051757812500000000e-05
0.000000000000000000e+00 3.051757812500000000e-05 3.051757812500000000e-05
0.000000000000000000e+00 3.051757812500000000e-05 3.051757812500000000e-05
0.000000000000000000e+00 3.051757812500000000e-05 3.051757812500000000e-05
0.000000000000000000e+00 3.051757812500000000e-05 3.051757812500000000e-05
0.000000000000000000e+00 3.051757812500000000e-05 3.051757812500000000e-05
0.000000000000000000e+00 3.051757812500000000e-05 3.051757812500000000e-05
0.000000000000000000e+00 3.051757812500000000e-05 3.051757812500000000e-05
0.000000000000000000e+00 3.051757812500000000e-05 3.051757812500000000e-05
0.000000000000000000e+00 3.051757812500000000e-05 3.051757812500000000e-05
0.000000000000000000e+00 3.051757812500000000e-05 3.051757812500000000e-05
0.000000000000000000e+00 3.051757812500000000e-05 3.051757812500000000e-05
0.000000000000000000e+00 3.051757812500000000e-05 3.051757812500000000e-05
0.000000000000000000e+00 3.051757812500000000e-05 3.051757812500000000e-05
0.000000000000000000e+00 3.051757812500000000e-05 3.051757812500000000e-05
0.000000000000000000e+00 3.051757812500000000e-05 3.051757812500000000e-05
0.000000000000000000e+00 3.051757812500000000e-05 3.051757812500000000e-05
0.000000000000000000e+00 3.051757812500000000e-05 3.051757812500000000e-05
0.000000000000000000e+00 3.051757812500000000e-05 3.051757812500000000e-05
0.000000000000000000e+00 3.051757812500000000e-05 3.051757812500000000e-05
0.000000000000000000e+00 3.051757812500000000e-05 3.051757812500000000e-05
0.000000000000000000e+00 3.051757812500000000e-05 3.051757812500000000e-05
0.000000000000000000e+00 3.051757812500000000e-05 3.051757812500000000e-05
0.000000000000000000e+00 3.051757812500000000e-05 3.051757812500000000e-05
0.000000000000000000e+00 3.051757812500000000e-05 3.051757812500000000e-05
0.000000000000000000e+00 3.051757812500000000e-05 3.051757812500000000e-05
0.000000000000000000e+00 3.051757812500000000e-05 3.051757812500000000e-05
0.000000000000000000e+00 3.051757812500000000e-05 3.051757812500000000e-05
0.000000000000000000e+00 3.051757812500000000e-05 3.051757812500000000e-05
0.000000000000000000e+00 3.051757812500000000e-05 3.051757812500000000e-05
0.000000000000000000e+00 3.051757812500000000e-05 3.051757812500000000e-05
0.000000000000000000e+00 3.051757812500000000e-05 3.051757812500000000e-05
0.000000000000000000e+00 3.051757812500000000e-05 3.051757812500000000e-05
0.000000000000000000e+00 3.051757812500000000e-05 3.051757812500000000e-05
0.000000000000000000e+00 3.051757812500000000e-05 3.051757812500000000e-05
0.000000000000000000e+00 3.051757812500000000e-05 3.051757812500000000e-05
0.000000000000000000e+00 3.051757812500000000e-05 3.051757812500000000e-05
0.000000000000000000e+00 3.051757812500000000e-05 3.051757812500000000e-05
0.000000000000000000e+00 3.051757812500000000e-05 3.051757812500000000e-05
0.000000000000000000e+00 3.051757812500000000e-05 3.051757812500000000e-05
0.000000000000000000e+00 3.051757812500000000e-05 3.051757812500000000e-05
0.000000000000000000e+00 3.051757812500000000e-05 3.051757812500000000e-05
0.000000000000000000e+00 3.051757812500000000e-05 3.051757812500000000e-05
0.000000000000000000e+00 3.051757812500000000e-05 3.051757812500000000e-05
0.000000000000000000e+00 3.051757812500000000e-05 3.051757812500000000e-05
0.000000000000000000e+00 3.051757812500000000e-05 3.051757812500000000e-05
0.000000000000000000e+00 3.051757812500000000e-05 3.051757812500000000e-05
0.000000000000000000e+00 3.051757812500000000e-05 3.051757812500000000e-05
0.000000000000000000e+00 3.051757812500000000e-05 3.051757812500000000e-05
0.000000000000000000e+00 3.051757812500000000e-05 3.051757812500000000e-05
0.000000000000000000e+00 3.051757812500000000e-05 3.051757812500000000e-05
0.000000000000000000e+00 3.051757812500000000e-05 3.051757812500000000e-05
0.000000000000000000e+00 3.051757812500000000e-05 3.051757812500000000e-05
0.000000000000000000e+00 3.051757812500000000e-05 3.051757812500000000e-05
0.000000000000000000e+00 3.051757812500000000e-05 3.051757812500000000e-05
0.000000000000000000e+00 3.051757812500000000e-05 3.051757812500000000e-05
0.000000000000000000e+00 3.051757812500000000e-05 3.051757812500000000e-05
0.000000000000000000e+00 3.051757812500000000e-05 3.051757812500000000e-05
0.000000000000000000e+00 3.051757812500000000e-05 3.051757812500000000e-05
0.000000000000000000e+00 3.051757812500000000e-05 3.051757812500000000e-05
0.000000000000000000e+00 3.051757812500000000e-05 3.051757812500000000e-05
0.000000000000000000e+00 3.051757812500000000e-05 3.051757812500000000e-05
0.000000000000000000e+00 3.051757812500000000e-05 3.051757812500000000e-05
0.000000000000000000e+00 3.051757812500000000e-05 3.051757812500000000e-05
0.000000000000000000e+00 3.051757812500000000e-05 3.051757812500000000e-05
0.000000000000000000e+00 3.051757812500000000e-05 3.051757812500000000e-05
0.000000000000000000e+00 3.051757812500000000e-05 3.051757812500000000e-05
0.000000000000000000e+00 3.051757812500000000e-05 3.051757812500000000e-05
0.000000000000000000e+00 3.051757812500000000e-05 3.051757812500000000e-05
0.000000000000000000e+00 3.051757812500000000e-05 3.051757812500000000e-05
0.000000000000000000e+00 3.051757812500000000e-05 3.051757812500000000e-05
0.000000000000000000e+00 3.051757812500000000e-05 3.051757812500000000e-05
0.000000000000000000e+00 3.051757812500000000e-05 3.051757812500000000e-05
0.000000000000000000e+00 3.051757812500000000e-05 3.051757812500000000e-05
0.000000000000000000e+00 3.051757812500000000e-05 3.051757812500000000e-05
0.000000000000000000e+00 3.051757812500000000e-05 3.051757812500000000e-05
0.000000000000000000e+00 3.051757812500000000e-05 3.051757812500000000e-05
0.000000000000000000e+00 3.051757812500000000e-05 3.051757812500000000e-05
0.000000000000000000e+00 3.051757812500000000e-05 3.051757812500000000e-05
0.000000000000000000e+00 3.051757812500000000e-05 3.051757812500000000e-05
0.000000000000000000e+00 3.051757812500000000e-05 3.051757812500000000e-05
0.000000000000000000e+00 3.051757812500000000e-05 3.051757812500000000e-05
0.000000000000000000e+00 3.051757812500000000e-05 3.051757812500000000e-05
0.000000000000000000e+00 3.051757812500000000e-05 3.051757812500000000e-05
0.000000000000000000e+00 3.051757812500000000e-05 3.051757812500000000e-05
0.000000000000000000e+00 3.051757812500000000e-05 3.051757812500000000e-05
0.000000000000000000e+00 3.051757812500000000e-05 3.051757812500000000e-05
0.000000000000000000e+00 3.051757812500000000e-05 3.051757812500000000e-05
0.000000000000000000e+00 3.051757812500000000e-05 3.051757812500000000e-05
0.000000000000000000e+00 3.051757812500000000e-05 3.051757812500000000e-05
0.000000000000000000e+00 3.051757812500000000e-05 3.051757812500000000e-05
0.000000000000000000e+00 3.051757812500000000e-05 3.051757812500000000e-05
0.000000000000000000e+00 3.051757812500000000e-05 3.051757812500000000e-05
0.000000000000000000e+00 3.051757812500000000e-05 3.051757812500000000e-05
0.000000000000000000e+00 3.051757812500000000e-05 3.051757812500000000e-05
0.000000000000000000e+00 3.051757812500000000e-05 3.051757812500000000e-05
0.000000000000000000e+00 3.051757812500000000e-05 3.051757812500000000e-05
0.000000000000000000e+00 3.051757812500000000e-05 3.051757812500000000e-05
0.000000000000000000e+00 3.051757812500000000e-05 3.051757812500000000e-05
0.000000000000000000e+00 3.051757812500000000e-05 3.051757812500000000e-05
0.000000000000000000e+00 3.051757812500000000e-05 3.051757812500000000e-05
0.000000000000000000e+00 3.051757812500000000e-05 3.051757812500000000e-05
0.000000000000000000e+00 3.051757812500000000e-05 3.051757812500000000e-05
0.000000000000000000e+00 3.051757812500000000e-05 3.051757812500000000e-05
0.000000000000000000e+00 3.051757812500000000e-05 3.051757812500000000e-05
0.000000000000000000e+00 3.051757812500000000e-05 3.051757812500000000e-05
0.000000000000000000e+00 3.051757812500000000e-05 3.051757812500000000e-05
0.000000000000000000e+00 3.051757812500000000e-05 3.051757812500000000e-05
0.000000000000000000e+00 3.051757812500000000e-05 3.051757812500000000e-05
0.000000000000000000e+00 3.051757812500000000e-05 3.051757812500000000e-05
0.000000000000000000e+00 3.051757812500000000e-05 3.051757812500000000e-05
0.000000000000000000e+00 3.051757812500000000e-05 3.051757812500000000e-05
0.000000000000000000e+00 3.051757812500000000e-05 3.051757812500000000e-05
0.000000000000000000e+00 3.051757812500000000e-05 3.051757812500000000e-05
0.000000000000000000e+00 3.051757812500000000e-05 3.051757812500000000e-05
0.000000000000000000e+00 3.051757812500000000e-05 3.051757812500000000e-05
0.000000000000000000e+00 3.051757812500000000e-05 3.051757812500000000e-05
0.000000000000000000e+00 3.051757812500000000e-05 3.051757812500000000e-05
0.000000000000000000e+00 3.051757812500000000e-05 3.051757812500000000e-05
0.000000000000000000e+00 3.051757812500000000e-05 3.051757812500000000e-05
0.000000000000000000e+00 3.051757812500000000e-05 3.051757812500000000e-05
0.000000000000000000e+00 3.051757812500000000e-05 3.051757812500000000e-05
0.000000000000000000e+00 3.051757812500000000e-05 3.051757812500000000e-05
0.000000000000000000e+00 3.051757812500000000e-05 3.051757812500000000e-05
0.000000000000000000e+00 3.051757812500000000e-05 3.051757812500000000e-05
0.000000000000000000e+00 3.051757812500000000e-05 3.051757812500000000e-05
0.000000000000000000e+00 3.051757812500000000e-05 3.051757812500000000e-05
0.000000000000000000e+00 3.051757812500000000e-05 3.051757812500000000e-05
0.000000000000000000e+00 3.051757812500000000e-05 3.051757812500000000e-05
0.000000000000000000e+00 3.051757812500000000e-05 3.051757812500000000e-05
0.000000000000000000e+00 3.051757812500000000e-05 3.051757812500000000e-05
0.000000000000000000e+00 3.051757812500000000e-05 3.051757812500000000e-05
0.000000000000000000e+00 3.051757812500000000e-05 3.051757812500000000e-05
0.000000000000000000e+00 3.051757812500000000e-05 3.051757812500000000e-05
0.000000000000000000e+00 3.051757812500000000e-05 3.051757812500000000e-05
0.000000000000000000e+00 3.051757812500000000e-05 3.051757812500000000e-05
0.000000000000000000e+00 3.051757812500000000e-05 3.051757812500000000e-05
0.000000000000000000e+00 3.051757812500000000e-05 3.051757812500000000e-05
0.000000000000000000e+00 3.051757812500000000e-05 3.051757812500000000e-05
0.000000000000000000e+00 3.051757812500000000e-05 3.051757812500000000e-05
0.000000000000000000e+00 3.051757812500000000e-05 3.051757812500000000e-05
0.000000000000000000e+00 3.051757812500000000e-05 3.051757812500000000e-05
0.000000000000000000e+00 3.051757812500000000e-05 3.051757812500000000e-05
0.000000000000000000e+00 3.051757812500000000e-05 3.051757812500000000e-05
0.000000000000000000e+00 3.051757812500000000e-05 3.051757812500000000e-05
0.000000000000000000e+00 3.051757812500000000e-05 3.051757812500000000e-05
0.000000000000000000e+00 3.051757812500000000e-05 3.051757812500000000e-05
0.000000000000000000e+00 3.051757812500000000e-05 3.051757812500000000e-05
0.000000000000000000e+00 3.051757812500000000e-05 3.051757812500000000e-05
0.000000000000000000e+00 3.051757812500000000e-05 3.051757812500000000e-05
0.000000000000000000e+00 3.051757812500000000e-05 3.051757812500000000e-05
0.000000000000000000e+00 3.051757812500000000e-05 3.051757812500000000e-05
0.000000000000000000e+00 3.051757812500000000e-05 3.051757812500000000e-05
0.000000000000000000e+00 3.051757812500000000e-05 3.051757812500000000e-05
0.000000000000000000e+00 3.051757812500000000e-05 3.051757812500000000e-05
0.000000000000000000e+00 3.051757812500000000e-05 3.051757812500000000e-05
0.000000000000000000e+00 3.051757812500000000e-05 3.051757812500000000e-05
0.000000000000000000e+00 3.051757812500000000e-05 3.051757812500000000e-05
0.000000000000000000e+00 3.051757812500000000e-05 3.051757812500000000e-05
0.000000000000000000e+00 3.051757812500000000e-05 3.051757812500000000e-05
0.000000000000000000e+00 3.051757812500000000e-05 3.051757812500000000e-05
0.000000000000000000e+00 3.051757812500000000e-05 3.051757812500000000e-05
0.000000000000000000e+00 3.051757812500000000e-05 3.051757812500000000e-05
0.000000000000000000e+00 3.051757812500000000e-05 3.051757812500000000e-05
0.000000000000000000e+00 3.051757812500000000e-05 3.051757812500000000e-05
0.000000000000000000e+00 3.051757812500000000e-05 3.051757812500000000e-05
0.000000000000000000e+00 3.051757812500000000e-05 3.051757812500000000e-05
0.000000000000000000e+00 3.051757812500000000e-05 3.051757812500000000e-05
0.000000000000000000e+00 3.051757812500000000e-05 3.051757812500000000e-05
0.000000000000000000e+00 3.051757812500000000e-05 3.051757812500000000e-05
0.000000000000000000e+00 3.051757812500000000e-05 3.051757812500000000e-05
0.000000000000000000e+00 3.051757812500000000e-05 3.051757812500000000e-05
0.000000000000000000e+00 3.051757812500000000e-05 3.051757812500000000e-05
0.000000000000000000e+00 3.051757812500000000e-05 3.051757812500000000e-05
0.000000000000000000e+00 3.051757812500000000e-05 3.051757812500000000e-05
0.000000000000000000e+00 3.051757812500000000e-05 3.051757812500000000e-05
0.000000000000000000e+00 3.051757812500000000e-05 3.051757812500000000e-05
0.000000000000000000e+00 3.051757812500000000e-05 3.051757812500000000e-05
0.000000000000000000e+00 3.051757812500000000e-05 3.051757812500000000e-05
0.000000000000000000e+00 3.051757812500000000e-05 3.051757812500000000e-05
0.000000000000000000e+00 4.388427734375000000e-02 3.051757812500000000e-05
0.000000000000000000e+00 5.187988281250000000e-02 3.051757812500000000e-05
0.000000000000000000e+00 6.384277343750000000e-02 3.051757812500000000e-05
0.000000000000000000e+00 6.784057617187500000e-02 3.051757812500000000e-05
0.000000000000000000e+00 7.049560546875000000e-02 3.051757812500000000e-05
0.000000000000000000e+00 8.645629882812500000e-02 3.051757812500000000e-05
0.000000000000000000e+00 8.911132812500000000e-02 3.051757812500000000e-05
0.000000000000000000e+00 9.310913085937500000e-02 3.051757812500000000e-05
0.000000000000000000e+00 8.911132812500000000e-02 3.051757812500000000e-05
0.000000000000000000e+00 8.911132812500000000e-02 3.051757812500000000e-05
0.000000000000000000e+00 9.045410156250000000e-02 3.051757812500000000e-05
0.000000000000000000e+00 8.911132812500000000e-02 3.051757812500000000e-05
0.000000000000000000e+00 8.911132812500000000e-02 3.051757812500000000e-05
0.000000000000000000e+00 8.776855468750000000e-02 3.051757812500000000e-05
0.000000000000000000e+00 8.645629882812500000e-02 3.051757812500000000e-05
0.000000000000000000e+00 8.511352539062500000e-02 3.051757812500000000e-05
0.000000000000000000e+00 6.518554687500000000e-02 3.051757812500000000e-05
0.000000000000000000e+00 5.453491210937500000e-02 3.051757812500000000e-05
0.000000000000000000e+00 4.656982421875000000e-02 3.051757812500000000e-05
0.000000000000000000e+00 4.522705078125000000e-02 3.051757812500000000e-05
0.000000000000000000e+00 3.857421875000000000e-02 3.051757812500000000e-05
0.000000000000000000e+00 3.326416015625000000e-02 3.051757812500000000e-05
0.000000000000000000e+00 1.995849609375000000e-02 3.051757812500000000e-05
0.000000000000000000e+00 1.464843750000000000e-02 3.051757812500000000e-05
0.000000000000000000e+00 1.199340820312500000e-02 3.051757812500000000e-05
0.000000000000000000e+00 3.997802734375000000e-03 3.051757812500000000e-05
0.000000000000000000e+00 3.051757812500000000e-05 3.051757812500000000e-05
0.000000000000000000e+00 3.051757812500000000e-05 3.051757812500000000e-05
0.000000000000000000e+00 3.051757812500000000e-05 3.051757812500000000e-05
0.000000000000000000e+00 3.051757812500000000e-05 3.051757812500000000e-05
0.000000000000000000e+00 3.051757812500000000e-05 3.051757812500000000e-05
0.000000000000000000e+00 3.051757812500000000e-05 3.051757812500000000e-05
0.000000000000000000e+00 3.051757812500000000e-05 3.051757812500000000e-05
0.000000000000000000e+00 3.051757812500000000e-05 3.051757812500000000e-05
0.000000000000000000e+00 3.051757812500000000e-05 3.051757812500000000e-05
0.000000000000000000e+00 3.051757812500000000e-05 3.051757812500000000e-05
0.000000000000000000e+00 3.051757812500000000e-05 3.051757812500000000e-05
0.000000000000000000e+00 3.051757812500000000e-05 3.051757812500000000e-05
0.000000000000000000e+00 3.051757812500000000e-05 3.051757812500000000e-05
0.000000000000000000e+00 3.051757812500000000e-05 3.051757812500000000e-05
0.000000000000000000e+00 3.051757812500000000e-05 3.051757812500000000e-05
0.000000000000000000e+00 3.051757812500000000e-05 3.051757812500000000e-05
0.000000000000000000e+00 1.995849609375000000e-02 3.051757812500000000e-05
0.000000000000000000e+00 4.122924804687500000e-02 3.051757812500000000e-05
0.000000000000000000e+00 4.656982421875000000e-02 3.051757812500000000e-05
0.000000000000000000e+00 5.853271484375000000e-02 3.051757812500000000e-05
0.000000000000000000e+00 6.784057617187500000e-02 3.051757812500000000e-05
0.000000000000000000e+00 1.037292480468750000e-01 3.051757812500000000e-05
0.000000000000000000e+00 1.635742187500000000e-01 3.051757812500000000e-05
0.000000000000000000e+00 1.901855468750000000e-01 3.051757812500000000e-05
0.000000000000000000e+00 2.234191894531250000e-01 3.051757812500000000e-05
0.000000000000000000e+00 2.513427734375000000e-01 3.051757812500000000e-05
0.000000000000000000e+00 2.899169921875000000e-01 3.051757812500000000e-05
0.000000000000000000e+00 3.125000000000000000e-01 3.051757812500000000e-05
0.000000000000000000e+00 3.417663574218750000e-01 3.051757812500000000e-05
0.000000000000000000e+00 3.816528320312500000e-01 3.051757812500000000e-05
0.000000000000000000e+00 4.654541015625000000e-01 3.051757812500000000e-05
0.000000000000000000e+00 5.066528320312500000e-01 3.051757812500000000e-05
0.000000000000000000e+00 6.795349121093750000e-01 3.051757812500000000e-05
0.000000000000000000e+00 7.460327148437500000e-01 3.051757812500000000e-05
0.000000000000000000e+00 8.284606933593750000e-01 3.051757812500000000e-05
0.000000000000000000e+00 9.029541015625000000e-01 3.051757812500000000e-05
0.000000000000000000e+00 9.388427734375000000e-01 3.051757812500000000e-05
0.000000000000000000e+00 1.000000000000000000e+00 3.051757812500000000e-05
0.000000000000000000e+00 1.000000000000000000e+00 3.051757812500000000e-05
0.000000000000000000e+00 1.000000000000000000e+00 3.051757812500000000e-05
0.000000000000000000e+00 1.000000000000000000e+00 3.051757812500000000e-05
0.000000000000000000e+00 1.000000000000000000e+00 3.051757812500000000e-05
0.000000000000000000e+00 1.000000000000000000e+00 3.051757812500000000e-05
0.000000000000000000e+00 1.000000000000000000e+00 3.051757812500000000e-05
0.000000000000000000e+00 1.000000000000000000e+00 3.051757812500000000e-05
0.000000000000000000e+00 1.000000000000000000e+00 3.051757812500000000e-05
0.000000000000000000e+00 1.000000000000000000e+00 3.051757812500000000e-05
0.000000000000000000e+00 1.000000000000000000e+00 3.051757812500000000e-05
0.000000000000000000e+00 1.000000000000000000e+00 3.051757812500000000e-05
0.000000000000000000e+00 1.000000000000000000e+00 3.051757812500000000e-05
0.000000000000000000e+00 1.000000000000000000e+00 3.051757812500000000e-05
0.000000000000000000e+00 1.000000000000000000e+00 3.051757812500000000e-05
0.000000000000000000e+00 1.000000000000000000e+00 3.051757812500000000e-05
0.000000000000000000e+00 1.000000000000000000e+00 3.051757812500000000e-05
0.000000000000000000e+00 1.000000000000000000e+00 3.051757812500000000e-05
0.000000000000000000e+00 1.000000000000000000e+00 3.051757812500000000e-05
0.000000000000000000e+00 1.000000000000000000e+00 3.051757812500000000e-05
0.000000000000000000e+00 1.000000000000000000e+00 3.051757812500000000e-05
0.000000000000000000e+00 1.000000000000000000e+00 3.051757812500000000e-05
0.000000000000000000e+00 1.000000000000000000e+00 3.051757812500000000e-05
0.000000000000000000e+00 1.000000000000000000e+00 3.051757812500000000e-05
0.000000000000000000e+00 1.000000000000000000e+00 3.051757812500000000e-05
0.000000000000000000e+00 1.000000000000000000e+00 3.051757812500000000e-05
0.000000000000000000e+00 1.000000000000000000e+00 3.051757812500000000e-05
0.000000000000000000e+00 1.000000000000000000e+00 3.051757812500000000e-05
0.000000000000000000e+00 1.000000000000000000e+00 3.051757812500000000e-05
0.000000000000000000e+00 1.000000000000000000e+00 3.051757812500000000e-05
0.000000000000000000e+00 1.000000000000000000e+00 3.051757812500000000e-05
0.000000000000000000e+00 1.000000000000000000e+00 3.051757812500000000e-05
0.000000000000000000e+00 1.000000000000000000e+00 3.051757812500000000e-05
0.000000000000000000e+00 1.000000000000000000e+00 3.051757812500000000e-05
0.000000000000000000e+00 1.000000000000000000e+00 3.051757812500000000e-05
0.000000000000000000e+00 1.000000000000000000e+00 3.051757812500000000e-05
0.000000000000000000e+00 1.000000000000000000e+00 3.051757812500000000e-05
0.000000000000000000e+00 1.000000000000000000e+00 3.051757812500000000e-05
0.000000000000000000e+00 1.000000000000000000e+00 3.051757812500000000e-05
0.000000000000000000e+00 1.000000000000000000e+00 3.051757812500000000e-05
0.000000000000000000e+00 1.000000000000000000e+00 3.051757812500000000e-05
0.000000000000000000e+00 1.000000000000000000e+00 3.051757812500000000e-05
0.000000000000000000e+00 1.000000000000000000e+00 3.051757812500000000e-05
0.000000000000000000e+00 1.000000000000000000e+00 3.051757812500000000e-05
0.000000000000000000e+00 1.000000000000000000e+00 3.051757812500000000e-05
0.000000000000000000e+00 1.000000000000000000e+00 3.051757812500000000e-05
0.000000000000000000e+00 1.000000000000000000e+00 3.051757812500000000e-05
0.000000000000000000e+00 1.000000000000000000e+00 3.051757812500000000e-05
0.000000000000000000e+00 1.000000000000000000e+00 3.051757812500000000e-05
0.000000000000000000e+00 1.000000000000000000e+00 3.051757812500000000e-05
0.000000000000000000e+00 1.000000000000000000e+00 3.051757812500000000e-05
0.000000000000000000e+00 1.000000000000000000e+00 3.051757812500000000e-05
0.000000000000000000e+00 1.000000000000000000e+00 3.051757812500000000e-05
0.000000000000000000e+00 1.000000000000000000e+00 3.051757812500000000e-05
0.000000000000000000e+00 1.000000000000000000e+00 3.051757812500000000e-05
0.000000000000000000e+00 1.000000000000000000e+00 3.051757812500000000e-05
0.000000000000000000e+00 1.000000000000000000e+00 3.051757812500000000e-05
0.000000000000000000e+00 1.000000000000000000e+00 3.051757812500000000e-05
0.000000000000000000e+00 1.000000000000000000e+00 3.051757812500000000e-05
0.000000000000000000e+00 1.000000000000000000e+00 3.051757812500000000e-05
0.000000000000000000e+00 1.000000000000000000e+00 3.051757812500000000e-05
0.000000000000000000e+00 1.000000000000000000e+00 3.051757812500000000e-05
0.000000000000000000e+00 1.000000000000000000e+00 3.051757812500000000e-05
0.000000000000000000e+00 1.000000000000000000e+00 3.051757812500000000e-05
0.000000000000000000e+00 1.000000000000000000e+00 3.051757812500000000e-05
0.000000000000000000e+00 1.000000000000000000e+00 3.051757812500000000e-05
0.000000000000000000e+00 1.000000000000000000e+00 3.051757812500000000e-05
0.000000000000000000e+00 1.000000000000000000e+00 3.051757812500000000e-05
0.000000000000000000e+00 1.000000000000000000e+00 3.051757812500000000e-05
0.000000000000000000e+00 1.000000000000000000e+00 3.051757812500000000e-05
0.000000000000000000e+00 1.000000000000000000e+00 3.051757812500000000e-05
0.000000000000000000e+00 1.000000000000000000e+00 3.051757812500000000e-05
0.000000000000000000e+00 1.000000000000000000e+00 3.051757812500000000e-05
0.000000000000000000e+00 1.000000000000000000e+00 3.051757812500000000e-05
0.000000000000000000e+00 1.000000000000000000e+00 3.051757812500000000e-05
0.000000000000000000e+00 1.000000000000000000e+00 3.051757812500000000e-05
0.000000000000000000e+00 1.000000000000000000e+00 3.051757812500000000e-05
0.000000000000000000e+00 1.000000000000000000e+00 3.051757812500000000e-05
0.000000000000000000e+00 1.000000000000000000e+00 3.051757812500000000e-05
0.000000000000000000e+00 1.000000000000000000e+00 3.051757812500000000e-05
0.000000000000000000e+00 1.000000000000000000e+00 3.051757812500000000e-05
0.000000000000000000e+00 1.000000000000000000e+00 3.051757812500000000e-05
0.000000000000000000e+00 1.000000000000000000e+00 3.051757812500000000e-05
0.000000000000000000e+00 1.000000000000000000e+00 3.051757812500000000e-05
0.000000000000000000e+00 1.000000000000000000e+00 3.051757812500000000e-05
0.000000000000000000e+00 1.000000000000000000e+00 3.051757812500000000e-05
0.000000000000000000e+00 1.000000000000000000e+00 3.051757812500000000e-05
0.000000000000000000e+00 1.000000000000000000e+00 3.051757812500000000e-05
0.000000000000000000e+00 1.000000000000000000e+00 3.051757812500000000e-05
0.000000000000000000e+00 1.000000000000000000e+00 3.051757812500000000e-05
0.000000000000000000e+00 1.000000000000000000e+00 3.051757812500000000e-05
0.000000000000000000e+00 1.000000000000000000e+00 3.051757812500000000e-05
0.000000000000000000e+00 1.000000000000000000e+00 3.051757812500000000e-05
0.000000000000000000e+00 1.000000000000000000e+00 3.051757812500000000e-05
0.000000000000000000e+00 1.000000000000000000e+00 3.051757812500000000e-05
0.000000000000000000e+00 1.000000000000000000e+00 3.051757812500000000e-05
0.000000000000000000e+00 1.000000000000000000e+00 3.051757812500000000e-05
0.000000000000000000e+00 1.000000000000000000e+00 3.051757812500000000e-05
0.000000000000000000e+00 1.000000000000000000e+00 3.051757812500000000e-05
0.000000000000000000e+00 1.000000000000000000e+00 3.051757812500000000e-05
0.000000000000000000e+00 1.000000000000000000e+00 3.051757812500000000e-05
0.000000000000000000e+00 1.000000000000000000e+00 3.051757812500000000e-05
0.000000000000000000e+00 1.000000000000000000e+00 3.051757812500000000e-05
0.000000000000000000e+00 1.000000000000000000e+00 3.051757812500000000e-05
0.000000000000000000e+00 1.000000000000000000e+00 3.051757812500000000e-05
0.000000000000000000e+00 1.000000000000000000e+00 3.051757812500000000e-05
0.000000000000000000e+00 1.000000000000000000e+00 3.051757812500000000e-05
0.000000000000000000e+00 1.000000000000000000e+00 3.051757812500000000e-05
0.000000000000000000e+00 1.000000000000000000e+00 3.051757812500000000e-05
0.000000000000000000e+00 1.000000000000000000e+00 3.051757812500000000e-05
0.000000000000000000e+00 1.000000000000000000e+00 3.051757812500000000e-05
0.000000000000000000e+00 1.000000000000000000e+00 3.051757812500000000e-05
0.000000000000000000e+00 1.000000000000000000e+00 3.051757812500000000e-05
0.000000000000000000e+00 1.000000000000000000e+00 3.051757812500000000e-05
0.000000000000000000e+00 1.000000000000000000e+00 3.051757812500000000e-05
0.000000000000000000e+00 1.000000000000000000e+00 3.051757812500000000e-05
0.000000000000000000e+00 1.000000000000000000e+00 3.051757812500000000e-05
0.000000000000000000e+00 1.000000000000000000e+00 3.051757812500000000e-05
0.000000000000000000e+00 1.000000000000000000e+00 3.051757812500000000e-05
0.000000000000000000e+00 1.000000000000000000e+00 3.051757812500000000e-05
0.000000000000000000e+00 1.000000000000000000e+00 3.051757812500000000e-05
0.000000000000000000e+00 1.000000000000000000e+00 3.051757812500000000e-05
0.000000000000000000e+00 1.000000000000000000e+00 3.051757812500000000e-05
0.000000000000000000e+00 1.000000000000000000e+00 3.051757812500000000e-05
0.000000000000000000e+00 1.000000000000000000e+00 3.051757812500000000e-05
0.000000000000000000e+00 1.000000000000000000e+00 3.051757812500000000e-05
0.000000000000000000e+00 1.000000000000000000e+00 3.051757812500000000e-05
0.000000000000000000e+00 1.000000000000000000e+00 3.051757812500000000e-05
0.000000000000000000e+00 1.000000000000000000e+00 3.051757812500000000e-05
0.000000000000000000e+00 1.000000000000000000e+00 3.051757812500000000e-05
0.000000000000000000e+00 1.000000000000000000e+00 3.051757812500000000e-05
0.000000000000000000e+00 1.000000000000000000e+00 3.051757812500000000e-05
0.000000000000000000e+00 1.000000000000000000e+00 3.051757812500000000e-05
0.000000000000000000e+00 1.000000000000000000e+00 3.051757812500000000e-05
0.000000000000000000e+00 1.000000000000000000e+00 3.051757812500000000e-05
0.000000000000000000e+00 1.000000000000000000e+00 3.051757812500000000e-05
0.000000000000000000e+00 1.000000000000000000e+00 3.051757812500000000e-05
0.000000000000000000e+00 1.000000000000000000e+00 3.051757812500000000e-05
0.000000000000000000e+00 1.000000000000000000e+00 3.051757812500000000e-05
0.000000000000000000e+00 1.000000000000000000e+00 3.051757812500000000e-05
0.000000000000000000e+00 1.000000000000000000e+00 3.051757812500000000e-05
0.000000000000000000e+00 1.000000000000000000e+00 3.051757812500000000e-05
-2.090454101562500000e-02 1.000000000000000000e+00 3.051757812500000000e-05
-4.061889648437500000e-02 1.000000000000000000e+00 3.051757812500000000e-05
-4.989624023437500000e-02 1.000000000000000000e+00 3.051757812500000000e-05
-5.801391601562500000e-02 1.000000000000000000e+00 3.051757812500000000e-05
-6.729125976562500000e-02 1.000000000000000000e+00 3.051757812500000000e-05
-8.004760742187500000e-02 1.000000000000000000e+00 3.051757812500000000e-05
-8.935546875000000000e-02 1.000000000000000000e+00 3.051757812500000000e-05
-1.009521484375000000e-01 1.000000000000000000e+00 3.051757812500000000e-05
-1.044311523437500000e-01 1.000000000000000000e+00 3.051757812500000000e-05
-1.102294921875000000e-01 1.000000000000000000e+00 3.051757812500000000e-05
-1.079101562500000000e-01 1.000000000000000000e+00 3.051757812500000000e-05
-1.113891601562500000e-01 1.000000000000000000e+00 3.051757812500000000e-05
-1.148681640625000000e-01 1.000000000000000000e+00 3.051757812500000000e-05
-1.148681640625000000e-01 1.000000000000000000e+00 3.051757812500000000e-05
-1.171875000000000000e-01 1.000000000000000000e+00 3.051757812500000000e-05
-1.171875000000000000e-01 1.000000000000000000e+00 3.051757812500000000e-05
-1.171875000000000000e-01 1.000000000000000000e+00 3.051757812500000000e-05
-1.171875000000000000e-01 1.000000000000000000e+00 3.051757812500000000e-05
-1.171875000000000000e-01 1.000000000000000000e+00 3.051757812500000000e-05
-1.137084960937500000e-01 1.000000000000000000e+00 3.051757812500000000e-05
-1.171875000000000000e-01 1.000000000000000000e+00 3.051757812500000000e-05
-1.183471679687500000e-01 1.000000000000000000e+00 3.051757812500000000e-05
-1.311035156250000000e-01 1.000000000000000000e+00 3.051757812500000000e-05
-1.334228515625000000e-01 1.000000000000000000e+00 3.051757812500000000e-05
-1.438598632812500000e-01 1.000000000000000000e+00 3.051757812500000000e-05
-1.554565429687500000e-01 1.000000000000000000e+00 3.051757812500000000e-05
-1.740417480468750000e-01 1.000000000000000000e+00 3.051757812500000000e-05
-2.099914550781250000e-01 1.000000000000000000e+00 3.051757812500000000e-05
-2.169494628906250000e-01 1.000000000000000000e+00 3.051757812500000000e-05
-2.273864746093750000e-01 1.000000000000000000e+00 3.051757812500000000e-05
-2.552490234375000000e-01 1.000000000000000000e+00 3.051757812500000000e-05
-2.761230468750000000e-01 1.000000000000000000e+00 3.051757812500000000e-05
-2.993164062500000000e-01 1.000000000000000000e+00 3.051757812500000000e-05
-3.248291015625000000e-01 1.000000000000000000e+00 3.051757812500000000e-05
-3.700866699218750000e-01 1.000000000000000000e+00 3.051757812500000000e-05
-4.060363769531250000e-01 1.000000000000000000e+00 3.051757812500000000e-05
-4.385375976562500000e-01 1.000000000000000000e+00 3.051757812500000000e-05
-4.547729492187500000e-01 1.000000000000000000e+00 3.051757812500000000e-05
-4.953613281250000000e-01 1.000000000000000000e+00 3.051757812500000000e-05
-5.058288574218750000e-01 1.000000000000000000e+00 3.051757812500000000e-05
-5.093078613281250000e-01 1.000000000000000000e+00 3.051757812500000000e-05
-5.209045410156250000e-01 1.000000000000000000e+00 3.051757812500000000e-05
-5.197448730468750000e-01 1.000000000000000000e+00 3.051757812500000000e-05
-5.325012207031250000e-01 1.000000000000000000e+00 3.051757812500000000e-05
-5.382995605468750000e-01 1.000000000000000000e+00 3.051757812500000000e-05
-5.464172363281250000e-01 1.000000000000000000e+00 3.051757812500000000e-05
-5.545349121093750000e-01 1.000000000000000000e+00 3.051757812500000000e-05
-5.580139160156250000e-01 1.000000000000000000e+00 3.051757812500000000e-05
-5.580139160156250000e-01 1.000000000000000000e+00 3.051757812500000000e-05
-5.661315917968750000e-01 1.000000000000000000e+00 3.051757812500000000e-05
-5.696105957031250000e-01 1.000000000000000000e+00 3.051757812500000000e-05
