0.000000000000000000e+00 3.051757812500000000e-05 3.051757812500000000e-05
0.000000000000000000e+00 3.051757812500000000e-05 3.051757812500000000e-05
0.000000000000000000e+00 3.051757812500000000e-05 3.051757812500000000e-05
0.000000000000000000e+00 3.051757812500000000e-05 3.051757812500000000e-05
0.000000000000000000e+00 3.051757812500000000e-05 3.051757812500000000e-05
0.000000000000000000e+00 3.051757812500000000e-05 3.051757812500000000e-05
0.000000000000000000e+00 3.051757812500000000e-05 3.051757812500000000e-05
0.000000000000000000e+00 3.051757812500000000e-05 3.051757812500000000e-05
0.000000000000000000e+00 3.051757812500000000e-05 3.051757812500000000e-05
0.000000000000000000e+00 3.051757812500000000e-05 3.051757812500000000e-05
0.000000000000000000e+00 3.051757812500000000e-05 3.051757812500000000e-05
0.000000000000000000e+00 3.051757812500000000e-05 3.051757812500000000e-05
0.000000000000000000e+00 3.051757812500000000e-05 3.051757812500000000e-05
0.000000000000000000e+00 3.051757812500000000e-05 3.051757812500000000e-05
0.000000000000000000e+00 3.051757812500000000e-05 3.051757812500000000e-05
0.000000000000000000e+00 3.051757812500000000e-05 3.051757812500000000e-05
0.000000000000000000e+00 3.051757812500000000e-05 3.051757812500000000e-05
0.000000000000000000e+00 3.051757812500000000e-05 3.051757812500000000e-05
0.000000000000000000e+00 3.051757812500000000e-05 3.051757812500000000e-05
0.000000000000000000e+00 3.051757812500000000e-05 3.051757812500000000e-05
0.000000000000000000e+00 3.051757812500000000e-05 3.051757812500000000e-05
0.000000000000000000e+00 3.051757812500000000e-05 3.051757812500000000e-05
0.000000000000000000e+00 3.051757812500000000e-05 3.051757812500000000e-05
0.000000000000000000e+00 3.051757812500000000e-05 3.051757812500000000e-05
0.000000000000000000e+00 3.051757812500000000e-05 3.051757812500000000e-05
0.000000000000000000e+00 3.051757812500000000e-05 3.051757812500000000e-05
0.000000000000000000e+00 3.051757812500000000e-05 3.051757812500000000e-05
0.000000000000000000e+00 3.051757812500000000e-05 3.051757812500000000e-05
0.000000000000000000e+00 3.051757812500000000e-05 3.051757812500000000e-05
0.000000000000000000e+00 3.051757812500000000e-05 3.051757812500000000e-05
0.000000000000000000e+00 3.051757812500000000e-05 3.051757812500000000e-05
0.000000000000000000e+00 3.051757812500000000e-05 3.051757812500000000e-05
0.000000000000000000e+00 3.051757812500000000e-05 3.051757812500000000e-05
0.000000000000000000e+00 3.051757812500000000e-05 3.051757812500000000e-05
0.000000000000000000e+00 3.051757812500000000e-05 3.051757812500000000e-05
0.000000000000000000e+00 3.051757812500000000e-05 3.051757812500000000e-05
0.000000000000000000e+00 3.051757812500000000e-05 3.051757812500000000e-05
0.000000000000000000e+00 3.051757812500000000e-05 3.051757812500000000e-05
0.000000000000000000e+00 3.051757812500000000e-05 3.051757812500000000e-05
0.000000000000000000e+00 3.051757812500000000e-05 3.051757812500000000e-05
0.000000000000000000e+00 3.051757812500000000e-05 3.051757812500000000e-05
0.000000000000000000e+00 3.051757812500000000e-05 3.051757812500000000e-05
0.000000000000000000e+00 3.051757812500000000e-05 3.051757812500000000e-05
0.000000000000000000e+00 3.051757812500000000e-05 3.051757812500000000e-05
0.000000000000000000e+00 3.051757812500000000e-05 3.051757812500000000e-05
0.000000000000000000e+00 3.051757812500000000e-05 3.051757812500000000e-05
0.000000000000000000e+00 3.051757812500000000e-05 3.051757812500000000e-05
0.000000000000000000e+00 3.051757812500000000e-05 3.051757812500000000e-05
0.000000000000000000e+00 3.051757812500000000e-05 3.051757812500000000e-05
0.000000000000000000e+00 3.051757812500000000e-05 3.051757812500000000e-05
0.000000000000000000e+00 3.051757812500000000e-05 3.051757812500000000e-05
0.000000000000000000e+00 3.051757812500000000e-05 3.051757812500000000e-05
0.000000000000000000e+00 3.051757812500000000e-05 3.051757812500000000e-05
0.000000000000000000e+00 3.051757812500000000e-05 3.051757812500000000e-05
0.000000000000000000e+00 3.051757812500000000e-05 3.051757812500000000e-05
0.000000000000000000e+00 3.051757812500000000e-05 3.051757812500000000e-05
0.000000000000000000e+00 3.051757812500000000e-05 3.051757812500000000e-05
0.000000000000000000e+00 3.051757812500000000e-05 3.051757812500000000e-05
0.000000000000000000e+00 3.051757812500000000e-05 3.051757812500000000e-05
0.000000000000000000e+00 3.051757812500000000e-05 3.051757812500000000e-05
0.000000000000000000e+00 3.051757812500000000e-05 3.051757812500000000e-05
0.000000000000000000e+00 3.051757812500000000e-05 3.051757812500000000e-05
0.000000000000000000e+00 3.051757812500000000e-05 3.051757812500000000e-05
0.000000000000000000e+00 3.051757812500000000e-05 3.051757812500000000e-05
0.000000000000000000e+00 3.051757812500000000e-05 3.051757812500000000e-05
0.000000000000000000e+00 3.051757812500000000e-05 3.051757812500000000e-05
0.000000000000000000e+00 3.051757812500000000e-05 3.051757812500000000e-05
0.000000000000000000e+00 3.051757812500000000e-05 3.051757812500000000e-05
0.000000000000000000e+00 3.051757812500000000e-05 3.051757812500000000e-05
0.000000000000000000e+00 3.051757812500000000e-05 3.051757812500000000e-05
0.000000000000000000e+00 3.051757812500000000e-05 3.051757812500000000e-05
0.000000000000000000e+00 3.051757812500000000e-05 3.051757812500000000e-05
0.000000000000000000e+00 3.051757812500000000e-05 3.051757812500000000e-05
0.000000000000000000e+00 3.051757812500000000e-05 3.051757812500000000e-05
0.000000000000000000e+00 3.051757812500000000e-05 3.051757812500000000e-05
0.000000000000000000e+00 3.051757812500000000e-05 3.051757812500000000e-05
0.000000000000000000e+00 3.051757812500000000e-05 3.051757812500000000e-05
0.000000000000000000e+00 3.051757812500000000e-05 3.051757812500000000e-05
0.000000000000000000e+00 3.051757812500000000e-05 3.051757812500000000e-05
0.000000000000000000e+00 3.051757812500000000e-05 3.051757812500000000e-05
0.000000000000000000e+00 3.051757812500000000e-05 3.051757812500000000e-05
0.000000000000000000e+00 3.051757812500000000e-05 3.051757812500000000e-05
0.000000000000000000e+00 3.051757812500000000e-05 3.051757812500000000e-05
0.000000000000000000e+00 3.051757812500000000e-05 3.051757812500000000e-05
0.000000000000000000e+00 3.051757812500000000e-05 3.051757812500000000e-05
0.000000000000000000e+00 3.051757812500000000e-05 3.051757812500000000e-05
0.000000000000000000e+00 3.051757812500000000e-05 3.051757812500000000e-05
0.000000000000000000e+00 3.051757812500000000e-05 3.051757812500000000e-05
0.000000000000000000e+00 3.051757812500000000e-05 3.051757812500000000e-05
0.000000000000000000e+00 3.051757812500000000e-05 3.051757812500000000e-05
0.000000000000000000e+00 3.051757812500000000e-05 3.051757812500000000e-05
0.000000000000000000e+00 3.051757812500000000e-05 3.051757812500000000e-05
0.000000000000000000e+00 3.051757812500000000e-05 3.051757812500000000e-05
0.000000000000000000e+00 3.051757812500000000e-05 3.051757812500000000e-05
0.000000000000000000e+00 3.051757812500000000e-05 3.051757812500000000e-05
0.000000000000000000e+00 3.051757812500000000e-05 3.051757812500000000e-05
0.000000000000000000e+00 3.051757812500000000e-05 3.051757812500000000e-05
0.000000000000000000e+00 3.051757812500000000e-05 3.051757812500000000e-05
0.000000000000000000e+00 3.051757812500000000e-05 3.051757812500000000e-05
0.000000000000000000e+00 3.051757812500000000e-05 3.051757812500000000e-05
0.000000000000000000e+00 3.051757812500000000e-05 3.051757812500000000e-05
0.000000000000000000e+00 3.051757812500000000e-05 3.051757812500000000e-05
0.000000000000000000e+00 3.051757812500000000e-05 3.051757812500000000e-05
0.000000000000000000e+00 3.051757812500000000e-05 3.051757812500000000e-05
0.000000000000000000e+00 3.051757812500000000e-05 3.051757812500000000e-05
0.000000000000000000e+00 3.051757812500000000e-05 3.051757812500000000e-05
0.000000000000000000e+00 3.051757812500000000e-05 3.051757812500000000e-05
0.000000000000000000e+00 3.051757812500000000e-05 3.051757812500000000e-05
0.000000000000000000e+00 3.051757812500000000e-05 3.051757812500000000e-05
0.000000000000000000e+00 3.051757812500000000e-05 3.051757812500000000e-05
0.000000000000000000e+00 3.051757812500000000e-05 3.051757812500000000e-05
0.000000000000000000e+00 3.051757812500000000e-05 3.051757812500000000e-05
0.000000000000000000e+00 3.051757812500000000e-05 3.051757812500000000e-05
0.000000000000000000e+00 3.051757812500000000e-05 3.051757812500000000e-05
0.000000000000000000e+00 3.051757812500000000e-05 3.051757812500000000e-05
0.000000000000000000e+00 3.051757812500000000e-05 3.051757812500000000e-05
0.000000000000000000e+00 3.051757812500000000e-05 3.051757812500000000e-05
0.000000000000000000e+00 3.051757812500000000e-05 3.051757812500000000e-05
0.000000000000000000e+00 3.051757812500000000e-05 3.051757812500000000e-05
0.000000000000000000e+00 3.051757812500000000e-05 3.051757812500000000e-05
0.000000000000000000e+00 3.051757812500000000e-05 3.051757812500000000e-05
0.000000000000000000e+00 3.051757812500000000e-05 3.051757812500000000e-05
0.000000000000000000e+00 3.051757812500000000e-05 3.051757812500000000e-05
0.000000000000000000e+00 3.051757812500000000e-05 3.051757812500000000e-05
0.000000000000000000e+00 3.051757812500000000e-05 3.051757812500000000e-05
0.000000000000000000e+00 3.051757812500000000e-05 3.051757812500000000e-05
0.000000000000000000e+00 3.051757812500000000e-05 3.051757812500000000e-05
0.000000000000000000e+00 3.051757812500000000e-05 3.051757812500000000e-05
0.000000000000000000e+00 3.051757812500000000e-05 3.051757812500000000e-05
0.000000000000000000e+00 3.051757812500000000e-05 3.051757812500000000e-05
0.000000000000000000e+00 3.051757812500000000e-05 3.051757812500000000e-05
0.000000000000000000e+00 3.051757812500000000e-05 3.051757812500000000e-05
0.000000000000000000e+00 3.051757812500000000e-05 3.051757812500000000e-05
0.000000000000000000e+00 3.051757812500000000e-05 3.051757812500000000e-05
0.000000000000000000e+00 3.051757812500000000e-05 3.051757812500000000e-05
0.000000000000000000e+00 3.051757812500000000e-05 3.051757812500000000e-05
0.000000000000000000e+00 3.051757812500000000e-05 3.051757812500000000e-05
0.000000000000000000e+00 3.051757812500000000e-05 3.051757812500000000e-05
0.000000000000000000e+00 3.051757812500000000e-05 3.051757812500000000e-05
0.000000000000000000e+00 3.051757812500000000e-05 3.051757812500000000e-05
0.000000000000000000e+00 3.051757812500000000e-05 3.051757812500000000e-05
0.000000000000000000e+00 3.051757812500000000e-05 3.051757812500000000e-05
0.000000000000000000e+00 3.051757812500000000e-05 3.051757812500000000e-05
0.000000000000000000e+00 3.051757812500000000e-05 3.051757812500000000e-05
0.000000000000000000e+00 3.051757812500000000e-05 3.051757812500000000e-05
0.000000000000000000e+00 3.051757812500000000e-05 3.051757812500000000e-05
0.000000000000000000e+00 3.051757812500000000e-05 3.051757812500000000e-05
0.000000000000000000e+00 3.051757812500000000e-05 3.051757812500000000e-05
0.000000000000000000e+00 3.051757812500000000e-05 3.051757812500000000e-05
0.000000000000000000e+00 3.051757812500000000e-05 3.051757812500000000e-05
0.000000000000000000e+00 3.051757812500000000e-05 3.051757812500000000e-05
0.000000000000000000e+00 3.051757812500000000e-05 3.051757812500000000e-05
0.000000000000000000e+00 3.051757812500000000e-05 3.051757812500000000e-05
0.000000000000000000e+00 3.051757812500000000e-05 3.051757812500000000e-05
0.000000000000000000e+00 3.051757812500000000e-05 3.051757812500000000e-05
0.000000000000000000e+00 3.051757812500000000e-05 3.051757812500000000e-05
0.000000000000000000e+00 3.051757812500000000e-05 3.051757812500000000e-05
0.000000000000000000e+00 3.051757812500000000e-05 3.051757812500000000e-05
0.000000000000000000e+00 3.051757812500000000e-05 3.051757812500000000e-05
0.000000000000000000e+00 3.051757812500000000e-05 3.051757812500000000e-05
0.000000000000000000e+00 3.051757812500000000e-05 3.051757812500000000e-05
0.000000000000000000e+00 3.051757812500000000e-05 3.051757812500000000e-05
0.000000000000000000e+00 3.051757812500000000e-05 3.051757812500000000e-05
0.000000000000000000e+00 3.051757812500000000e-05 3.051757812500000000e-05
0.000000000000000000e+00 3.051757812500000000e-05 3.051757812500000000e-05
0.000000000000000000e+00 3.051757812500000000e-05 2.751770019531250000e-01
0.000000000000000000e+00 3.051757812500000000e-05 9.418640136718750000e-01
0.000000000000000000e+00 3.051757812500000000e-05 1.000000000000000000e+00
0.000000000000000000e+00 3.051757812500000000e-05 1.000000000000000000e+00
0.000000000000000000e+00 3.051757812500000000e-05 1.000000000000000000e+00
0.000000000000000000e+00 3.051757812500000000e-05 1.000000000000000000e+00
0.000000000000000000e+00 3.051757812500000000e-05 1.000000000000000000e+00
0.000000000000000000e+00 3.051757812500000000e-05 1.000000000000000000e+00
0.000000000000000000e+00 3.051757812500000000e-05 1.000000000000000000e+00
0.000000000000000000e+00 3.051757812500000000e-05 1.000000000000000000e+00
0.000000000000000000e+00 3.051757812500000000e-05 2.326660156250000000e-01
0.000000000000000000e+00 3.051757812500000000e-05 3.051757812500000000e-05
0.000000000000000000e+00 3.051757812500000000e-05 3.051757812500000000e-05
0.000000000000000000e+00 3.051757812500000000e-05 3.051757812500000000e-05
0.000000000000000000e+00 3.051757812500000000e-05 3.051757812500000000e-05
1.900939941406250000e-01 3.051757812500000000e-05 3.051757812500000000e-05
9.999694824218750000e-01 3.051757812500000000e-05 3.051757812500000000e-05
9.999694824218750000e-01 3.051757812500000000e-05 3.051757812500000000e-05
9.999694824218750000e-01 3.051757812500000000e-05 3.051757812500000000e-05
9.999694824218750000e-01 3.051757812500000000e-05 3.051757812500000000e-05
9.999694824218750000e-01 3.051757812500000000e-05 3.051757812500000000e-05
9.999694824218750000e-01 3.289794921875000000e-02 3.051757812500000000e-05
9.999694824218750000e-01 3.027343750000000000e-02 3.051757812500000000e-05
9.999694824218750000e-01 3.027343750000000000e-02 3.051757812500000000e-05
9.999694824218750000e-01 3.817749023437500000e-02 3.051757812500000000e-05
9.999694824218750000e-01 3.289794921875000000e-02 3.051757812500000000e-05
9.999694824218750000e-01 3.289794921875000000e-02 3.051757812500000000e-05
9.999694824218750000e-01 3.289794921875000000e-02 3.051757812500000000e-05
9.999694824218750000e-01 3.289794921875000000e-02 3.051757812500000000e-05
9.999694824218750000e-01 5.133056640625000000e-02 3.051757812500000000e-05
9.999694824218750000e-01 1.605529785156250000e-01 3.051757812500000000e-05
9.999694824218750000e-01 2.618713378906250000e-01 3.051757812500000000e-05
9.999694824218750000e-01 3.987121582031250000e-01 3.051757812500000000e-05
9.999694824218750000e-01 4.276428222656250000e-01 3.051757812500000000e-05
9.999694824218750000e-01 5.500183105468750000e-01 3.051757812500000000e-05
9.999694824218750000e-01 6.460571289062500000e-01 1.744995117187500000e-01
9.999694824218750000e-01 6.487121582031250000e-01 5.011291503906250000e-01
9.999694824218750000e-01 6.487121582031250000e-01 7.975463867187500000e-01
9.999694824218750000e-01 6.487121582031250000e-01 8.702697753906250000e-01
9.999694824218750000e-01 6.065979003906250000e-01 9.284362792968750000e-01
9.999694824218750000e-01 5.000000000000000000e-01 9.284362792968750000e-01
9.999694824218750000e-01 3.934326171875000000e-01 9.284362792968750000e-01
9.999694824218750000e-01 3.697509765625000000e-01 9.284362792968750000e-01
9.999694824218750000e-01 3.500061035156250000e-01 9.284362792968750000e-01
9.999694824218750000e-01 3.250122070312500000e-01 9.284362792968750000e-01
9.999694824218750000e-01 2.197570800781250000e-01 9.284362792968750000e-01
9.999694824218750000e-01 1.815795898437500000e-01 9.049377441406250000e-01
9.999694824218750000e-01 1.236877441406250000e-01 8.299865722656250000e-01
9.999694824218750000e-01 9.869384765625000000e-02 5.816650390625000000e-01
9.999694824218750000e-01 3.817749023437500000e-02 3.051757812500000000e-05
9.999694824218750000e-01 2.896118164062500000e-02 3.051757812500000000e-05
9.999694824218750000e-01 2.502441406250000000e-02 3.051757812500000000e-05
9.999694824218750000e-01 2.502441406250000000e-02 3.051757812500000000e-05
9.999694824218750000e-01 3.051757812500000000e-05 3.051757812500000000e-05
9.999694824218750000e-01 3.051757812500000000e-05 3.051757812500000000e-05
9.999694824218750000e-01 1.580810546875000000e-02 3.051757812500000000e-05
9.999694824218750000e-01 5.923461914062500000e-02 3.051757812500000000e-05
9.999694824218750000e-01 9.738159179687500000e-02 3.051757812500000000e-05
9.999694824218750000e-01 1.408081054687500000e-01 3.051757812500000000e-05
9.999694824218750000e-01 1.513366699218750000e-01 3.051757812500000000e-05
9.999694824218750000e-01 2.026367187500000000e-01 3.051757812500000000e-05
9.999694824218750000e-01 2.473754882812500000e-01 3.051757812500000000e-05
9.999694824218750000e-01 2.631835937500000000e-01 3.051757812500000000e-05
9.999694824218750000e-01 3.434448242187500000e-01 3.051757812500000000e-05
9.999694824218750000e-01 3.802795410156250000e-01 3.051757812500000000e-05
9.999694824218750000e-01 3.815917968750000000e-01 3.051757812500000000e-05
9.999694824218750000e-01 3.829040527343750000e-01 3.051757812500000000e-05
9.999694824218750000e-01 3.671264648437500000e-01 9.844970703125000000e-02
9.999694824218750000e-01 3.671264648437500000e-01 5.391540527343750000e-01
9.999694824218750000e-01 3.671264648437500000e-01 7.785339355468750000e-01
9.999694824218750000e-01 3.671264648437500000e-01 9.194641113281250000e-01
9.999694824218750000e-01 3.881835937500000000e-01 9.541625976562500000e-01
9.999694824218750000e-01 4.013366699218750000e-01 9.866027832031250000e-01
9.999694824218750000e-01 4.013366699218750000e-01 9.877014160156250000e-01
9.999694824218750000e-01 4.013366699218750000e-01 9.866027832031250000e-01
9.999694824218750000e-01 4.013366699218750000e-01 9.866027832031250000e-01
9.999694824218750000e-01 4.013366699218750000e-01 9.664611816406250000e-01
9.999694824218750000e-01 4.013366699218750000e-01 8.601989746093750000e-01
9.999694824218750000e-01 4.013366699218750000e-01 6.845703125000000000e-01
9.999694824218750000e-01 4.013366699218750000e-01 4.150085449218750000e-01
9.999694824218750000e-01 4.013366699218750000e-01 3.356933593750000000e-03
9.999694824218750000e-01 4.276428222656250000e-01 3.051757812500000000e-05
9.999694824218750000e-01 4.394836425781250000e-01 3.051757812500000000e-05
9.999694824218750000e-01 4.671325683593750000e-01 3.051757812500000000e-05
9.999694824218750000e-01 6.658020019531250000e-01 3.051757812500000000e-05
9.999694824218750000e-01 8.552856445312500000e-01 3.051757812500000000e-05
9.999694824218750000e-01 9.276428222656250000e-01 3.051757812500000000e-05
9.954833984375000000e-01 1.000000000000000000e+00 3.051757812500000000e-05
9.625549316406250000e-01 1.000000000000000000e+00 3.051757812500000000e-05
8.607482910156250000e-01 1.000000000000000000e+00 3.051757812500000000e-05
7.978820800781250000e-01 1.000000000000000000e+00 3.051757812500000000e-05
8.008728027343750000e-01 1.000000000000000000e+00 3.051757812500000000e-05
7.919006347656250000e-01 1.000000000000000000e+00 3.051757812500000000e-05
7.904052734375000000e-01 1.000000000000000000e+00 3.051757812500000000e-05
7.889099121093750000e-01 1.000000000000000000e+00 3.051757812500000000e-05
6.751403808593750000e-01 1.000000000000000000e+00 3.051757812500000000e-05
6.302185058593750000e-01 1.000000000000000000e+00 3.051757812500000000e-05
6.361999511718750000e-01 1.000000000000000000e+00 3.051757812500000000e-05
5.164489746093750000e-01 1.000000000000000000e+00 3.051757812500000000e-05
5.134582519531250000e-01 1.000000000000000000e+00 3.051757812500000000e-05
4.430847167968750000e-01 1.000000000000000000e+00 3.051757812500000000e-05
3.487854003906250000e-01 1.000000000000000000e+00 3.051757812500000000e-05
3.487854003906250000e-01 1.000000000000000000e+00 3.051757812500000000e-05
3.368225097656250000e-01 1.000000000000000000e+00 3.051757812500000000e-05
2.589721679687500000e-01 1.000000000000000000e+00 3.051757812500000000e-05
2.574768066406250000e-01 1.000000000000000000e+00 3.051757812500000000e-05
2.559814453125000000e-01 1.000000000000000000e+00 3.051757812500000000e-05
2.559814453125000000e-01 1.000000000000000000e+00 3.051757812500000000e-05
2.559814453125000000e-01 1.000000000000000000e+00 3.051757812500000000e-05
1.781311035156250000e-01 1.000000000000000000e+00 3.051757812500000000e-05
1.781311035156250000e-01 1.000000000000000000e+00 3.051757812500000000e-05
1.781311035156250000e-01 1.000000000000000000e+00 3.051757812500000000e-05
1.422119140625000000e-01 1.000000000000000000e+00 3.051757812500000000e-05
0.000000000000000000e+00 1.000000000000000000e+00 3.051757812500000000e-05
0.000000000000000000e+00 1.000000000000000000e+00 3.051757812500000000e-05
-9.603881835937500000e-02 1.000000000000000000e+00 3.051757812500000000e-05
-2.750854492187500000e-01 1.000000000000000000e+00 3.051757812500000000e-05
-2.880554199218750000e-01 1.000000000000000000e+00 3.051757812500000000e-05
-2.934265136718750000e-01 1.000000000000000000e+00 3.051757812500000000e-05
-2.869567871093750000e-01 1.000000000000000000e+00 3.051757812500000000e-05
-2.546081542968750000e-01 1.000000000000000000e+00 3.051757812500000000e-05
-2.546081542968750000e-01 1.000000000000000000e+00 3.051757812500000000e-05
-2.546081542968750000e-01 1.000000000000000000e+00 3.051757812500000000e-05
-2.546081542968750000e-01 1.000000000000000000e+00 3.051757812500000000e-05
-2.546081542968750000e-01 1.000000000000000000e+00 3.051757812500000000e-05
-2.546081542968750000e-01 1.000000000000000000e+00 3.051757812500000000e-05
-2.794189453125000000e-01 1.000000000000000000e+00 3.051757812500000000e-05
-4.142456054687500000e-01 1.000000000000000000e+00 3.051757812500000000e-05
-5.005493164062500000e-01 1.000000000000000000e+00 3.051757812500000000e-05
-5.954895019531250000e-01 1.000000000000000000e+00 3.051757812500000000e-05
-7.314147949218750000e-01 1.000000000000000000e+00 3.051757812500000000e-05
-8.090820312500000000e-01 1.000000000000000000e+00 3.051757812500000000e-05
-8.608703613281250000e-01 9.723815917968750000e-01 3.051757812500000000e-05
-8.608703613281250000e-01 9.723815917968750000e-01 3.051757812500000000e-05
-8.608703613281250000e-01 9.723815917968750000e-01 3.051757812500000000e-05
-8.608703613281250000e-01 9.723815917968750000e-01 3.051757812500000000e-05
-8.608703613281250000e-01 9.723815917968750000e-01 -7.244873046875000000e-02
-8.608703613281250000e-01 9.723815917968750000e-01 -9.681091308593750000e-01
-8.608703613281250000e-01 9.723815917968750000e-01 -9.999694824218750000e-01
-8.608703613281250000e-01 9.723815917968750000e-01 -9.999694824218750000e-01
-8.608703613281250000e-01 9.723815917968750000e-01 -9.999694824218750000e-01
-8.608703613281250000e-01 9.723815917968750000e-01 -9.999694824218750000e-01
-8.608703613281250000e-01 9.723815917968750000e-01 -9.999694824218750000e-01
-8.608703613281250000e-01 9.723815917968750000e-01 -9.999694824218750000e-01
-8.608703613281250000e-01 9.631652832031250000e-01 -9.999694824218750000e-01
-9.169616699218750000e-01 8.855285644531250000e-01 -9.999694824218750000e-01
-9.460754394531250000e-01 7.276611328125000000e-01 -9.999694824218750000e-01
-9.935302734375000000e-01 5.092163085937500000e-01 -9.999694824218750000e-01
-1.000000000000000000e+00 3.250122070312500000e-01 -9.999694824218750000e-01
-1.000000000000000000e+00 1.000061035156250000e-01 -9.999694824218750000e-01
-1.000000000000000000e+00 3.051757812500000000e-05 -9.999694824218750000e-01
-1.000000000000000000e+00 3.051757812500000000e-05 -9.999694824218750000e-01
-1.000000000000000000e+00 -1.315307617187500000e-02 3.051757812500000000e-05
-1.000000000000000000e+00 -7.662963867187500000e-02 3.051757812500000000e-05
-1.000000000000000000e+00 -7.662963867187500000e-02 3.051757812500000000e-05
-1.000000000000000000e+00 -7.662963867187500000e-02 3.051757812500000000e-05
-1.000000000000000000e+00 -7.662963867187500000e-02 3.051757812500000000e-05
-1.000000000000000000e+00 -5.627441406250000000e-02 3.051757812500000000e-05
-1.000000000000000000e+00 -1.077270507812500000e-02 3.051757812500000000e-05
-1.000000000000000000e+00 -5.981445312500000000e-03 3.051757812500000000e-05
-1.000000000000000000e+00 3.051757812500000000e-05 3.051757812500000000e-05
-1.000000000000000000e+00 3.051757812500000000e-05 3.051757812500000000e-05
-1.000000000000000000e+00 3.051757812500000000e-05 3.051757812500000000e-05
-1.000000000000000000e+00 3.051757812500000000e-05 -3.217163085937500000e-01
-5.663452148437500000e-01 5.001831054687500000e-02 -9.999694824218750000e-01
0.000000000000000000e+00 3.051757812500000000e-05 -9.999694824218750000e-01
0.000000000000000000e+00 3.051757812500000000e-05 -9.999694824218750000e-01
0.000000000000000000e+00 3.051757812500000000e-05 -9.999694824218750000e-01
0.000000000000000000e+00 3.051757812500000000e-05 -9.999694824218750000e-01
0.000000000000000000e+00 3.051757812500000000e-05 -9.999694824218750000e-01
0.000000000000000000e+00 3.051757812500000000e-05 -9.999694824218750000e-01
0.000000000000000000e+00 3.051757812500000000e-05 -9.999694824218750000e-01
0.000000000000000000e+00 3.051757812500000000e-05 -9.999694824218750000e-01
0.000000000000000000e+00 3.051757812500000000e-05 -9.999694824218750000e-01
0.000000000000000000e+00 3.051757812500000000e-05 -9.999694824218750000e-01
0.000000000000000000e+00 3.051757812500000000e-05 -9.999694824218750000e-01
0.000000000000000000e+00 3.051757812500000000e-05 -9.999694824218750000e-01
0.000000000000000000e+00 3.051757812500000000e-05 -9.999694824218750000e-01
0.000000000000000000e+00 3.051757812500000000e-05 -9.999694824218750000e-01
0.000000000000000000e+00 3.051757812500000000e-05 -9.999694824218750000e-01
-1.296997070312500000e-02 3.051757812500000000e-05 -9.999694824218750000e-01
-5.480346679687500000e-01 -3.856201171875000000e-01 -9.999694824218750000e-01
-9.061584472656250000e-01 -5.784301757812500000e-01 -9.999694824218750000e-01
-9.104919433593750000e-01 -5.796203613281250000e-01 -9.999694824218750000e-01
-8.705749511718750000e-01 -6.622619628906250000e-01 -9.999694824218750000e-01
-7.810363769531250000e-01 -7.305297851562500000e-01 -9.999694824218750000e-01
-7.518920898437500000e-01 -7.508850097656250000e-01 -9.999694824218750000e-01
-7.044372558593750000e-01 -8.119506835937500000e-01 -9.999694824218750000e-01
-6.612854003906250000e-01 -8.550720214843750000e-01 -9.999694824218750000e-01
-5.674438476562500000e-01 -9.377136230468750000e-01 -9.999694824218750000e-01
-5.555725097656250000e-01 -9.640502929687500000e-01 -9.999694824218750000e-01
-4.552612304687500000e-01 -9.891967773437500000e-01 -9.999694824218750000e-01
-4.541625976562500000e-01 -9.963989257812500000e-01 -9.999694824218750000e-01
-4.509277343750000000e-01 -9.963989257812500000e-01 -9.999694824218750000e-01
-4.498596191406250000e-01 -9.963989257812500000e-01 -9.999694824218750000e-01
-4.530944824218750000e-01 -9.963989257812500000e-01 -9.999694824218750000e-01
-4.530944824218750000e-01 -9.963989257812500000e-01 -9.999694824218750000e-01
-4.530944824218750000e-01 -9.963989257812500000e-01 -9.999694824218750000e-01
-4.530944824218750000e-01 -9.963989257812500000e-01 -9.608459472656250000e-01
-4.530944824218750000e-01 -9.963989257812500000e-01 3.051757812500000000e-05
-4.530944824218750000e-01 -9.963989257812500000e-01 3.051757812500000000e-05
-4.530944824218750000e-01 -9.963989257812500000e-01 3.051757812500000000e-05
-4.530944824218750000e-01 -9.963989257812500000e-01 3.051757812500000000e-05
-4.530944824218750000e-01 -9.963989257812500000e-01 3.051757812500000000e-05
-4.530944824218750000e-01 -9.963989257812500000e-01 3.051757812500000000e-05
-4.530944824218750000e-01 -9.963989257812500000e-01 3.051757812500000000e-05
-4.530944824218750000e-01 -9.963989257812500000e-01 3.051757812500000000e-05
-4.876098632812500000e-01 -9.676513671875000000e-01 3.051757812500000000e-05
-5.307617187500000000e-01 -9.640502929687500000e-01 3.051757812500000000e-05
-5.339965820312500000e-01 -9.640502929687500000e-01 3.051757812500000000e-05
-5.523376464843750000e-01 -9.341125488281250000e-01 3.051757812500000000e-05
-5.588073730468750000e-01 -9.305114746093750000e-01 3.051757812500000000e-05
-5.803833007812500000e-01 -8.922119140625000000e-01 3.051757812500000000e-05
-6.397094726562500000e-01 -8.143615722656250000e-01 3.051757812500000000e-05
-7.324829101562500000e-01 -7.317199707031250000e-01 3.051757812500000000e-05
-8.543701171875000000e-01 -6.023864746093750000e-01 3.051757812500000000e-05
-9.320678710937500000e-01 -4.215393066406250000e-01 3.051757812500000000e-05
-1.000000000000000000e+00 -1.999816894531250000e-01 3.051757812500000000e-05
-2.578430175781250000e-01 3.051757812500000000e-05 -5.550537109375000000e-01
0.000000000000000000e+00 3.051757812500000000e-05 -9.999694824218750000e-01
0.000000000000000000e+00 3.051757812500000000e-05 -9.999694824218750000e-01
0.000000000000000000e+00 3.051757812500000000e-05 -9.999694824218750000e-01
0.000000000000000000e+00 3.051757812500000000e-05 -9.999694824218750000e-01
0.000000000000000000e+00 3.051757812500000000e-05 -9.999694824218750000e-01
0.000000000000000000e+00 3.051757812500000000e-05 -9.999694824218750000e-01
0.000000000000000000e+00 3.051757812500000000e-05 -9.999694824218750000e-01
0.000000000000000000e+00 3.051757812500000000e-05 -9.999694824218750000e-01
0.000000000000000000e+00 3.051757812500000000e-05 -9.999694824218750000e-01
0.000000000000000000e+00 3.051757812500000000e-05 -9.999694824218750000e-01
0.000000000000000000e+00 3.051757812500000000e-05 -9.999694824218750000e-01
0.000000000000000000e+00 3.051757812500000000e-05 -9.999694824218750000e-01
0.000000000000000000e+00 3.051757812500000000e-05 -9.999694824218750000e-01
0.000000000000000000e+00 3.051757812500000000e-05 -9.999694824218750000e-01
0.000000000000000000e+00 3.051757812500000000e-05 -9.999694824218750000e-01
0.000000000000000000e+00 3.051757812500000000e-05 -9.999694824218750000e-01
0.000000000000000000e+00 3.051757812500000000e-05 -9.999694824218750000e-01
-2.783203125000000000e-01 -1.724548339843750000e-01 -9.999694824218750000e-01
-8.996887207031250000e-01 -3.796386718750000000e-01 -9.999694824218750000e-01
-9.665832519531250000e-01 -4.742431640625000000e-01 -9.999694824218750000e-01
-9.644165039062500000e-01 -4.490966796875000000e-01 -9.999694824218750000e-01
-9.633483886718750000e-01 -4.790344238281250000e-01 -9.999694824218750000e-01
-9.363708496093750000e-01 -4.454956054687500000e-01 -9.999694824218750000e-01
-9.363708496093750000e-01 -4.407043457031250000e-01 -9.999694824218750000e-01
-9.342041015625000000e-01 -4.418945312500000000e-01 -9.999694824218750000e-01
-9.331359863281250000e-01 -4.430847167968750000e-01 -9.999694824218750000e-01
-9.331359863281250000e-01 -4.239501953125000000e-01 -9.999694824218750000e-01
-9.331359863281250000e-01 -4.179382324218750000e-01 -9.999694824218750000e-01
-9.331359863281250000e-01 -4.167480468750000000e-01 -9.999694824218750000e-01
-9.331359863281250000e-01 -4.443054199218750000e-01 -9.999694824218750000e-01
-9.061584472656250000e-01 -5.077819824218750000e-01 -9.999694824218750000e-01
-8.964538574218750000e-01 -5.473022460937500000e-01 -9.999694824218750000e-01
-8.867492675781250000e-01 -5.664367675781250000e-01 -9.999694824218750000e-01
-8.425292968750000000e-01 -6.610717773437500000e-01 -9.999694824218750000e-01
-8.274230957031250000e-01 -6.933898925781250000e-01 -9.999694824218750000e-01
-8.015136718750000000e-01 -7.305297851562500000e-01 -9.999694824218750000e-01
-7.551269531250000000e-01 -7.688598632812500000e-01 -9.999694824218750000e-01
-7.551269531250000000e-01 -7.652587890625000000e-01 -9.999694824218750000e-01
-7.465209960937500000e-01 -7.808227539062500000e-01 -9.999694824218750000e-01
-7.443542480468750000e-01 -7.616577148437500000e-01 -9.999694824218750000e-01
-7.465209960937500000e-01 -7.616577148437500000e-01 -9.999694824218750000e-01
-7.465209960937500000e-01 -7.592773437500000000e-01 -9.999694824218750000e-01
-7.454223632812500000e-01 -7.496948242187500000e-01 3.051757812500000000e-05
-7.465209960937500000e-01 -7.520751953125000000e-01 3.051757812500000000e-05
-7.465209960937500000e-01 -7.281188964843750000e-01 3.051757812500000000e-05
-7.594604492187500000e-01 -7.041625976562500000e-01 3.051757812500000000e-05
-8.004455566406250000e-01 -6.993713378906250000e-01 3.051757812500000000e-05
-8.500671386718750000e-01 -6.107482910156250000e-01 3.051757812500000000e-05
-8.522338867187500000e-01 -6.095581054687500000e-01 3.051757812500000000e-05
-8.662414550781250000e-01 -5.999755859375000000e-01 3.051757812500000000e-05
-8.716430664062500000e-01 -5.987854003906250000e-01 3.051757812500000000e-05
-8.716430664062500000e-01 -5.903930664062500000e-01 3.051757812500000000e-05
-8.716430664062500000e-01 -5.987854003906250000e-01 3.051757812500000000e-05
-8.716430664062500000e-01 -6.023864746093750000e-01 3.051757812500000000e-05
-8.716430664062500000e-01 -6.730346679687500000e-01 3.051757812500000000e-05
-8.414306640625000000e-01 -6.898193359375000000e-01 3.051757812500000000e-05
-7.723999023437500000e-01 -7.460937500000000000e-01 3.051757812500000000e-05
-7.551269531250000000e-01 -7.676391601562500000e-01 -5.637512207031250000e-01
-7.540588378906250000e-01 -7.808227539062500000e-01 -9.999694824218750000e-01
-7.346496582031250000e-01 -7.975769042968750000e-01 -9.999694824218750000e-01
-7.346496582031250000e-01 -7.987976074218750000e-01 -9.999694824218750000e-01
-7.346496582031250000e-01 -7.868041992187500000e-01 -9.999694824218750000e-01
-7.346496582031250000e-01 -7.879943847656250000e-01 -9.999694824218750000e-01
-7.346496582031250000e-01 -7.844238281250000000e-01 -9.999694824218750000e-01
-7.346496582031250000e-01 -7.832031250000000000e-01 -9.999694824218750000e-01
-7.346496582031250000e-01 -7.832031250000000000e-01 -9.999694824218750000e-01
-7.346496582031250000e-01 -7.436828613281250000e-01 -9.999694824218750000e-01
-7.346496582031250000e-01 -7.460937500000000000e-01 -9.999694824218750000e-01
-7.346496582031250000e-01 -7.449035644531250000e-01 -9.999694824218750000e-01
-7.346496582031250000e-01 -7.449035644531250000e-01 -9.999694824218750000e-01
-7.346496582031250000e-01 -7.449035644531250000e-01 -9.999694824218750000e-01
-7.346496582031250000e-01 -7.449035644531250000e-01 -9.999694824218750000e-01
-7.346496582031250000e-01 -7.449035644531250000e-01 -9.999694824218750000e-01
-7.346496582031250000e-01 -7.449035644531250000e-01 3.051757812500000000e-05
-7.346496582031250000e-01 -7.449035644531250000e-01 3.051757812500000000e-05
-7.346496582031250000e-01 -7.449035644531250000e-01 3.051757812500000000e-05
-7.346496582031250000e-01 -7.449035644531250000e-01 3.051757812500000000e-05
-7.346496582031250000e-01 -7.449035644531250000e-01 3.051757812500000000e-05
-7.346496582031250000e-01 -7.449035644531250000e-01 3.051757812500000000e-05
-7.130737304687500000e-01 -8.191528320312500000e-01 3.051757812500000000e-05
-6.979675292968750000e-01 -8.646545410156250000e-01 3.051757812500000000e-05
-6.213684082031250000e-01 -9.257202148437500000e-01 3.051757812500000000e-05
-5.188903808593750000e-01 -9.975891113281250000e-01 3.051757812500000000e-05
-4.530944824218750000e-01 -9.999694824218750000e-01 3.051757812500000000e-05
-3.678588867187500000e-01 -9.999694824218750000e-01 3.051757812500000000e-05
-2.416687011718750000e-01 -9.999694824218750000e-01 3.051757812500000000e-05
-1.629028320312500000e-01 -9.999694824218750000e-01 3.051757812500000000e-05
-1.629028320312500000e-01 -9.999694824218750000e-01 3.051757812500000000e-05
-1.931152343750000000e-01 -9.999694824218750000e-01 3.051757812500000000e-05
-5.501708984375000000e-01 -1.808166503906250000e-01 3.051757812500000000e-05
0.000000000000000000e+00 3.051757812500000000e-05 3.051757812500000000e-05
0.000000000000000000e+00 3.051757812500000000e-05 3.051757812500000000e-05
0.000000000000000000e+00 3.051757812500000000e-05 3.051757812500000000e-05
0.000000000000000000e+00 3.051757812500000000e-05 3.051757812500000000e-05
0.000000000000000000e+00 3.051757812500000000e-05 3.051757812500000000e-05
0.000000000000000000e+00 3.051757812500000000e-05 3.051757812500000000e-05
0.000000000000000000e+00 3.051757812500000000e-05 3.051757812500000000e-05
0.000000000000000000e+00 3.051757812500000000e-05 3.051757812500000000e-05
0.000000000000000000e+00 3.051757812500000000e-05 3.051757812500000000e-05
0.000000000000000000e+00 3.051757812500000000e-05 3.051757812500000000e-05
0.000000000000000000e+00 3.051757812500000000e-05 3.051757812500000000e-05
0.000000000000000000e+00 3.051757812500000000e-05 3.051757812500000000e-05
0.000000000000000000e+00 3.051757812500000000e-05 3.051757812500000000e-05
0.000000000000000000e+00 3.051757812500000000e-05 3.051757812500000000e-05
0.000000000000000000e+00 3.051757812500000000e-05 3.051757812500000000e-05
0.000000000000000000e+00 3.051757812500000000e-05 3.051757812500000000e-05
0.000000000000000000e+00 3.051757812500000000e-05 3.051757812500000000e-05
0.000000000000000000e+00 3.051757812500000000e-05 3.051757812500000000e-05
0.000000000000000000e+00 3.051757812500000000e-05 3.051757812500000000e-05
0.000000000000000000e+00 3.051757812500000000e-05 3.051757812500000000e-05
0.000000000000000000e+00 3.051757812500000000e-05 3.051757812500000000e-05
0.000000000000000000e+00 3.051757812500000000e-05 3.051757812500000000e-05
0.000000000000000000e+00 3.051757812500000000e-05 3.051757812500000000e-05
0.000000000000000000e+00 3.051757812500000000e-05 3.051757812500000000e-05
0.000000000000000000e+00 3.051757812500000000e-05 3.051757812500000000e-05
0.000000000000000000e+00 3.051757812500000000e-05 3.051757812500000000e-05
0.000000000000000000e+00 3.051757812500000000e-05 3.051757812500000000e-05
0.000000000000000000e+00 3.051757812500000000e-05 1.062927246093750000e-01
0.000000000000000000e+00 3.051757812500000000e-05 1.000000000000000000e+00
0.000000000000000000e+00 3.051757812500000000e-05 1.000000000000000000e+00
0.000000000000000000e+00 3.051757812500000000e-05 1.000000000000000000e+00
0.000000000000000000e+00 3.051757812500000000e-05 1.000000000000000000e+00
0.000000000000000000e+00 3.051757812500000000e-05 1.000000000000000000e+00
0.000000000000000000e+00 3.051757812500000000e-05 1.000000000000000000e+00
0.000000000000000000e+00 3.051757812500000000e-05 1.000000000000000000e+00
0.000000000000000000e+00 3.051757812500000000e-05 1.000000000000000000e+00
0.000000000000000000e+00 3.051757812500000000e-05 1.000000000000000000e+00
0.000000000000000000e+00 3.051757812500000000e-05 1.000000000000000000e+00
0.000000000000000000e+00 3.051757812500000000e-05 1.000000000000000000e+00
0.000000000000000000e+00 3.051757812500000000e-05 1.000000000000000000e+00
0.000000000000000000e+00 3.051757812500000000e-05 1.000000000000000000e+00
0.000000000000000000e+00 3.051757812500000000e-05 1.000000000000000000e+00
0.000000000000000000e+00 3.051757812500000000e-05 1.000000000000000000e+00
0.000000000000000000e+00 3.051757812500000000e-05 1.000000000000000000e+00
0.000000000000000000e+00 3.051757812500000000e-05 1.000000000000000000e+00
0.000000000000000000e+00 3.051757812500000000e-05 1.000000000000000000e+00
0.000000000000000000e+00 3.051757812500000000e-05 1.000000000000000000e+00
0.000000000000000000e+00 3.051757812500000000e-05 1.000000000000000000e+00
0.000000000000000000e+00 3.051757812500000000e-05 1.000000000000000000e+00
0.000000000000000000e+00 3.051757812500000000e-05 1.000000000000000000e+00
0.000000000000000000e+00 3.051757812500000000e-05 1.000000000000000000e+00
0.000000000000000000e+00 3.051757812500000000e-05 1.000000000000000000e+00
0.000000000000000000e+00 3.051757812500000000e-05 1.000000000000000000e+00
0.000000000000000000e+00 3.051757812500000000e-05 1.000000000000000000e+00
0.000000000000000000e+00 3.051757812500000000e-05 1.000000000000000000e+00
0.000000000000000000e+00 3.051757812500000000e-05 1.000000000000000000e+00
0.000000000000000000e+00 3.051757812500000000e-05 1.000000000000000000e+00
0.000000000000000000e+00 3.051757812500000000e-05 1.000000000000000000e+00
0.000000000000000000e+00 3.051757812500000000e-05 1.000000000000000000e+00
0.000000000000000000e+00 3.051757812500000000e-05 1.000000000000000000e+00
0.000000000000000000e+00 3.051757812500000000e-05 1.000000000000000000e+00
0.000000000000000000e+00 3.051757812500000000e-05 1.000000000000000000e+00
0.000000000000000000e+00 3.051757812500000000e-05 1.000000000000000000e+00
0.000000000000000000e+00 3.051757812500000000e-05 1.000000000000000000e+00
0.000000000000000000e+00 3.051757812500000000e-05 1.000000000000000000e+00
0.000000000000000000e+00 3.051757812500000000e-05 1.000000000000000000e+00
0.000000000000000000e+00 3.051757812500000000e-05 1.000000000000000000e+00
0.000000000000000000e+00 3.051757812500000000e-05 1.000000000000000000e+00
0.000000000000000000e+00 3.051757812500000000e-05 1.000000000000000000e+00
0.000000000000000000e+00 3.051757812500000000e-05 1.000000000000000000e+00
0.000000000000000000e+00 3.051757812500000000e-05 1.000000000000000000e+00
0.000000000000000000e+00 3.051757812500000000e-05 1.000000000000000000e+00
0.000000000000000000e+00 3.051757812500000000e-05 1.000000000000000000e+00
0.000000000000000000e+00 3.051757812500000000e-05 1.000000000000000000e+00
0.000000000000000000e+00 3.051757812500000000e-05 1.000000000000000000e+00
0.000000000000000000e+00 3.051757812500000000e-05 1.000000000000000000e+00
0.000000000000000000e+00 3.051757812500000000e-05 1.000000000000000000e+00
0.000000000000000000e+00 3.051757812500000000e-05 1.000000000000000000e+00
0.000000000000000000e+00 3.051757812500000000e-05 1.000000000000000000e+00
0.000000000000000000e+00 3.051757812500000000e-05 1.000000000000000000e+00
0.000000000000000000e+00 3.051757812500000000e-05 1.000000000000000000e+00
0.000000000000000000e+00 3.051757812500000000e-05 1.000000000000000000e+00
0.000000000000000000e+00 3.051757812500000000e-05 1.000000000000000000e+00
0.000000000000000000e+00 3.051757812500000000e-05 1.000000000000000000e+00
0.000000000000000000e+00 3.051757812500000000e-05 1.000000000000000000e+00
0.000000000000000000e+00 3.051757812500000000e-05 1.000000000000000000e+00
0.000000000000000000e+00 3.051757812500000000e-05 1.000000000000000000e+00
0.000000000000000000e+00 3.051757812500000000e-05 1.000000000000000000e+00
0.000000000000000000e+00 3.051757812500000000e-05 1.000000000000000000e+00
0.000000000000000000e+00 3.051757812500000000e-05 1.000000000000000000e+00
0.000000000000000000e+00 3.051757812500000000e-05 1.000000000000000000e+00
0.000000000000000000e+00 3.051757812500000000e-05 1.000000000000000000e+00
0.000000000000000000e+00 3.051757812500000000e-05 1.000000000000000000e+00
0.000000000000000000e+00 3.051757812500000000e-05 1.000000000000000000e+00
0.000000000000000000e+00 3.051757812500000000e-05 1.000000000000000000e+00
0.000000000000000000e+00 3.051757812500000000e-05 1.000000000000000000e+00
0.000000000000000000e+00 3.051757812500000000e-05 1.000000000000000000e+00
0.000000000000000000e+00 -1.484985351562500000e-01 1.000000000000000000e+00
1.345825195312500000e-02 -3.880004882812500000e-01 1.000000000000000000e+00
1.766357421875000000e-01 -6.921997070312500000e-01 1.000000000000000000e+00
5.583801269531250000e-01 -9.891967773437500000e-01 1.000000000000000000e+00
6.212463378906250000e-01 -9.916076660156250000e-01 1.000000000000000000e+00
6.212463378906250000e-01 -9.856262207031250000e-01 1.000000000000000000e+00
6.422119140625000000e-01 -9.784240722656250000e-01 1.000000000000000000e+00
6.631469726562500000e-01 -9.676513671875000000e-01 1.000000000000000000e+00
6.646423339843750000e-01 -9.676513671875000000e-01 1.000000000000000000e+00
6.646423339843750000e-01 -9.676513671875000000e-01 1.000000000000000000e+00
7.409973144531250000e-01 -8.981933593750000000e-01 1.000000000000000000e+00
9.161376953125000000e-01 -7.748413085937500000e-01 1.000000000000000000e+00
9.999694824218750000e-01 -6.191406250000000000e-01 1.000000000000000000e+00
9.999694824218750000e-01 -4.802246093750000000e-01 9.888305664062500000e-01
9.999694824218750000e-01 -4.478759765625000000e-01 6.297607421875000000e-01
9.999694824218750000e-01 -4.215393066406250000e-01 3.051757812500000000e-05
9.999694824218750000e-01 -4.143676757812500000e-01 3.051757812500000000e-05
9.999694824218750000e-01 -4.071655273437500000e-01 3.051757812500000000e-05
9.999694824218750000e-01 -4.107666015625000000e-01 3.051757812500000000e-05
9.999694824218750000e-01 -4.838256835937500000e-01 3.051757812500000000e-05
9.999694824218750000e-01 -4.814147949218750000e-01 3.051757812500000000e-05
9.999694824218750000e-01 -4.814147949218750000e-01 3.051757812500000000e-05
9.999694824218750000e-01 -4.802246093750000000e-01 3.051757812500000000e-05
9.999694824218750000e-01 -4.802246093750000000e-01 3.051757812500000000e-05
9.999694824218750000e-01 -4.862060546875000000e-01 3.051757812500000000e-05
9.999694824218750000e-01 -5.029907226562500000e-01 3.051757812500000000e-05
9.999694824218750000e-01 -5.484924316406250000e-01 3.051757812500000000e-05
9.999694824218750000e-01 -6.598510742187500000e-01 3.051757812500000000e-05
9.550781250000000000e-01 -7.436828613281250000e-01 3.051757812500000000e-05
7.859191894531250000e-01 -8.586730957031250000e-01 3.051757812500000000e-05
7.380065917968750000e-01 -9.508972167968750000e-01 3.051757812500000000e-05
1.781311035156250000e-01 -2.347106933593750000e-01 3.051757812500000000e-05
0.000000000000000000e+00 3.051757812500000000e-05 3.051757812500000000e-05
0.000000000000000000e+00 3.051757812500000000e-05 3.051757812500000000e-05
0.000000000000000000e+00 3.051757812500000000e-05 3.051757812500000000e-05
0.000000000000000000e+00 3.051757812500000000e-05 3.051757812500000000e-05
0.000000000000000000e+00 3.051757812500000000e-05 3.051757812500000000e-05
0.000000000000000000e+00 3.051757812500000000e-05 5.458679199218750000e-01
0.000000000000000000e+00 3.051757812500000000e-05 9.508056640625000000e-01
0.000000000000000000e+00 3.051757812500000000e-05 9.686889648437500000e-01
0.000000000000000000e+00 3.051757812500000000e-05 9.686889648437500000e-01
0.000000000000000000e+00 3.051757812500000000e-05 9.686889648437500000e-01
0.000000000000000000e+00 3.051757812500000000e-05 9.686889648437500000e-01
0.000000000000000000e+00 3.051757812500000000e-05 9.686889648437500000e-01
0.000000000000000000e+00 3.051757812500000000e-05 9.686889648437500000e-01
0.000000000000000000e+00 -4.418945312500000000e-01 3.051757812500000000e-05
1.345825195312500000e-02 -9.999694824218750000e-01 3.051757812500000000e-05
2.093505859375000000e-02 -9.999694824218750000e-01 3.051757812500000000e-05
2.093505859375000000e-02 -9.999694824218750000e-01 3.051757812500000000e-05
2.093505859375000000e-02 -9.999694824218750000e-01 3.051757812500000000e-05
2.093505859375000000e-02 -9.999694824218750000e-01 3.051757812500000000e-05
2.093505859375000000e-02 -9.999694824218750000e-01 3.051757812500000000e-05
3.591918945312500000e-02 -9.999694824218750000e-01 3.051757812500000000e-05
3.890991210937500000e-02 -9.999694824218750000e-01 3.051757812500000000e-05
4.040527343750000000e-02 -9.999694824218750000e-01 3.051757812500000000e-05
4.040527343750000000e-02 -9.999694824218750000e-01 3.051757812500000000e-05
4.040527343750000000e-02 -9.999694824218750000e-01 3.051757812500000000e-05
4.040527343750000000e-02 -9.999694824218750000e-01 3.051757812500000000e-05
4.040527343750000000e-02 -9.999694824218750000e-01 3.051757812500000000e-05
4.040527343750000000e-02 -9.999694824218750000e-01 3.051757812500000000e-05
4.040527343750000000e-02 -9.999694824218750000e-01 3.051757812500000000e-05
4.040527343750000000e-02 -9.999694824218750000e-01 3.051757812500000000e-05
4.040527343750000000e-02 -9.999694824218750000e-01 3.051757812500000000e-05
4.040527343750000000e-02 -9.999694824218750000e-01 3.051757812500000000e-05
4.040527343750000000e-02 -9.999694824218750000e-01 3.051757812500000000e-05
2.993774414062500000e-02 -9.999694824218750000e-01 3.051757812500000000e-05
0.000000000000000000e+00 -9.999694824218750000e-01 3.051757812500000000e-05
0.000000000000000000e+00 -9.999694824218750000e-01 3.051757812500000000e-05
0.000000000000000000e+00 -9.999694824218750000e-01 3.051757812500000000e-05
0.000000000000000000e+00 -9.999694824218750000e-01 3.051757812500000000e-05
0.000000000000000000e+00 -9.999694824218750000e-01 3.051757812500000000e-05
0.000000000000000000e+00 -9.999694824218750000e-01 3.051757812500000000e-05
0.000000000000000000e+00 -9.999694824218750000e-01 3.051757812500000000e-05
0.000000000000000000e+00 -9.999694824218750000e-01 3.051757812500000000e-05
0.000000000000000000e+00 -9.999694824218750000e-01 3.051757812500000000e-05
0.000000000000000000e+00 -9.999694824218750000e-01 3.051757812500000000e-05
0.000000000000000000e+00 -9.999694824218750000e-01 3.051757812500000000e-05
0.000000000000000000e+00 -9.999694824218750000e-01 3.051757812500000000e-05
-2.590942382812500000e-02 -9.999694824218750000e-01 3.051757812500000000e-05
-7.553100585937500000e-02 -9.999694824218750000e-01 3.051757812500000000e-05
-1.165161132812500000e-01 -9.999694824218750000e-01 3.051757812500000000e-05
-1.359252929687500000e-01 -9.999694824218750000e-01 3.051757812500000000e-05
-1.359252929687500000e-01 -9.999694824218750000e-01 3.051757812500000000e-05
-1.693725585937500000e-01 -9.999694824218750000e-01 3.051757812500000000e-05
-2.286987304687500000e-01 -9.999694824218750000e-01 3.051757812500000000e-05
-2.675476074218750000e-01 -9.999694824218750000e-01 3.051757812500000000e-05
-2.707824707031250000e-01 -9.999694824218750000e-01 3.051757812500000000e-05
-3.182373046875000000e-01 -9.999694824218750000e-01 3.051757812500000000e-05
-3.970031738281250000e-01 -9.999694824218750000e-01 3.051757812500000000e-05
-4.077758789062500000e-01 -9.904174804687500000e-01 3.051757812500000000e-05
-4.056396484375000000e-01 -9.939880371093750000e-01 3.051757812500000000e-05
-4.067077636718750000e-01 -9.999694824218750000e-01 3.051757812500000000e-05
-7.336425781250000000e-02 -2.143554687500000000e-01 3.051757812500000000e-05
0.000000000000000000e+00 3.051757812500000000e-05 3.051757812500000000e-05
0.000000000000000000e+00 3.051757812500000000e-05 3.051757812500000000e-05
0.000000000000000000e+00 3.051757812500000000e-05 3.051757812500000000e-05
0.000000000000000000e+00 3.051757812500000000e-05 3.051757812500000000e-05
0.000000000000000000e+00 3.051757812500000000e-05 3.051757812500000000e-05
0.000000000000000000e+00 3.051757812500000000e-05 3.051757812500000000e-05
-7.336425781250000000e-02 -3.820190429687500000e-01 3.051757812500000000e-05
-1.844787597656250000e-01 -9.544677734375000000e-01 3.051757812500000000e-05
-2.664794921875000000e-01 -9.999694824218750000e-01 3.051757812500000000e-05
-3.861999511718750000e-01 -9.999694824218750000e-01 3.051757812500000000e-05
-4.541625976562500000e-01 -9.939880371093750000e-01 3.051757812500000000e-05
-5.264587402343750000e-01 -9.520874023437500000e-01 3.051757812500000000e-05
-5.760803222656250000e-01 -8.909912109375000000e-01 3.051757812500000000e-05
-6.461791992187500000e-01 -7.748413085937500000e-01 3.051757812500000000e-05
-6.947326660156250000e-01 -7.424926757812500000e-01 3.051757812500000000e-05
-7.335510253906250000e-01 -7.125549316406250000e-01 3.051757812500000000e-05
-7.465209960937500000e-01 -7.113647460937500000e-01 3.051757812500000000e-05
-7.465209960937500000e-01 -7.113647460937500000e-01 3.051757812500000000e-05
-7.465209960937500000e-01 -7.113647460937500000e-01 3.051757812500000000e-05
-7.465209960937500000e-01 -7.424926757812500000e-01 3.051757812500000000e-05
-7.389526367187500000e-01 -7.844238281250000000e-01 3.051757812500000000e-05
-5.739135742187500000e-01 -9.257202148437500000e-01 3.051757812500000000e-05
-4.196472167968750000e-01 -9.999694824218750000e-01 3.051757812500000000e-05
-2.200927734375000000e-01 -9.999694824218750000e-01 3.051757812500000000e-05
-1.273193359375000000e-01 -9.999694824218750000e-01 3.051757812500000000e-05
-1.251525878906250000e-01 -9.999694824218750000e-01 3.051757812500000000e-05
-1.273193359375000000e-01 -9.999694824218750000e-01 3.051757812500000000e-05
-3.193359375000000000e-01 -9.999694824218750000e-01 3.051757812500000000e-05
-5.178222656250000000e-01 -9.652404785156250000e-01 3.051757812500000000e-05
-6.397094726562500000e-01 -7.879943847656250000e-01 3.051757812500000000e-05
-7.281799316406250000e-01 -7.365112304687500000e-01 3.051757812500000000e-05
-8.101501464843750000e-01 -6.155395507812500000e-01 3.051757812500000000e-05
-8.381958007812500000e-01 -6.035766601562500000e-01 3.051757812500000000e-05
-8.673400878906250000e-01 -5.532836914062500000e-01 3.051757812500000000e-05
-8.845825195312500000e-01 -5.173645019531250000e-01 3.051757812500000000e-05
-8.932189941406250000e-01 -5.101623535156250000e-01 3.051757812500000000e-05
-8.975219726562500000e-01 -4.981994628906250000e-01 3.051757812500000000e-05
-8.975219726562500000e-01 -4.862060546875000000e-01 3.051757812500000000e-05
-9.104919433593750000e-01 -4.430847167968750000e-01 3.051757812500000000e-05
-9.201965332031250000e-01 -4.502868652343750000e-01 3.051757812500000000e-05
0.000000000000000000e+00 3.051757812500000000e-05 3.051757812500000000e-05
0.000000000000000000e+00 3.051757812500000000e-05 3.051757812500000000e-05
0.000000000000000000e+00 3.051757812500000000e-05 3.051757812500000000e-05
0.000000000000000000e+00 3.051757812500000000e-05 3.051757812500000000e-05
0.000000000000000000e+00 3.051757812500000000e-05 3.051757812500000000e-05
0.000000000000000000e+00 3.051757812500000000e-05 3.051757812500000000e-05
0.000000000000000000e+00 3.051757812500000000e-05 3.051757812500000000e-05
0.000000000000000000e+00 3.051757812500000000e-05 3.051757812500000000e-05
0.000000000000000000e+00 3.051757812500000000e-05 3.051757812500000000e-05
0.000000000000000000e+00 3.051757812500000000e-05 3.051757812500000000e-05
0.000000000000000000e+00 3.051757812500000000e-05 3.051757812500000000e-05
0.000000000000000000e+00 3.051757812500000000e-05 3.051757812500000000e-05
0.000000000000000000e+00 3.051757812500000000e-05 3.051757812500000000e-05
0.000000000000000000e+00 3.051757812500000000e-05 3.051757812500000000e-05
0.000000000000000000e+00 3.051757812500000000e-05 3.051757812500000000e-05
0.000000000000000000e+00 3.051757812500000000e-05 -4.635620117187500000e-02
0.000000000000000000e+00 3.051757812500000000e-05 -6.085205078125000000e-02
0.000000000000000000e+00 3.051757812500000000e-05 -7.101440429687500000e-02
0.000000000000000000e+00 3.051757812500000000e-05 -7.101440429687500000e-02
0.000000000000000000e+00 3.051757812500000000e-05 -6.665039062500000000e-02
0.000000000000000000e+00 3.051757812500000000e-05 3.051757812500000000e-05
0.000000000000000000e+00 3.051757812500000000e-05 3.051757812500000000e-05
-1.650695800781250000e-01 -1.077575683593750000e-01 3.051757812500000000e-05
-9.762878417968750000e-01 -2.299194335937500000e-01 3.051757812500000000e-05
-1.000000000000000000e+00 -2.059631347656250000e-01 3.051757812500000000e-05
-1.000000000000000000e+00 -1.341247558593750000e-01 3.051757812500000000e-05
-1.000000000000000000e+00 -9.579467773437500000e-02 3.051757812500000000e-05
-1.000000000000000000e+00 -1.209411621093750000e-01 3.051757812500000000e-05
-1.000000000000000000e+00 -1.245422363281250000e-01 3.051757812500000000e-05
-1.000000000000000000e+00 -1.245422363281250000e-01 3.051757812500000000e-05
-1.000000000000000000e+00 -1.245422363281250000e-01 3.051757812500000000e-05
-1.000000000000000000e+00 -1.245422363281250000e-01 3.051757812500000000e-05
-1.000000000000000000e+00 -1.245422363281250000e-01 3.051757812500000000e-05
-1.000000000000000000e+00 -1.245422363281250000e-01 3.051757812500000000e-05
-1.000000000000000000e+00 -2.131652832031250000e-01 3.051757812500000000e-05
-1.000000000000000000e+00 -2.287292480468750000e-01 3.051757812500000000e-05
-1.000000000000000000e+00 -2.347106933593750000e-01 3.051757812500000000e-05
-1.000000000000000000e+00 -2.311096191406250000e-01 3.051757812500000000e-05
-1.000000000000000000e+00 -2.215270996093750000e-01 3.051757812500000000e-05
-1.000000000000000000e+00 -1.353149414062500000e-01 3.051757812500000000e-05
-1.000000000000000000e+00 -2.514648437500000000e-02 3.051757812500000000e-05
-1.000000000000000000e+00 -9.552001953125000000e-03 3.051757812500000000e-05
-1.000000000000000000e+00 -4.760742187500000000e-03 3.051757812500000000e-05
-1.000000000000000000e+00 -5.981445312500000000e-03 3.051757812500000000e-05
-1.000000000000000000e+00 -5.981445312500000000e-03 3.051757812500000000e-05
-1.000000000000000000e+00 -5.981445312500000000e-03 3.051757812500000000e-05
-1.000000000000000000e+00 -5.981445312500000000e-03 3.051757812500000000e-05
-1.000000000000000000e+00 -5.981445312500000000e-03 3.051757812500000000e-05
-1.000000000000000000e+00 -5.981445312500000000e-03 3.051757812500000000e-05
-1.000000000000000000e+00 -5.981445312500000000e-03 3.051757812500000000e-05
-1.000000000000000000e+00 -5.981445312500000000e-03 3.051757812500000000e-05
-1.000000000000000000e+00 -5.981445312500000000e-03 3.051757812500000000e-05
-1.000000000000000000e+00 -5.981445312500000000e-03 3.051757812500000000e-05
-1.000000000000000000e+00 -2.380371093750000000e-03 3.051757812500000000e-05
-1.000000000000000000e+00 3.051757812500000000e-05 3.051757812500000000e-05
-1.000000000000000000e+00 3.051757812500000000e-05 3.051757812500000000e-05
-1.000000000000000000e+00 3.051757812500000000e-05 3.051757812500000000e-05
-1.000000000000000000e+00 3.051757812500000000e-05 3.051757812500000000e-05
-1.000000000000000000e+00 3.051757812500000000e-05 3.051757812500000000e-05
-1.000000000000000000e+00 3.051757812500000000e-05 3.051757812500000000e-05
-1.000000000000000000e+00 3.051757812500000000e-05 3.051757812500000000e-05
-1.000000000000000000e+00 3.051757812500000000e-05 3.051757812500000000e-05
-1.000000000000000000e+00 3.051757812500000000e-05 3.051757812500000000e-05
-1.000000000000000000e+00 3.051757812500000000e-05 3.051757812500000000e-05
-1.000000000000000000e+00 3.051757812500000000e-05 3.051757812500000000e-05
-1.000000000000000000e+00 3.051757812500000000e-05 3.051757812500000000e-05
-1.000000000000000000e+00 3.051757812500000000e-05 3.051757812500000000e-05
-1.000000000000000000e+00 3.051757812500000000e-05 3.051757812500000000e-05
-1.000000000000000000e+00 3.051757812500000000e-05 3.051757812500000000e-05
-1.000000000000000000e+00 3.051757812500000000e-05 3.051757812500000000e-05
-1.000000000000000000e+00 3.051757812500000000e-05 3.051757812500000000e-05
-1.000000000000000000e+00 3.051757812500000000e-05 3.051757812500000000e-05
-1.000000000000000000e+00 3.051757812500000000e-05 3.051757812500000000e-05
-1.000000000000000000e+00 3.051757812500000000e-05 3.051757812500000000e-05
-1.000000000000000000e+00 3.051757812500000000e-05 3.051757812500000000e-05
-1.000000000000000000e+00 3.051757812500000000e-05 3.051757812500000000e-05
-1.000000000000000000e+00 3.051757812500000000e-05 3.051757812500000000e-05
-1.000000000000000000e+00 3.051757812500000000e-05 3.051757812500000000e-05
-1.000000000000000000e+00 2.592163085937500000e-01 3.051757812500000000e-05
-1.000000000000000000e+00 2.618713378906250000e-01 3.051757812500000000e-05
-1.000000000000000000e+00 1.881713867187500000e-01 3.051757812500000000e-05
-1.000000000000000000e+00 9.078979492187500000e-02 3.051757812500000000e-05
-1.000000000000000000e+00 3.051757812500000000e-05 3.051757812500000000e-05
-1.000000000000000000e+00 3.051757812500000000e-05 3.051757812500000000e-05
-1.000000000000000000e+00 3.051757812500000000e-05 3.051757812500000000e-05
-1.000000000000000000e+00 3.051757812500000000e-05 3.051757812500000000e-05
-1.000000000000000000e+00 3.051757812500000000e-05 3.051757812500000000e-05
-1.000000000000000000e+00 3.051757812500000000e-05 3.051757812500000000e-05
-1.000000000000000000e+00 3.051757812500000000e-05 3.051757812500000000e-05
-1.000000000000000000e+00 3.051757812500000000e-05 3.051757812500000000e-05
-1.000000000000000000e+00 3.051757812500000000e-05 3.051757812500000000e-05
-1.000000000000000000e+00 3.051757812500000000e-05 3.051757812500000000e-05
-1.000000000000000000e+00 3.051757812500000000e-05 3.051757812500000000e-05
-1.000000000000000000e+00 3.051757812500000000e-05 3.051757812500000000e-05
-1.000000000000000000e+00 3.051757812500000000e-05 3.051757812500000000e-05
-1.000000000000000000e+00 3.051757812500000000e-05 3.051757812500000000e-05
-1.000000000000000000e+00 3.051757812500000000e-05 3.051757812500000000e-05
-1.000000000000000000e+00 3.051757812500000000e-05 3.051757812500000000e-05
-1.000000000000000000e+00 3.051757812500000000e-05 -1.898498535156250000e-01
-1.000000000000000000e+00 3.051757812500000000e-05 -9.637451171875000000e-01
-1.000000000000000000e+00 3.051757812500000000e-05 -9.999694824218750000e-01
-1.000000000000000000e+00 3.051757812500000000e-05 -9.999694824218750000e-01
-1.000000000000000000e+00 3.051757812500000000e-05 -9.999694824218750000e-01
0.000000000000000000e+00 3.051757812500000000e-05 -9.999694824218750000e-01
0.000000000000000000e+00 3.051757812500000000e-05 -9.999694824218750000e-01
0.000000000000000000e+00 3.051757812500000000e-05 -9.999694824218750000e-01
0.000000000000000000e+00 3.051757812500000000e-05 -9.999694824218750000e-01
0.000000000000000000e+00 3.051757812500000000e-05 -9.999694824218750000e-01
0.000000000000000000e+00 3.051757812500000000e-05 -9.999694824218750000e-01
0.000000000000000000e+00 3.051757812500000000e-05 -9.999694824218750000e-01
0.000000000000000000e+00 3.051757812500000000e-05 -9.999694824218750000e-01
0.000000000000000000e+00 3.051757812500000000e-05 -9.999694824218750000e-01
0.000000000000000000e+00 3.051757812500000000e-05 -9.999694824218750000e-01
0.000000000000000000e+00 3.051757812500000000e-05 -9.999694824218750000e-01
0.000000000000000000e+00 3.051757812500000000e-05 -9.999694824218750000e-01
-1.078796386718750000e-01 3.051757812500000000e-05 -9.999694824218750000e-01
-5.609741210937500000e-01 -2.011718750000000000e-01 -9.999694824218750000e-01
-1.000000000000000000e+00 -2.814331054687500000e-01 -9.999694824218750000e-01
-1.000000000000000000e+00 -1.915893554687500000e-01 -9.999694824218750000e-01
-1.000000000000000000e+00 -8.621215820312500000e-02 -9.999694824218750000e-01
-1.000000000000000000e+00 -1.315307617187500000e-02 -9.999694824218750000e-01
-1.000000000000000000e+00 3.051757812500000000e-05 -9.999694824218750000e-01
-1.000000000000000000e+00 3.051757812500000000e-05 -9.999694824218750000e-01
-1.000000000000000000e+00 3.051757812500000000e-05 -9.999694824218750000e-01
-1.000000000000000000e+00 3.051757812500000000e-05 -9.999694824218750000e-01
-1.000000000000000000e+00 3.051757812500000000e-05 -9.999694824218750000e-01
-1.000000000000000000e+00 3.051757812500000000e-05 -9.999694824218750000e-01
-1.000000000000000000e+00 3.051757812500000000e-05 -9.999694824218750000e-01
-1.000000000000000000e+00 3.051757812500000000e-05 3.051757812500000000e-05
-1.000000000000000000e+00 3.051757812500000000e-05 3.051757812500000000e-05
-1.000000000000000000e+00 3.051757812500000000e-05 3.051757812500000000e-05
-1.000000000000000000e+00 3.051757812500000000e-05 3.051757812500000000e-05
-1.000000000000000000e+00 3.051757812500000000e-05 3.051757812500000000e-05
-1.000000000000000000e+00 5.657958984375000000e-02 3.051757812500000000e-05
0.000000000000000000e+00 3.051757812500000000e-05 3.051757812500000000e-05
0.000000000000000000e+00 3.051757812500000000e-05 3.051757812500000000e-05
0.000000000000000000e+00 3.051757812500000000e-05 -9.159240722656250000e-01
0.000000000000000000e+00 3.051757812500000000e-05 -9.999694824218750000e-01
0.000000000000000000e+00 3.051757812500000000e-05 -9.999694824218750000e-01
0.000000000000000000e+00 3.051757812500000000e-05 -9.999694824218750000e-01
0.000000000000000000e+00 3.051757812500000000e-05 -9.999694824218750000e-01
0.000000000000000000e+00 3.051757812500000000e-05 -9.999694824218750000e-01
0.000000000000000000e+00 3.051757812500000000e-05 -9.999694824218750000e-01
0.000000000000000000e+00 3.051757812500000000e-05 -9.999694824218750000e-01
0.000000000000000000e+00 3.051757812500000000e-05 -9.999694824218750000e-01
0.000000000000000000e+00 3.051757812500000000e-05 -9.999694824218750000e-01
0.000000000000000000e+00 3.051757812500000000e-05 -9.999694824218750000e-01
0.000000000000000000e+00 3.051757812500000000e-05 -9.999694824218750000e-01
0.000000000000000000e+00 3.051757812500000000e-05 -9.999694824218750000e-01
0.000000000000000000e+00 3.051757812500000000e-05 -9.999694824218750000e-01
0.000000000000000000e+00 3.051757812500000000e-05 -9.999694824218750000e-01
0.000000000000000000e+00 3.051757812500000000e-05 -9.999694824218750000e-01
0.000000000000000000e+00 3.051757812500000000e-05 -9.999694824218750000e-01
0.000000000000000000e+00 3.051757812500000000e-05 -9.999694824218750000e-01
0.000000000000000000e+00 3.051757812500000000e-05 -9.999694824218750000e-01
0.000000000000000000e+00 3.051757812500000000e-05 -9.999694824218750000e-01
0.000000000000000000e+00 3.051757812500000000e-05 -9.999694824218750000e-01
0.000000000000000000e+00 3.051757812500000000e-05 -9.999694824218750000e-01
0.000000000000000000e+00 3.051757812500000000e-05 -9.999694824218750000e-01
0.000000000000000000e+00 3.051757812500000000e-05 -9.999694824218750000e-01
0.000000000000000000e+00 3.051757812500000000e-05 -9.999694824218750000e-01
0.000000000000000000e+00 3.051757812500000000e-05 -9.999694824218750000e-01
0.000000000000000000e+00 3.051757812500000000e-05 -9.999694824218750000e-01
0.000000000000000000e+00 3.051757812500000000e-05 -9.999694824218750000e-01
0.000000000000000000e+00 3.051757812500000000e-05 -9.999694824218750000e-01
0.000000000000000000e+00 3.051757812500000000e-05 -9.999694824218750000e-01
0.000000000000000000e+00 3.051757812500000000e-05 -9.999694824218750000e-01
0.000000000000000000e+00 3.051757812500000000e-05 -9.999694824218750000e-01
0.000000000000000000e+00 3.051757812500000000e-05 3.051757812500000000e-05
0.000000000000000000e+00 3.051757812500000000e-05 3.051757812500000000e-05
0.000000000000000000e+00 3.051757812500000000e-05 3.051757812500000000e-05
0.000000000000000000e+00 3.051757812500000000e-05 3.051757812500000000e-05
0.000000000000000000e+00 -8.621215820312500000e-02 3.051757812500000000e-05
0.000000000000000000e+00 -7.796325683593750000e-01 3.051757812500000000e-05
0.000000000000000000e+00 -9.999694824218750000e-01 3.051757812500000000e-05
-6.149291992187500000e-02 -9.999694824218750000e-01 3.051757812500000000e-05
-7.229614257812500000e-02 -9.999694824218750000e-01 3.051757812500000000e-05
-7.229614257812500000e-02 -9.999694824218750000e-01 3.051757812500000000e-05
-7.446289062500000000e-02 -9.999694824218750000e-01 3.051757812500000000e-05
-7.769775390625000000e-02 -9.999694824218750000e-01 3.051757812500000000e-05
-7.769775390625000000e-02 -9.999694824218750000e-01 3.051757812500000000e-05
-1.098632812500000000e-03 -9.999694824218750000e-01 3.051757812500000000e-05
0.000000000000000000e+00 3.051757812500000000e-05 3.051757812500000000e-05
0.000000000000000000e+00 4.013366699218750000e-01 3.051757812500000000e-05
0.000000000000000000e+00 4.855346679687500000e-01 3.051757812500000000e-05
-1.834106445312500000e-02 9.421081542968750000e-01 3.051757812500000000e-05
-5.288696289062500000e-02 1.000000000000000000e+00 3.051757812500000000e-05
-5.612182617187500000e-02 1.000000000000000000e+00 3.051757812500000000e-05
-5.612182617187500000e-02 1.000000000000000000e+00 3.051757812500000000e-05
-1.165161132812500000e-01 1.000000000000000000e+00 3.051757812500000000e-05
0.000000000000000000e+00 3.051757812500000000e-05 3.051757812500000000e-05
0.000000000000000000e+00 3.051757812500000000e-05 -2.434692382812500000e-01
0.000000000000000000e+00 3.051757812500000000e-05 -9.999694824218750000e-01
0.000000000000000000e+00 3.051757812500000000e-05 -9.999694824218750000e-01
0.000000000000000000e+00 3.051757812500000000e-05 -9.999694824218750000e-01
0.000000000000000000e+00 3.051757812500000000e-05 -9.999694824218750000e-01
0.000000000000000000e+00 3.051757812500000000e-05 -9.999694824218750000e-01
0.000000000000000000e+00 3.051757812500000000e-05 -9.999694824218750000e-01
0.000000000000000000e+00 3.051757812500000000e-05 -9.999694824218750000e-01
0.000000000000000000e+00 3.051757812500000000e-05 -9.999694824218750000e-01
0.000000000000000000e+00 3.051757812500000000e-05 -9.999694824218750000e-01
0.000000000000000000e+00 3.051757812500000000e-05 -9.999694824218750000e-01
0.000000000000000000e+00 3.051757812500000000e-05 -9.999694824218750000e-01
0.000000000000000000e+00 3.051757812500000000e-05 -9.999694824218750000e-01
0.000000000000000000e+00 3.051757812500000000e-05 -9.999694824218750000e-01
0.000000000000000000e+00 3.051757812500000000e-05 -9.999694824218750000e-01
0.000000000000000000e+00 3.051757812500000000e-05 -9.999694824218750000e-01
0.000000000000000000e+00 3.051757812500000000e-05 -9.999694824218750000e-01
0.000000000000000000e+00 3.051757812500000000e-05 -9.999694824218750000e-01
0.000000000000000000e+00 3.051757812500000000e-05 -9.999694824218750000e-01
1.871032714843750000e-01 -1.820068359375000000e-01 -9.999694824218750000e-01
7.170410156250000000e-01 -4.934082031250000000e-01 -9.999694824218750000e-01
9.326171875000000000e-01 -6.754455566406250000e-01 -9.999694824218750000e-01
9.625549316406250000e-01 -7.856140136718750000e-01 -9.999694824218750000e-01
9.625549316406250000e-01 -7.904052734375000000e-01 -9.999694824218750000e-01
9.625549316406250000e-01 -7.353210449218750000e-01 -9.999694824218750000e-01
9.999694824218750000e-01 -5.580749511718750000e-01 -9.999694824218750000e-01
9.999694824218750000e-01 -5.173645019531250000e-01 -9.999694824218750000e-01
9.999694824218750000e-01 -5.017700195312500000e-01 -9.999694824218750000e-01
9.999694824218750000e-01 -4.838256835937500000e-01 -9.999694824218750000e-01
9.999694824218750000e-01 -4.790344238281250000e-01 -9.999694824218750000e-01
9.999694824218750000e-01 -4.790344238281250000e-01 -9.999694824218750000e-01
9.999694824218750000e-01 -4.730529785156250000e-01 -9.999694824218750000e-01
9.999694824218750000e-01 -4.790344238281250000e-01 -9.999694824218750000e-01
9.999694824218750000e-01 -4.790344238281250000e-01 -9.999694824218750000e-01
9.999694824218750000e-01 -4.538879394531250000e-01 -9.999694824218750000e-01
9.999694824218750000e-01 -4.538879394531250000e-01 -9.999694824218750000e-01
9.999694824218750000e-01 -4.466857910156250000e-01 -9.999694824218750000e-01
9.999694824218750000e-01 -4.454956054687500000e-01 -9.999694824218750000e-01
9.999694824218750000e-01 -4.382934570312500000e-01 -9.999694824218750000e-01
9.999694824218750000e-01 -4.407043457031250000e-01 -9.999694824218750000e-01
9.999694824218750000e-01 -4.407043457031250000e-01 -9.999694824218750000e-01
9.999694824218750000e-01 -4.466857910156250000e-01 -9.999694824218750000e-01
9.999694824218750000e-01 -4.538879394531250000e-01 -9.999694824218750000e-01
9.999694824218750000e-01 -4.490966796875000000e-01 -9.999694824218750000e-01
9.999694824218750000e-01 -4.562683105468750000e-01 -9.999694824218750000e-01
9.999694824218750000e-01 -4.514770507812500000e-01 -9.999694824218750000e-01
0.000000000000000000e+00 3.051757812500000000e-05 -9.999694824218750000e-01
0.000000000000000000e+00 3.051757812500000000e-05 -9.999694824218750000e-01
0.000000000000000000e+00 3.051757812500000000e-05 -9.999694824218750000e-01
0.000000000000000000e+00 3.051757812500000000e-05 -9.999694824218750000e-01
0.000000000000000000e+00 3.051757812500000000e-05 -9.999694824218750000e-01
0.000000000000000000e+00 3.051757812500000000e-05 -9.999694824218750000e-01
0.000000000000000000e+00 3.051757812500000000e-05 -9.782409667968750000e-01
0.000000000000000000e+00 3.051757812500000000e-05 3.051757812500000000e-05
0.000000000000000000e+00 3.051757812500000000e-05 3.051757812500000000e-05
0.000000000000000000e+00 3.051757812500000000e-05 3.051757812500000000e-05
0.000000000000000000e+00 3.051757812500000000e-05 3.051757812500000000e-05
0.000000000000000000e+00 3.051757812500000000e-05 3.051757812500000000e-05
0.000000000000000000e+00 3.051757812500000000e-05 3.051757812500000000e-05
0.000000000000000000e+00 3.051757812500000000e-05 -5.550537109375000000e-01
0.000000000000000000e+00 3.051757812500000000e-05 -9.999694824218750000e-01
0.000000000000000000e+00 3.051757812500000000e-05 -9.999694824218750000e-01
0.000000000000000000e+00 3.051757812500000000e-05 -9.999694824218750000e-01
0.000000000000000000e+00 3.051757812500000000e-05 -9.999694824218750000e-01
0.000000000000000000e+00 3.051757812500000000e-05 -9.999694824218750000e-01
0.000000000000000000e+00 3.051757812500000000e-05 -9.999694824218750000e-01
0.000000000000000000e+00 3.051757812500000000e-05 -9.999694824218750000e-01
0.000000000000000000e+00 3.051757812500000000e-05 -9.999694824218750000e-01
0.000000000000000000e+00 3.051757812500000000e-05 -9.999694824218750000e-01
0.000000000000000000e+00 3.051757812500000000e-05 -9.999694824218750000e-01
0.000000000000000000e+00 3.051757812500000000e-05 -9.999694824218750000e-01
0.000000000000000000e+00 3.051757812500000000e-05 -9.999694824218750000e-01
1.871032714843750000e-01 3.051757812500000000e-05 -9.999694824218750000e-01
9.835205078125000000e-01 -1.724548339843750000e-01 -9.999694824218750000e-01
9.999694824218750000e-01 -2.323303222656250000e-01 -9.999694824218750000e-01
9.999694824218750000e-01 -2.323303222656250000e-01 -9.999694824218750000e-01
9.999694824218750000e-01 -1.999816894531250000e-01 -9.999694824218750000e-01
9.999694824218750000e-01 -1.951904296875000000e-01 -9.999694824218750000e-01
9.999694824218750000e-01 -2.251281738281250000e-01 -9.999694824218750000e-01
9.999694824218750000e-01 -2.646484375000000000e-01 -9.999694824218750000e-01
9.999694824218750000e-01 -2.969970703125000000e-01 -9.999694824218750000e-01
9.999694824218750000e-01 -3.388977050781250000e-01 -9.999694824218750000e-01
9.999694824218750000e-01 -3.520812988281250000e-01 -9.999694824218750000e-01
9.999694824218750000e-01 -3.700561523437500000e-01 -9.999694824218750000e-01
9.999694824218750000e-01 -3.904113769531250000e-01 -9.999694824218750000e-01
9.999694824218750000e-01 -4.059753417968750000e-01 -9.999694824218750000e-01
9.999694824218750000e-01 -4.059753417968750000e-01 -9.999694824218750000e-01
9.999694824218750000e-01 -4.071655273437500000e-01 -9.999694824218750000e-01
9.999694824218750000e-01 -3.999938964843750000e-01 -9.999694824218750000e-01
9.999694824218750000e-01 -3.856201171875000000e-01 -9.999694824218750000e-01
9.999694824218750000e-01 -3.413085937500000000e-01 -9.999694824218750000e-01
9.999694824218750000e-01 -3.413085937500000000e-01 -9.999694824218750000e-01
9.999694824218750000e-01 -3.281250000000000000e-01 -9.999694824218750000e-01
9.999694824218750000e-01 -3.257446289062500000e-01 -9.999694824218750000e-01
9.999694824218750000e-01 -3.245239257812500000e-01 -9.999694824218750000e-01
9.999694824218750000e-01 -3.245239257812500000e-01 -9.999694824218750000e-01
9.999694824218750000e-01 -3.245239257812500000e-01 -9.999694824218750000e-01
9.999694824218750000e-01 -3.245239257812500000e-01 -9.999694824218750000e-01
9.999694824218750000e-01 -3.245239257812500000e-01 -9.999694824218750000e-01
9.999694824218750000e-01 -3.245239257812500000e-01 -9.999694824218750000e-01
9.999694824218750000e-01 -3.209533691406250000e-01 -9.999694824218750000e-01
9.999694824218750000e-01 -3.221435546875000000e-01 -9.999694824218750000e-01
9.999694824218750000e-01 -3.209533691406250000e-01 -9.999694824218750000e-01
9.999694824218750000e-01 -3.209533691406250000e-01 -9.999694824218750000e-01
9.999694824218750000e-01 -3.544616699218750000e-01 -9.999694824218750000e-01
9.999694824218750000e-01 -3.999938964843750000e-01 -9.999694824218750000e-01
9.999694824218750000e-01 -4.443054199218750000e-01 3.051757812500000000e-05
0.000000000000000000e+00 3.051757812500000000e-05 3.051757812500000000e-05
0.000000000000000000e+00 3.051757812500000000e-05 3.051757812500000000e-05
0.000000000000000000e+00 3.051757812500000000e-05 3.051757812500000000e-05
0.000000000000000000e+00 3.051757812500000000e-05 3.051757812500000000e-05
0.000000000000000000e+00 3.051757812500000000e-05 3.051757812500000000e-05
0.000000000000000000e+00 3.051757812500000000e-05 -3.289794921875000000e-01
0.000000000000000000e+00 3.051757812500000000e-05 -9.999694824218750000e-01
0.000000000000000000e+00 3.051757812500000000e-05 -9.999694824218750000e-01
0.000000000000000000e+00 3.051757812500000000e-05 -9.999694824218750000e-01
0.000000000000000000e+00 3.051757812500000000e-05 -9.999694824218750000e-01
0.000000000000000000e+00 3.051757812500000000e-05 -9.999694824218750000e-01
0.000000000000000000e+00 3.051757812500000000e-05 -9.999694824218750000e-01
0.000000000000000000e+00 3.051757812500000000e-05 -9.999694824218750000e-01
0.000000000000000000e+00 3.051757812500000000e-05 -9.999694824218750000e-01
0.000000000000000000e+00 3.051757812500000000e-05 -9.999694824218750000e-01
0.000000000000000000e+00 3.051757812500000000e-05 -9.999694824218750000e-01
0.000000000000000000e+00 3.051757812500000000e-05 -9.999694824218750000e-01
0.000000000000000000e+00 3.051757812500000000e-05 -9.999694824218750000e-01
0.000000000000000000e+00 3.051757812500000000e-05 -9.999694824218750000e-01
0.000000000000000000e+00 3.051757812500000000e-05 -9.999694824218750000e-01
0.000000000000000000e+00 3.051757812500000000e-05 -9.999694824218750000e-01
0.000000000000000000e+00 3.051757812500000000e-05 -9.999694824218750000e-01
0.000000000000000000e+00 3.051757812500000000e-05 -9.999694824218750000e-01
9.999694824218750000e-01 -2.682495117187500000e-01 -9.999694824218750000e-01
9.999694824218750000e-01 -2.718505859375000000e-01 -9.999694824218750000e-01
9.999694824218750000e-01 -2.778320312500000000e-01 -9.999694824218750000e-01
9.999694824218750000e-01 -2.718505859375000000e-01 -9.999694824218750000e-01
9.999694824218750000e-01 -2.490844726562500000e-01 -9.999694824218750000e-01
9.999694824218750000e-01 -2.419128417968750000e-01 -9.999694824218750000e-01
9.999694824218750000e-01 -2.490844726562500000e-01 -9.999694824218750000e-01
9.999694824218750000e-01 -2.478942871093750000e-01 -9.999694824218750000e-01
9.999694824218750000e-01 -2.454833984375000000e-01 -9.999694824218750000e-01
9.999694824218750000e-01 -2.454833984375000000e-01 -9.999694824218750000e-01
9.999694824218750000e-01 -2.454833984375000000e-01 -9.999694824218750000e-01
9.999694824218750000e-01 -2.454833984375000000e-01 -9.999694824218750000e-01
9.999694824218750000e-01 -2.454833984375000000e-01 -9.999694824218750000e-01
9.999694824218750000e-01 -2.454833984375000000e-01 -9.999694824218750000e-01
9.999694824218750000e-01 -2.454833984375000000e-01 -9.999694824218750000e-01
9.999694824218750000e-01 -2.454833984375000000e-01 -9.999694824218750000e-01
9.999694824218750000e-01 -2.454833984375000000e-01 -9.999694824218750000e-01
9.999694824218750000e-01 -2.454833984375000000e-01 -9.999694824218750000e-01
9.999694824218750000e-01 -3.484802246093750000e-01 -9.999694824218750000e-01
0.000000000000000000e+00 3.051757812500000000e-05 1.152343750000000000e-01
0.000000000000000000e+00 3.051757812500000000e-05 3.051757812500000000e-05
0.000000000000000000e+00 3.051757812500000000e-05 3.051757812500000000e-05
0.000000000000000000e+00 3.051757812500000000e-05 3.051757812500000000e-05
0.000000000000000000e+00 3.051757812500000000e-05 3.051757812500000000e-05
0.000000000000000000e+00 3.051757812500000000e-05 3.051757812500000000e-05
0.000000000000000000e+00 3.051757812500000000e-05 3.051757812500000000e-05
0.000000000000000000e+00 3.051757812500000000e-05 3.051757812500000000e-05
0.000000000000000000e+00 3.051757812500000000e-05 3.051757812500000000e-05
0.000000000000000000e+00 3.051757812500000000e-05 3.051757812500000000e-05
0.000000000000000000e+00 3.051757812500000000e-05 3.051757812500000000e-05
0.000000000000000000e+00 3.051757812500000000e-05 3.051757812500000000e-05
0.000000000000000000e+00 3.051757812500000000e-05 3.051757812500000000e-05
0.000000000000000000e+00 3.051757812500000000e-05 3.051757812500000000e-05
0.000000000000000000e+00 3.051757812500000000e-05 3.051757812500000000e-05
0.000000000000000000e+00 3.051757812500000000e-05 3.051757812500000000e-05
0.000000000000000000e+00 3.051757812500000000e-05 3.051757812500000000e-05
0.000000000000000000e+00 3.051757812500000000e-05 3.051757812500000000e-05
0.000000000000000000e+00 3.051757812500000000e-05 3.051757812500000000e-05
0.000000000000000000e+00 3.051757812500000000e-05 3.051757812500000000e-05
0.000000000000000000e+00 3.051757812500000000e-05 3.051757812500000000e-05
0.000000000000000000e+00 3.051757812500000000e-05 3.051757812500000000e-05
0.000000000000000000e+00 3.051757812500000000e-05 3.051757812500000000e-05
0.000000000000000000e+00 3.051757812500000000e-05 3.051757812500000000e-05
0.000000000000000000e+00 3.051757812500000000e-05 3.051757812500000000e-05
0.000000000000000000e+00 3.051757812500000000e-05 3.051757812500000000e-05
0.000000000000000000e+00 3.051757812500000000e-05 3.051757812500000000e-05
0.000000000000000000e+00 3.051757812500000000e-05 3.051757812500000000e-05
0.000000000000000000e+00 3.051757812500000000e-05 3.051757812500000000e-05
0.000000000000000000e+00 3.051757812500000000e-05 3.051757812500000000e-05
0.000000000000000000e+00 3.051757812500000000e-05 3.051757812500000000e-05
0.000000000000000000e+00 3.051757812500000000e-05 3.051757812500000000e-05
0.000000000000000000e+00 3.051757812500000000e-05 3.051757812500000000e-05
0.000000000000000000e+00 3.051757812500000000e-05 3.051757812500000000e-05
0.000000000000000000e+00 3.051757812500000000e-05 3.051757812500000000e-05
0.000000000000000000e+00 3.051757812500000000e-05 3.051757812500000000e-05
0.000000000000000000e+00 3.051757812500000000e-05 3.051757812500000000e-05
0.000000000000000000e+00 3.051757812500000000e-05 3.051757812500000000e-05
0.000000000000000000e+00 3.051757812500000000e-05 3.051757812500000000e-05
0.000000000000000000e+00 3.051757812500000000e-05 3.051757812500000000e-05
0.000000000000000000e+00 3.051757812500000000e-05 3.051757812500000000e-05
0.000000000000000000e+00 3.051757812500000000e-05 3.051757812500000000e-05
0.000000000000000000e+00 3.051757812500000000e-05 3.051757812500000000e-05
0.000000000000000000e+00 3.051757812500000000e-05 3.051757812500000000e-05
0.000000000000000000e+00 3.051757812500000000e-05 3.051757812500000000e-05
0.000000000000000000e+00 3.051757812500000000e-05 3.051757812500000000e-05
0.000000000000000000e+00 3.051757812500000000e-05 3.051757812500000000e-05
0.000000000000000000e+00 3.051757812500000000e-05 3.051757812500000000e-05
0.000000000000000000e+00 3.051757812500000000e-05 3.051757812500000000e-05
0.000000000000000000e+00 3.051757812500000000e-05 3.051757812500000000e-05
0.000000000000000000e+00 3.051757812500000000e-05 3.051757812500000000e-05
0.000000000000000000e+00 3.051757812500000000e-05 3.051757812500000000e-05
0.000000000000000000e+00 3.051757812500000000e-05 3.051757812500000000e-05
0.000000000000000000e+00 3.051757812500000000e-05 3.051757812500000000e-05
0.000000000000000000e+00 3.051757812500000000e-05 3.051757812500000000e-05
0.000000000000000000e+00 3.051757812500000000e-05 3.051757812500000000e-05
0.000000000000000000e+00 3.051757812500000000e-05 3.051757812500000000e-05
0.000000000000000000e+00 3.051757812500000000e-05 3.051757812500000000e-05
0.000000000000000000e+00 3.051757812500000000e-05 3.051757812500000000e-05
0.000000000000000000e+00 3.051757812500000000e-05 3.051757812500000000e-05
0.000000000000000000e+00 3.051757812500000000e-05 3.051757812500000000e-05
0.000000000000000000e+00 3.051757812500000000e-05 3.051757812500000000e-05
0.000000000000000000e+00 3.051757812500000000e-05 3.051757812500000000e-05
0.000000000000000000e+00 3.051757812500000000e-05 3.051757812500000000e-05
0.000000000000000000e+00 3.051757812500000000e-05 3.051757812500000000e-05
0.000000000000000000e+00 3.051757812500000000e-05 3.051757812500000000e-05
0.000000000000000000e+00 3.051757812500000000e-05 3.051757812500000000e-05
0.000000000000000000e+00 3.051757812500000000e-05 3.051757812500000000e-05
0.000000000000000000e+00 3.051757812500000000e-05 3.051757812500000000e-05
0.000000000000000000e+00 3.051757812500000000e-05 3.051757812500000000e-05
0.000000000000000000e+00 3.051757812500000000e-05 3.051757812500000000e-05
0.000000000000000000e+00 3.051757812500000000e-05 3.051757812500000000e-05
0.000000000000000000e+00 3.051757812500000000e-05 3.051757812500000000e-05
0.000000000000000000e+00 3.051757812500000000e-05 3.051757812500000000e-05
