0.000000000000000000e+00 3.051757812500000000e-05 3.051757812500000000e-05
0.000000000000000000e+00 3.051757812500000000e-05 3.051757812500000000e-05
0.000000000000000000e+00 3.051757812500000000e-05 3.051757812500000000e-05
0.000000000000000000e+00 3.051757812500000000e-05 3.051757812500000000e-05
0.000000000000000000e+00 3.051757812500000000e-05 3.051757812500000000e-05
0.000000000000000000e+00 3.051757812500000000e-05 3.051757812500000000e-05
0.000000000000000000e+00 3.051757812500000000e-05 3.051757812500000000e-05
0.000000000000000000e+00 3.051757812500000000e-05 3.051757812500000000e-05
0.000000000000000000e+00 3.051757812500000000e-05 3.051757812500000000e-05
0.000000000000000000e+00 3.051757812500000000e-05 3.051757812500000000e-05
0.000000000000000000e+00 3.051757812500000000e-05 3.051757812500000000e-05
0.000000000000000000e+00 3.051757812500000000e-05 3.051757812500000000e-05
0.000000000000000000e+00 3.051757812500000000e-05 3.051757812500000000e-05
0.000000000000000000e+00 3.051757812500000000e-05 3.051757812500000000e-05
0.000000000000000000e+00 3.051757812500000000e-05 3.051757812500000000e-05
0.000000000000000000e+00 3.051757812500000000e-05 3.051757812500000000e-05
0.000000000000000000e+00 3.051757812500000000e-05 3.051757812500000000e-05
0.000000000000000000e+00 3.051757812500000000e-05 3.051757812500000000e-05
0.000000000000000000e+00 3.051757812500000000e-05 3.051757812500000000e-05
0.000000000000000000e+00 3.051757812500000000e-05 3.051757812500000000e-05
0.000000000000000000e+00 3.051757812500000000e-05 3.051757812500000000e-05
0.000000000000000000e+00 3.051757812500000000e-05 3.051757812500000000e-05
0.000000000000000000e+00 3.051757812500000000e-05 3.051757812500000000e-05
0.000000000000000000e+00 3.051757812500000000e-05 3.051757812500000000e-05
0.000000000000000000e+00 3.051757812500000000e-05 3.051757812500000000e-05
0.000000000000000000e+00 3.051757812500000000e-05 3.051757812500000000e-05
0.000000000000000000e+00 3.051757812500000000e-05 3.051757812500000000e-05
0.000000000000000000e+00 3.051757812500000000e-05 3.051757812500000000e-05
0.000000000000000000e+00 3.051757812500000000e-05 3.051757812500000000e-05
0.000000000000000000e+00 3.051757812500000000e-05 3.051757812500000000e-05
0.000000000000000000e+00 3.051757812500000000e-05 3.051757812500000000e-05
0.000000000000000000e+00 3.051757812500000000e-05 3.051757812500000000e-05
0.000000000000000000e+00 3.051757812500000000e-05 3.051757812500000000e-05
0.000000000000000000e+00 3.051757812500000000e-05 3.051757812500000000e-05
0.000000000000000000e+00 3.051757812500000000e-05 3.051757812500000000e-05
0.000000000000000000e+00 3.051757812500000000e-05 3.051757812500000000e-05
0.000000000000000000e+00 3.051757812500000000e-05 3.051757812500000000e-05
0.000000000000000000e+00 3.051757812500000000e-05 3.051757812500000000e-05
0.000000000000000000e+00 3.051757812500000000e-05 3.051757812500000000e-05
0.000000000000000000e+00 3.051757812500000000e-05 3.051757812500000000e-05
0.000000000000000000e+00 3.051757812500000000e-05 3.051757812500000000e-05
0.000000000000000000e+00 3.051757812500000000e-05 3.051757812500000000e-05
0.000000000000000000e+00 3.051757812500000000e-05 3.051757812500000000e-05
0.000000000000000000e+00 3.051757812500000000e-05 3.051757812500000000e-05
0.000000000000000000e+00 3.051757812500000000e-05 3.051757812500000000e-05
0.000000000000000000e+00 3.051757812500000000e-05 3.051757812500000000e-05
0.000000000000000000e+00 3.051757812500000000e-05 3.051757812500000000e-05
0.000000000000000000e+00 3.051757812500000000e-05 3.051757812500000000e-05
0.000000000000000000e+00 3.051757812500000000e-05 3.051757812500000000e-05
0.000000000000000000e+00 3.051757812500000000e-05 3.051757812500000000e-05
0.000000000000000000e+00 3.051757812500000000e-05 3.051757812500000000e-05
0.000000000000000000e+00 3.051757812500000000e-05 3.051757812500000000e-05
0.000000000000000000e+00 3.051757812500000000e-05 3.051757812500000000e-05
0.000000000000000000e+00 3.051757812500000000e-05 3.051757812500000000e-05
0.000000000000000000e+00 3.051757812500000000e-05 3.051757812500000000e-05
0.000000000000000000e+00 3.051757812500000000e-05 3.051757812500000000e-05
0.000000000000000000e+00 3.051757812500000000e-05 3.051757812500000000e-05
0.000000000000000000e+00 3.051757812500000000e-05 3.051757812500000000e-05
0.000000000000000000e+00 3.051757812500000000e-05 3.051757812500000000e-05
0.000000000000000000e+00 3.051757812500000000e-05 3.051757812500000000e-05
0.000000000000000000e+00 3.051757812500000000e-05 3.051757812500000000e-05
0.000000000000000000e+00 3.051757812500000000e-05 3.051757812500000000e-05
0.000000000000000000e+00 3.051757812500000000e-05 3.051757812500000000e-05
0.000000000000000000e+00 3.051757812500000000e-05 3.051757812500000000e-05
0.000000000000000000e+00 3.051757812500000000e-05 3.051757812500000000e-05
0.000000000000000000e+00 3.051757812500000000e-05 3.051757812500000000e-05
0.000000000000000000e+00 3.051757812500000000e-05 3.051757812500000000e-05
0.000000000000000000e+00 3.051757812500000000e-05 3.051757812500000000e-05
0.000000000000000000e+00 3.051757812500000000e-05 3.051757812500000000e-05
0.000000000000000000e+00 3.051757812500000000e-05 3.051757812500000000e-05
0.000000000000000000e+00 3.051757812500000000e-05 3.051757812500000000e-05
0.000000000000000000e+00 3.051757812500000000e-05 3.051757812500000000e-05
0.000000000000000000e+00 3.051757812500000000e-05 3.051757812500000000e-05
0.000000000000000000e+00 3.051757812500000000e-05 3.051757812500000000e-05
0.000000000000000000e+00 3.051757812500000000e-05 3.051757812500000000e-05
0.000000000000000000e+00 3.051757812500000000e-05 3.051757812500000000e-05
0.000000000000000000e+00 3.051757812500000000e-05 3.051757812500000000e-05
0.000000000000000000e+00 3.051757812500000000e-05 3.051757812500000000e-05
0.000000000000000000e+00 3.051757812500000000e-05 3.051757812500000000e-05
0.000000000000000000e+00 3.051757812500000000e-05 3.051757812500000000e-05
0.000000000000000000e+00 3.051757812500000000e-05 3.051757812500000000e-05
0.000000000000000000e+00 3.051757812500000000e-05 3.051757812500000000e-05
0.000000000000000000e+00 3.051757812500000000e-05 3.051757812500000000e-05
0.000000000000000000e+00 3.051757812500000000e-05 3.051757812500000000e-05
0.000000000000000000e+00 3.051757812500000000e-05 3.051757812500000000e-05
0.000000000000000000e+00 3.051757812500000000e-05 3.051757812500000000e-05
0.000000000000000000e+00 3.051757812500000000e-05 3.051757812500000000e-05
0.000000000000000000e+00 3.051757812500000000e-05 3.051757812500000000e-05
0.000000000000000000e+00 3.051757812500000000e-05 3.051757812500000000e-05
0.000000000000000000e+00 3.051757812500000000e-05 3.051757812500000000e-05
0.000000000000000000e+00 3.051757812500000000e-05 3.051757812500000000e-05
0.000000000000000000e+00 3.051757812500000000e-05 3.051757812500000000e-05
0.000000000000000000e+00 3.051757812500000000e-05 3.051757812500000000e-05
0.000000000000000000e+00 3.051757812500000000e-05 3.051757812500000000e-05
0.000000000000000000e+00 3.051757812500000000e-05 3.051757812500000000e-05
0.000000000000000000e+00 3.051757812500000000e-05 3.051757812500000000e-05
0.000000000000000000e+00 3.051757812500000000e-05 3.051757812500000000e-05
0.000000000000000000e+00 3.051757812500000000e-05 3.051757812500000000e-05
0.000000000000000000e+00 3.051757812500000000e-05 3.051757812500000000e-05
0.000000000000000000e+00 3.051757812500000000e-05 3.051757812500000000e-05
0.000000000000000000e+00 3.051757812500000000e-05 3.051757812500000000e-05
0.000000000000000000e+00 3.051757812500000000e-05 3.051757812500000000e-05
0.000000000000000000e+00 3.051757812500000000e-05 3.051757812500000000e-05
0.000000000000000000e+00 3.051757812500000000e-05 3.051757812500000000e-05
0.000000000000000000e+00 3.051757812500000000e-05 3.051757812500000000e-05
0.000000000000000000e+00 3.051757812500000000e-05 3.051757812500000000e-05
0.000000000000000000e+00 3.051757812500000000e-05 3.051757812500000000e-05
0.000000000000000000e+00 3.051757812500000000e-05 3.051757812500000000e-05
0.000000000000000000e+00 3.051757812500000000e-05 3.051757812500000000e-05
0.000000000000000000e+00 3.051757812500000000e-05 3.051757812500000000e-05
0.000000000000000000e+00 3.051757812500000000e-05 3.051757812500000000e-05
0.000000000000000000e+00 3.051757812500000000e-05 3.051757812500000000e-05
0.000000000000000000e+00 3.051757812500000000e-05 3.051757812500000000e-05
0.000000000000000000e+00 3.051757812500000000e-05 3.051757812500000000e-05
0.000000000000000000e+00 3.051757812500000000e-05 3.051757812500000000e-05
0.000000000000000000e+00 3.051757812500000000e-05 3.051757812500000000e-05
0.000000000000000000e+00 3.051757812500000000e-05 3.051757812500000000e-05
0.000000000000000000e+00 3.051757812500000000e-05 3.051757812500000000e-05
0.000000000000000000e+00 3.051757812500000000e-05 3.051757812500000000e-05
0.000000000000000000e+00 3.051757812500000000e-05 3.051757812500000000e-05
0.000000000000000000e+00 3.051757812500000000e-05 3.051757812500000000e-05
0.000000000000000000e+00 3.051757812500000000e-05 3.051757812500000000e-05
0.000000000000000000e+00 3.051757812500000000e-05 3.051757812500000000e-05
0.000000000000000000e+00 3.051757812500000000e-05 3.051757812500000000e-05
0.000000000000000000e+00 3.051757812500000000e-05 3.051757812500000000e-05
0.000000000000000000e+00 3.051757812500000000e-05 3.051757812500000000e-05
0.000000000000000000e+00 3.051757812500000000e-05 3.051757812500000000e-05
0.000000000000000000e+00 3.051757812500000000e-05 3.051757812500000000e-05
0.000000000000000000e+00 3.051757812500000000e-05 3.051757812500000000e-05
0.000000000000000000e+00 3.051757812500000000e-05 3.051757812500000000e-05
0.000000000000000000e+00 3.051757812500000000e-05 3.051757812500000000e-05
0.000000000000000000e+00 3.051757812500000000e-05 3.051757812500000000e-05
0.000000000000000000e+00 3.051757812500000000e-05 3.051757812500000000e-05
0.000000000000000000e+00 3.051757812500000000e-05 3.051757812500000000e-05
0.000000000000000000e+00 3.051757812500000000e-05 3.051757812500000000e-05
0.000000000000000000e+00 3.051757812500000000e-05 3.051757812500000000e-05
0.000000000000000000e+00 3.051757812500000000e-05 3.051757812500000000e-05
0.000000000000000000e+00 3.051757812500000000e-05 3.051757812500000000e-05
0.000000000000000000e+00 3.051757812500000000e-05 3.051757812500000000e-05
0.000000000000000000e+00 3.051757812500000000e-05 3.051757812500000000e-05
0.000000000000000000e+00 3.051757812500000000e-05 3.051757812500000000e-05
0.000000000000000000e+00 3.051757812500000000e-05 3.051757812500000000e-05
0.000000000000000000e+00 3.051757812500000000e-05 3.051757812500000000e-05
0.000000000000000000e+00 3.051757812500000000e-05 3.051757812500000000e-05
0.000000000000000000e+00 3.051757812500000000e-05 3.051757812500000000e-05
0.000000000000000000e+00 3.051757812500000000e-05 3.051757812500000000e-05
0.000000000000000000e+00 3.051757812500000000e-05 3.051757812500000000e-05
0.000000000000000000e+00 3.051757812500000000e-05 3.051757812500000000e-05
0.000000000000000000e+00 3.051757812500000000e-05 3.051757812500000000e-05
0.000000000000000000e+00 3.051757812500000000e-05 3.051757812500000000e-05
0.000000000000000000e+00 3.051757812500000000e-05 3.051757812500000000e-05
0.000000000000000000e+00 3.051757812500000000e-05 3.051757812500000000e-05
0.000000000000000000e+00 3.051757812500000000e-05 3.051757812500000000e-05
0.000000000000000000e+00 3.051757812500000000e-05 3.051757812500000000e-05
0.000000000000000000e+00 3.051757812500000000e-05 3.051757812500000000e-05
0.000000000000000000e+00 3.051757812500000000e-05 3.051757812500000000e-05
0.000000000000000000e+00 3.051757812500000000e-05 3.051757812500000000e-05
0.000000000000000000e+00 3.051757812500000000e-05 3.051757812500000000e-05
0.000000000000000000e+00 3.051757812500000000e-05 3.051757812500000000e-05
0.000000000000000000e+00 3.051757812500000000e-05 3.051757812500000000e-05
0.000000000000000000e+00 3.051757812500000000e-05 3.051757812500000000e-05
0.000000000000000000e+00 3.051757812500000000e-05 3.051757812500000000e-05
0.000000000000000000e+00 3.051757812500000000e-05 3.051757812500000000e-05
0.000000000000000000e+00 3.051757812500000000e-05 3.051757812500000000e-05
0.000000000000000000e+00 3.051757812500000000e-05 3.051757812500000000e-05
0.000000000000000000e+00 3.051757812500000000e-05 3.051757812500000000e-05
0.000000000000000000e+00 3.051757812500000000e-05 3.051757812500000000e-05
0.000000000000000000e+00 3.051757812500000000e-05 3.051757812500000000e-05
0.000000000000000000e+00 3.051757812500000000e-05 3.051757812500000000e-05
0.000000000000000000e+00 3.051757812500000000e-05 3.051757812500000000e-05
0.000000000000000000e+00 3.051757812500000000e-05 3.051757812500000000e-05
0.000000000000000000e+00 3.051757812500000000e-05 3.051757812500000000e-05
0.000000000000000000e+00 3.051757812500000000e-05 3.051757812500000000e-05
0.000000000000000000e+00 3.051757812500000000e-05 3.051757812500000000e-05
0.000000000000000000e+00 3.051757812500000000e-05 3.051757812500000000e-05
0.000000000000000000e+00 3.051757812500000000e-05 3.051757812500000000e-05
0.000000000000000000e+00 3.051757812500000000e-05 3.051757812500000000e-05
0.000000000000000000e+00 3.051757812500000000e-05 3.051757812500000000e-05
0.000000000000000000e+00 3.051757812500000000e-05 3.051757812500000000e-05
0.000000000000000000e+00 3.051757812500000000e-05 3.051757812500000000e-05
0.000000000000000000e+00 3.051757812500000000e-05 3.051757812500000000e-05
0.000000000000000000e+00 3.051757812500000000e-05 3.051757812500000000e-05
0.000000000000000000e+00 3.051757812500000000e-05 3.051757812500000000e-05
0.000000000000000000e+00 3.051757812500000000e-05 3.051757812500000000e-05
0.000000000000000000e+00 3.051757812500000000e-05 3.051757812500000000e-05
0.000000000000000000e+00 3.051757812500000000e-05 3.051757812500000000e-05
0.000000000000000000e+00 3.051757812500000000e-05 3.051757812500000000e-05
0.000000000000000000e+00 3.051757812500000000e-05 3.051757812500000000e-05
0.000000000000000000e+00 3.051757812500000000e-05 3.051757812500000000e-05
0.000000000000000000e+00 3.051757812500000000e-05 3.051757812500000000e-05
0.000000000000000000e+00 3.051757812500000000e-05 3.051757812500000000e-05
0.000000000000000000e+00 3.051757812500000000e-05 3.051757812500000000e-05
0.000000000000000000e+00 3.051757812500000000e-05 3.051757812500000000e-05
0.000000000000000000e+00 3.051757812500000000e-05 3.051757812500000000e-05
0.000000000000000000e+00 3.051757812500000000e-05 3.051757812500000000e-05
0.000000000000000000e+00 3.051757812500000000e-05 3.051757812500000000e-05
0.000000000000000000e+00 3.051757812500000000e-05 3.051757812500000000e-05
0.000000000000000000e+00 3.051757812500000000e-05 3.051757812500000000e-05
0.000000000000000000e+00 3.051757812500000000e-05 3.051757812500000000e-05
0.000000000000000000e+00 3.051757812500000000e-05 3.051757812500000000e-05
0.000000000000000000e+00 3.051757812500000000e-05 3.051757812500000000e-05
0.000000000000000000e+00 3.051757812500000000e-05 3.051757812500000000e-05
0.000000000000000000e+00 3.051757812500000000e-05 3.051757812500000000e-05
0.000000000000000000e+00 3.051757812500000000e-05 3.051757812500000000e-05
0.000000000000000000e+00 3.051757812500000000e-05 3.051757812500000000e-05
0.000000000000000000e+00 3.051757812500000000e-05 3.051757812500000000e-05
0.000000000000000000e+00 3.051757812500000000e-05 3.051757812500000000e-05
0.000000000000000000e+00 3.051757812500000000e-05 3.051757812500000000e-05
0.000000000000000000e+00 3.051757812500000000e-05 3.051757812500000000e-05
0.000000000000000000e+00 3.051757812500000000e-05 3.051757812500000000e-05
0.000000000000000000e+00 3.051757812500000000e-05 3.051757812500000000e-05
0.000000000000000000e+00 3.051757812500000000e-05 3.051757812500000000e-05
0.000000000000000000e+00 3.051757812500000000e-05 3.051757812500000000e-05
0.000000000000000000e+00 3.051757812500000000e-05 3.051757812500000000e-05
0.000000000000000000e+00 3.051757812500000000e-05 3.051757812500000000e-05
0.000000000000000000e+00 3.051757812500000000e-05 3.051757812500000000e-05
0.000000000000000000e+00 3.051757812500000000e-05 3.051757812500000000e-05
0.000000000000000000e+00 3.051757812500000000e-05 3.051757812500000000e-05
0.000000000000000000e+00 3.051757812500000000e-05 3.051757812500000000e-05
0.000000000000000000e+00 3.051757812500000000e-05 3.051757812500000000e-05
0.000000000000000000e+00 3.051757812500000000e-05 3.051757812500000000e-05
0.000000000000000000e+00 3.051757812500000000e-05 3.051757812500000000e-05
0.000000000000000000e+00 3.051757812500000000e-05 3.051757812500000000e-05
0.000000000000000000e+00 3.051757812500000000e-05 3.051757812500000000e-05
0.000000000000000000e+00 3.051757812500000000e-05 3.051757812500000000e-05
0.000000000000000000e+00 3.051757812500000000e-05 3.051757812500000000e-05
0.000000000000000000e+00 3.051757812500000000e-05 3.051757812500000000e-05
0.000000000000000000e+00 3.051757812500000000e-05 3.051757812500000000e-05
0.000000000000000000e+00 3.051757812500000000e-05 3.051757812500000000e-05
0.000000000000000000e+00 3.051757812500000000e-05 3.051757812500000000e-05
0.000000000000000000e+00 3.051757812500000000e-05 3.051757812500000000e-05
0.000000000000000000e+00 3.051757812500000000e-05 3.051757812500000000e-05
0.000000000000000000e+00 3.051757812500000000e-05 3.051757812500000000e-05
0.000000000000000000e+00 3.051757812500000000e-05 3.051757812500000000e-05
0.000000000000000000e+00 3.051757812500000000e-05 3.051757812500000000e-05
0.000000000000000000e+00 3.051757812500000000e-05 3.051757812500000000e-05
0.000000000000000000e+00 3.051757812500000000e-05 3.051757812500000000e-05
0.000000000000000000e+00 3.051757812500000000e-05 3.051757812500000000e-05
0.000000000000000000e+00 3.051757812500000000e-05 3.051757812500000000e-05
0.000000000000000000e+00 3.051757812500000000e-05 3.051757812500000000e-05
0.000000000000000000e+00 3.051757812500000000e-05 3.051757812500000000e-05
0.000000000000000000e+00 3.051757812500000000e-05 3.051757812500000000e-05
0.000000000000000000e+00 3.051757812500000000e-05 3.051757812500000000e-05
0.000000000000000000e+00 3.051757812500000000e-05 3.051757812500000000e-05
0.000000000000000000e+00 3.051757812500000000e-05 3.051757812500000000e-05
0.000000000000000000e+00 3.051757812500000000e-05 3.051757812500000000e-05
0.000000000000000000e+00 3.051757812500000000e-05 3.051757812500000000e-05
0.000000000000000000e+00 6.448364257812500000e-02 3.051757812500000000e-05
1.871032714843750000e-01 1.000000000000000000e+00 3.051757812500000000e-05
3.008728027343750000e-01 1.000000000000000000e+00 3.051757812500000000e-05
3.008728027343750000e-01 1.000000000000000000e+00 3.051757812500000000e-05
3.008728027343750000e-01 1.000000000000000000e+00 3.051757812500000000e-05
3.008728027343750000e-01 1.000000000000000000e+00 3.051757812500000000e-05
3.008728027343750000e-01 1.000000000000000000e+00 3.051757812500000000e-05
3.008728027343750000e-01 1.000000000000000000e+00 3.051757812500000000e-05
3.008728027343750000e-01 1.000000000000000000e+00 3.051757812500000000e-05
3.008728027343750000e-01 1.000000000000000000e+00 3.051757812500000000e-05
3.008728027343750000e-01 1.000000000000000000e+00 3.051757812500000000e-05
3.008728027343750000e-01 1.000000000000000000e+00 3.051757812500000000e-05
2.065734863281250000e-01 1.000000000000000000e+00 3.051757812500000000e-05
1.392211914062500000e-01 1.000000000000000000e+00 3.051757812500000000e-05
0.000000000000000000e+00 1.000000000000000000e+00 3.051757812500000000e-05
0.000000000000000000e+00 1.000000000000000000e+00 3.051757812500000000e-05
-1.111145019531250000e-01 1.000000000000000000e+00 3.051757812500000000e-05
-2.761840820312500000e-01 1.000000000000000000e+00 3.051757812500000000e-05
-2.750854492187500000e-01 1.000000000000000000e+00 3.051757812500000000e-05
-1.943969726562500000e-02 1.000000000000000000e+00 3.051757812500000000e-05
0.000000000000000000e+00 1.000000000000000000e+00 3.051757812500000000e-05
0.000000000000000000e+00 1.000000000000000000e+00 3.051757812500000000e-05
0.000000000000000000e+00 1.000000000000000000e+00 3.051757812500000000e-05
0.000000000000000000e+00 1.000000000000000000e+00 3.051757812500000000e-05
0.000000000000000000e+00 1.000000000000000000e+00 3.051757812500000000e-05
0.000000000000000000e+00 1.000000000000000000e+00 3.051757812500000000e-05
0.000000000000000000e+00 1.000000000000000000e+00 3.051757812500000000e-05
0.000000000000000000e+00 1.000000000000000000e+00 3.051757812500000000e-05
0.000000000000000000e+00 1.000000000000000000e+00 3.051757812500000000e-05
0.000000000000000000e+00 1.000000000000000000e+00 3.051757812500000000e-05
0.000000000000000000e+00 1.000000000000000000e+00 3.051757812500000000e-05
0.000000000000000000e+00 1.000000000000000000e+00 3.051757812500000000e-05
0.000000000000000000e+00 1.000000000000000000e+00 3.051757812500000000e-05
0.000000000000000000e+00 1.000000000000000000e+00 3.051757812500000000e-05
0.000000000000000000e+00 1.000000000000000000e+00 3.051757812500000000e-05
0.000000000000000000e+00 3.051757812500000000e-05 3.051757812500000000e-05
0.000000000000000000e+00 3.051757812500000000e-05 3.051757812500000000e-05
0.000000000000000000e+00 3.051757812500000000e-05 3.051757812500000000e-05
0.000000000000000000e+00 3.051757812500000000e-05 3.051757812500000000e-05
0.000000000000000000e+00 3.051757812500000000e-05 3.051757812500000000e-05
0.000000000000000000e+00 3.051757812500000000e-05 3.051757812500000000e-05
0.000000000000000000e+00 3.051757812500000000e-05 3.051757812500000000e-05
-1.403808593750000000e-02 2.987060546875000000e-01 3.051757812500000000e-05
-6.689453125000000000e-02 1.000000000000000000e+00 3.051757812500000000e-05
-2.374267578125000000e-02 1.000000000000000000e+00 3.051757812500000000e-05
-2.157592773437500000e-02 1.000000000000000000e+00 3.051757812500000000e-05
-1.943969726562500000e-02 1.000000000000000000e+00 3.051757812500000000e-05
-2.374267578125000000e-02 1.000000000000000000e+00 3.051757812500000000e-05
-2.374267578125000000e-02 1.000000000000000000e+00 3.051757812500000000e-05
-2.374267578125000000e-02 1.000000000000000000e+00 3.051757812500000000e-05
-2.374267578125000000e-02 1.000000000000000000e+00 3.051757812500000000e-05
-2.374267578125000000e-02 1.000000000000000000e+00 3.051757812500000000e-05
-2.374267578125000000e-02 1.000000000000000000e+00 3.051757812500000000e-05
-2.374267578125000000e-02 1.000000000000000000e+00 3.051757812500000000e-05
-2.374267578125000000e-02 1.000000000000000000e+00 3.051757812500000000e-05
-2.374267578125000000e-02 1.000000000000000000e+00 3.051757812500000000e-05
-2.374267578125000000e-02 1.000000000000000000e+00 3.051757812500000000e-05
-2.374267578125000000e-02 1.000000000000000000e+00 3.051757812500000000e-05
-2.374267578125000000e-02 1.000000000000000000e+00 3.051757812500000000e-05
-2.374267578125000000e-02 1.000000000000000000e+00 3.051757812500000000e-05
-2.374267578125000000e-02 1.000000000000000000e+00 3.051757812500000000e-05
-2.374267578125000000e-02 1.000000000000000000e+00 3.051757812500000000e-05
-2.374267578125000000e-02 1.000000000000000000e+00 3.051757812500000000e-05
-2.374267578125000000e-02 1.000000000000000000e+00 3.051757812500000000e-05
-1.296997070312500000e-02 2.039489746093750000e-01 3.051757812500000000e-05
0.000000000000000000e+00 3.051757812500000000e-05 3.051757812500000000e-05
0.000000000000000000e+00 3.051757812500000000e-05 3.051757812500000000e-05
0.000000000000000000e+00 3.051757812500000000e-05 3.051757812500000000e-05
0.000000000000000000e+00 3.051757812500000000e-05 3.051757812500000000e-05
0.000000000000000000e+00 3.051757812500000000e-05 3.051757812500000000e-05
0.000000000000000000e+00 3.051757812500000000e-05 3.051757812500000000e-05
0.000000000000000000e+00 3.051757812500000000e-05 3.051757812500000000e-05
0.000000000000000000e+00 3.051757812500000000e-05 3.051757812500000000e-05
0.000000000000000000e+00 3.051757812500000000e-05 3.051757812500000000e-05
0.000000000000000000e+00 -9.460449218750000000e-02 3.051757812500000000e-05
1.841125488281250000e-01 -7.185363769531250000e-01 3.051757812500000000e-05
6.437072753906250000e-01 -9.772338867187500000e-01 3.051757812500000000e-05
8.128662109375000000e-01 -8.778381347656250000e-01 3.051757812500000000e-05
9.835205078125000000e-01 -6.455078125000000000e-01 3.051757812500000000e-05
9.999694824218750000e-01 -4.790344238281250000e-01 3.051757812500000000e-05
9.999694824218750000e-01 -3.472900390625000000e-01 3.051757812500000000e-05
9.999694824218750000e-01 -2.526855468750000000e-01 3.051757812500000000e-05
9.999694824218750000e-01 -1.101684570312500000e-01 3.051757812500000000e-05
9.999694824218750000e-01 -2.752685546875000000e-02 3.051757812500000000e-05
9.999694824218750000e-01 3.051757812500000000e-05 3.051757812500000000e-05
9.999694824218750000e-01 3.051757812500000000e-05 3.051757812500000000e-05
9.999694824218750000e-01 3.051757812500000000e-05 3.051757812500000000e-05
9.999694824218750000e-01 3.051757812500000000e-05 3.051757812500000000e-05
9.999694824218750000e-01 3.051757812500000000e-05 3.051757812500000000e-05
9.999694824218750000e-01 3.051757812500000000e-05 3.051757812500000000e-05
9.999694824218750000e-01 -2.035522460937500000e-02 3.051757812500000000e-05
9.999694824218750000e-01 -7.662963867187500000e-02 3.051757812500000000e-05
9.999694824218750000e-01 -9.579467773437500000e-02 3.051757812500000000e-05
9.999694824218750000e-01 -9.338378906250000000e-02 3.051757812500000000e-05
9.999694824218750000e-01 -9.219360351562500000e-02 3.051757812500000000e-05
9.999694824218750000e-01 -9.219360351562500000e-02 3.051757812500000000e-05
9.999694824218750000e-01 -4.428100585937500000e-02 3.051757812500000000e-05
9.999694824218750000e-01 -2.752685546875000000e-02 3.051757812500000000e-05
9.999694824218750000e-01 -1.675415039062500000e-02 3.051757812500000000e-05
9.999694824218750000e-01 3.051757812500000000e-05 3.051757812500000000e-05
9.999694824218750000e-01 3.051757812500000000e-05 3.051757812500000000e-05
9.999694824218750000e-01 3.051757812500000000e-05 3.051757812500000000e-05
9.999694824218750000e-01 3.051757812500000000e-05 3.051757812500000000e-05
9.999694824218750000e-01 3.051757812500000000e-05 3.051757812500000000e-05
9.999694824218750000e-01 3.051757812500000000e-05 3.051757812500000000e-05
9.999694824218750000e-01 3.051757812500000000e-05 3.051757812500000000e-05
9.999694824218750000e-01 3.051757812500000000e-05 3.051757812500000000e-05
9.999694824218750000e-01 3.051757812500000000e-05 3.051757812500000000e-05
9.999694824218750000e-01 3.051757812500000000e-05 3.051757812500000000e-05
9.999694824218750000e-01 2.236938476562500000e-02 3.051757812500000000e-05
9.999694824218750000e-01 8.029174804687500000e-02 3.051757812500000000e-05
9.999694824218750000e-01 1.171264648437500000e-01 3.051757812500000000e-05
9.999694824218750000e-01 1.802673339843750000e-01 3.051757812500000000e-05
9.999694824218750000e-01 2.118530273437500000e-01 3.051757812500000000e-05
9.999694824218750000e-01 2.934265136718750000e-01 3.051757812500000000e-05
9.999694824218750000e-01 3.592224121093750000e-01 3.051757812500000000e-05
9.999694824218750000e-01 3.618469238281250000e-01 3.051757812500000000e-05
9.999694824218750000e-01 5.013427734375000000e-01 3.051757812500000000e-05
9.999694824218750000e-01 6.250000000000000000e-01 3.051757812500000000e-05
9.999694824218750000e-01 7.460632324218750000e-01 3.051757812500000000e-05
9.999694824218750000e-01 7.868652343750000000e-01 3.051757812500000000e-05
9.999694824218750000e-01 7.828979492187500000e-01 3.051757812500000000e-05
9.999694824218750000e-01 7.828979492187500000e-01 3.051757812500000000e-05
9.999694824218750000e-01 7.828979492187500000e-01 3.051757812500000000e-05
9.999694824218750000e-01 7.000122070312500000e-01 3.051757812500000000e-05
9.999694824218750000e-01 7.026367187500000000e-01 3.051757812500000000e-05
9.999694824218750000e-01 7.092285156250000000e-01 3.051757812500000000e-05
9.999694824218750000e-01 8.105468750000000000e-01 3.051757812500000000e-05
9.999694824218750000e-01 9.592285156250000000e-01 3.051757812500000000e-05
8.757324218750000000e-01 1.000000000000000000e+00 3.051757812500000000e-05
5.553588867187500000e-01 1.000000000000000000e+00 3.051757812500000000e-05
2.050781250000000000e-01 1.000000000000000000e+00 3.051757812500000000e-05
1.841125488281250000e-01 1.000000000000000000e+00 3.051757812500000000e-05
1.122741699218750000e-01 1.000000000000000000e+00 3.051757812500000000e-05
4.040527343750000000e-02 1.000000000000000000e+00 3.051757812500000000e-05
3.292846679687500000e-02 1.000000000000000000e+00 3.051757812500000000e-05
3.292846679687500000e-02 1.000000000000000000e+00 3.051757812500000000e-05
3.143310546875000000e-02 1.000000000000000000e+00 3.051757812500000000e-05
7.333374023437500000e-02 1.000000000000000000e+00 3.051757812500000000e-05
7.632446289062500000e-02 1.000000000000000000e+00 3.051757812500000000e-05
7.632446289062500000e-02 1.000000000000000000e+00 3.051757812500000000e-05
7.632446289062500000e-02 1.000000000000000000e+00 3.051757812500000000e-05
7.632446289062500000e-02 1.000000000000000000e+00 3.051757812500000000e-05
1.943969726562500000e-02 1.000000000000000000e+00 3.051757812500000000e-05
1.943969726562500000e-02 1.000000000000000000e+00 3.051757812500000000e-05
1.943969726562500000e-02 1.000000000000000000e+00 3.051757812500000000e-05
1.943969726562500000e-02 1.000000000000000000e+00 3.051757812500000000e-05
1.943969726562500000e-02 1.000000000000000000e+00 3.051757812500000000e-05
1.943969726562500000e-02 1.000000000000000000e+00 3.051757812500000000e-05
1.943969726562500000e-02 1.000000000000000000e+00 3.051757812500000000e-05
1.943969726562500000e-02 1.000000000000000000e+00 3.051757812500000000e-05
1.943969726562500000e-02 1.000000000000000000e+00 3.051757812500000000e-05
1.943969726562500000e-02 1.000000000000000000e+00 3.051757812500000000e-05
1.943969726562500000e-02 1.000000000000000000e+00 3.051757812500000000e-05
1.943969726562500000e-02 1.000000000000000000e+00 3.051757812500000000e-05
1.943969726562500000e-02 1.000000000000000000e+00 3.051757812500000000e-05
1.943969726562500000e-02 1.000000000000000000e+00 3.051757812500000000e-05
1.943969726562500000e-02 1.000000000000000000e+00 3.051757812500000000e-05
1.943969726562500000e-02 1.000000000000000000e+00 3.051757812500000000e-05
1.943969726562500000e-02 1.000000000000000000e+00 3.051757812500000000e-05
1.943969726562500000e-02 1.000000000000000000e+00 3.051757812500000000e-05
1.943969726562500000e-02 1.000000000000000000e+00 3.051757812500000000e-05
1.943969726562500000e-02 1.000000000000000000e+00 3.051757812500000000e-05
1.943969726562500000e-02 1.000000000000000000e+00 3.051757812500000000e-05
1.644897460937500000e-02 1.000000000000000000e+00 3.051757812500000000e-05
1.794433593750000000e-02 1.000000000000000000e+00 -1.130371093750000000e-01
1.345825195312500000e-02 1.000000000000000000e+00 -9.999694824218750000e-01
1.345825195312500000e-02 1.000000000000000000e+00 -9.999694824218750000e-01
1.345825195312500000e-02 1.000000000000000000e+00 -9.999694824218750000e-01
1.345825195312500000e-02 1.000000000000000000e+00 -9.999694824218750000e-01
1.345825195312500000e-02 1.000000000000000000e+00 -9.999694824218750000e-01
0.000000000000000000e+00 1.000000000000000000e+00 -9.999694824218750000e-01
0.000000000000000000e+00 1.000000000000000000e+00 -9.999694824218750000e-01
0.000000000000000000e+00 1.000000000000000000e+00 -9.999694824218750000e-01
0.000000000000000000e+00 1.000000000000000000e+00 -9.999694824218750000e-01
0.000000000000000000e+00 1.000000000000000000e+00 -9.999694824218750000e-01
0.000000000000000000e+00 1.000000000000000000e+00 -9.999694824218750000e-01
0.000000000000000000e+00 1.000000000000000000e+00 -9.999694824218750000e-01
-2.484130859375000000e-02 9.394836425781250000e-01 -9.999694824218750000e-01
-6.365966796875000000e-02 5.644836425781250000e-01 -9.999694824218750000e-01
-1.262207031250000000e-01 3.565979003906250000e-01 -9.999694824218750000e-01
-1.337890625000000000e-01 4.302673339843750000e-01 -9.999694824218750000e-01
-9.817504882812500000e-02 6.065979003906250000e-01 -9.999694824218750000e-01
-9.277343750000000000e-02 8.000183105468750000e-01 -9.999694824218750000e-01
-9.170532226562500000e-02 8.486938476562500000e-01 -9.999694824218750000e-01
-9.170532226562500000e-02 8.329162597656250000e-01 -9.999694824218750000e-01
-1.326904296875000000e-01 7.644958496093750000e-01 -9.999694824218750000e-01
-1.359252929687500000e-01 6.644897460937500000e-01 -9.999694824218750000e-01
-1.359252929687500000e-01 6.158142089843750000e-01 -9.999694824218750000e-01
-1.359252929687500000e-01 6.118469238281250000e-01 -9.999694824218750000e-01
-1.359252929687500000e-01 5.881652832031250000e-01 -9.999694824218750000e-01
-1.283874511718750000e-01 4.842224121093750000e-01 -9.999694824218750000e-01
-1.219177246093750000e-01 3.631591796875000000e-01 -9.999694824218750000e-01
-1.154479980468750000e-01 3.000183105468750000e-01 -9.999694824218750000e-01
-1.175842285156250000e-01 1.565856933593750000e-01 -9.999694824218750000e-01
-1.175842285156250000e-01 5.279541015625000000e-03 -9.999694824218750000e-01
-1.175842285156250000e-01 3.051757812500000000e-05 -9.999694824218750000e-01
-1.175842285156250000e-01 3.051757812500000000e-05 -9.999694824218750000e-01
-1.175842285156250000e-01 3.555297851562500000e-02 -9.999694824218750000e-01
-2.028198242187500000e-01 8.816528320312500000e-02 -9.999694824218750000e-01
-2.546081542968750000e-01 1.381835937500000000e-01 -9.999694824218750000e-01
-2.632446289062500000e-01 1.487121582031250000e-01 -9.999694824218750000e-01
-6.871643066406250000e-01 3.302917480468750000e-01 -9.999694824218750000e-01
-1.000000000000000000e+00 5.223693847656250000e-01 -9.999694824218750000e-01
-1.000000000000000000e+00 5.881652832031250000e-01 -9.999694824218750000e-01
-1.000000000000000000e+00 6.829223632812500000e-01 -9.999694824218750000e-01
-9.946289062500000000e-01 7.500000000000000000e-01 -9.999694824218750000e-01
-9.967651367187500000e-01 7.565917968750000000e-01 -9.999694824218750000e-01
-9.881591796875000000e-01 7.565917968750000000e-01 -9.999694824218750000e-01
0.000000000000000000e+00 3.051757812500000000e-05 -9.999694824218750000e-01
0.000000000000000000e+00 3.051757812500000000e-05 -9.999694824218750000e-01
0.000000000000000000e+00 3.051757812500000000e-05 -9.999694824218750000e-01
0.000000000000000000e+00 3.051757812500000000e-05 -9.999694824218750000e-01
0.000000000000000000e+00 3.051757812500000000e-05 3.051757812500000000e-05
0.000000000000000000e+00 3.051757812500000000e-05 3.051757812500000000e-05
0.000000000000000000e+00 3.051757812500000000e-05 3.051757812500000000e-05
0.000000000000000000e+00 3.051757812500000000e-05 3.051757812500000000e-05
0.000000000000000000e+00 3.051757812500000000e-05 3.051757812500000000e-05
0.000000000000000000e+00 3.051757812500000000e-05 3.051757812500000000e-05
0.000000000000000000e+00 3.051757812500000000e-05 -3.637390136718750000e-01
0.000000000000000000e+00 3.051757812500000000e-05 -9.999694824218750000e-01
0.000000000000000000e+00 3.051757812500000000e-05 -9.999694824218750000e-01
0.000000000000000000e+00 3.051757812500000000e-05 -9.999694824218750000e-01
0.000000000000000000e+00 3.051757812500000000e-05 -9.999694824218750000e-01
0.000000000000000000e+00 3.051757812500000000e-05 -9.999694824218750000e-01
0.000000000000000000e+00 3.051757812500000000e-05 -9.999694824218750000e-01
0.000000000000000000e+00 3.051757812500000000e-05 -9.999694824218750000e-01
0.000000000000000000e+00 3.051757812500000000e-05 -9.999694824218750000e-01
0.000000000000000000e+00 3.051757812500000000e-05 -9.999694824218750000e-01
0.000000000000000000e+00 3.051757812500000000e-05 -9.999694824218750000e-01
0.000000000000000000e+00 3.051757812500000000e-05 -9.999694824218750000e-01
0.000000000000000000e+00 3.051757812500000000e-05 -9.999694824218750000e-01
0.000000000000000000e+00 3.051757812500000000e-05 -9.999694824218750000e-01
0.000000000000000000e+00 3.051757812500000000e-05 -9.999694824218750000e-01
0.000000000000000000e+00 3.051757812500000000e-05 -9.999694824218750000e-01
0.000000000000000000e+00 3.051757812500000000e-05 -9.999694824218750000e-01
0.000000000000000000e+00 3.051757812500000000e-05 -9.999694824218750000e-01
0.000000000000000000e+00 3.051757812500000000e-05 -9.999694824218750000e-01
0.000000000000000000e+00 3.051757812500000000e-05 -9.999694824218750000e-01
0.000000000000000000e+00 3.051757812500000000e-05 -9.999694824218750000e-01
0.000000000000000000e+00 3.051757812500000000e-05 -9.999694824218750000e-01
0.000000000000000000e+00 3.051757812500000000e-05 -9.999694824218750000e-01
0.000000000000000000e+00 3.051757812500000000e-05 -9.999694824218750000e-01
0.000000000000000000e+00 3.051757812500000000e-05 -9.999694824218750000e-01
0.000000000000000000e+00 3.051757812500000000e-05 -9.999694824218750000e-01
1.526794433593750000e-01 3.051757812500000000e-05 -9.999694824218750000e-01
8.966979980468750000e-01 -2.047729492187500000e-01 -9.999694824218750000e-01
9.999694824218750000e-01 -2.467041015625000000e-01 -9.999694824218750000e-01
0.000000000000000000e+00 3.051757812500000000e-05 -9.999694824218750000e-01
0.000000000000000000e+00 3.051757812500000000e-05 -9.999694824218750000e-01
0.000000000000000000e+00 3.051757812500000000e-05 3.051757812500000000e-05
0.000000000000000000e+00 3.051757812500000000e-05 3.051757812500000000e-05
0.000000000000000000e+00 3.051757812500000000e-05 3.051757812500000000e-05
0.000000000000000000e+00 3.051757812500000000e-05 3.051757812500000000e-05
0.000000000000000000e+00 3.051757812500000000e-05 3.051757812500000000e-05
0.000000000000000000e+00 3.051757812500000000e-05 3.051757812500000000e-05
0.000000000000000000e+00 3.051757812500000000e-05 3.051757812500000000e-05
0.000000000000000000e+00 3.051757812500000000e-05 3.051757812500000000e-05
0.000000000000000000e+00 3.051757812500000000e-05 3.051757812500000000e-05
0.000000000000000000e+00 3.051757812500000000e-05 3.051757812500000000e-05
0.000000000000000000e+00 3.051757812500000000e-05 3.051757812500000000e-05
0.000000000000000000e+00 3.051757812500000000e-05 3.051757812500000000e-05
0.000000000000000000e+00 3.051757812500000000e-05 3.051757812500000000e-05
0.000000000000000000e+00 3.051757812500000000e-05 3.051757812500000000e-05
0.000000000000000000e+00 3.051757812500000000e-05 3.051757812500000000e-05
0.000000000000000000e+00 3.051757812500000000e-05 3.051757812500000000e-05
0.000000000000000000e+00 3.051757812500000000e-05 3.051757812500000000e-05
0.000000000000000000e+00 3.051757812500000000e-05 3.051757812500000000e-05
0.000000000000000000e+00 3.051757812500000000e-05 3.051757812500000000e-05
0.000000000000000000e+00 3.051757812500000000e-05 3.051757812500000000e-05
0.000000000000000000e+00 3.051757812500000000e-05 3.051757812500000000e-05
0.000000000000000000e+00 3.051757812500000000e-05 3.051757812500000000e-05
0.000000000000000000e+00 3.051757812500000000e-05 3.051757812500000000e-05
0.000000000000000000e+00 3.051757812500000000e-05 3.051757812500000000e-05
0.000000000000000000e+00 3.051757812500000000e-05 3.051757812500000000e-05
0.000000000000000000e+00 3.051757812500000000e-05 3.051757812500000000e-05
0.000000000000000000e+00 3.051757812500000000e-05 3.051757812500000000e-05
0.000000000000000000e+00 3.051757812500000000e-05 3.051757812500000000e-05
0.000000000000000000e+00 3.051757812500000000e-05 3.051757812500000000e-05
0.000000000000000000e+00 3.051757812500000000e-05 3.051757812500000000e-05
0.000000000000000000e+00 3.051757812500000000e-05 3.051757812500000000e-05
0.000000000000000000e+00 3.051757812500000000e-05 3.051757812500000000e-05
0.000000000000000000e+00 3.051757812500000000e-05 3.051757812500000000e-05
0.000000000000000000e+00 3.051757812500000000e-05 3.051757812500000000e-05
0.000000000000000000e+00 3.051757812500000000e-05 1.476745605468750000e-01
0.000000000000000000e+00 3.051757812500000000e-05 9.809875488281250000e-01
0.000000000000000000e+00 3.051757812500000000e-05 1.000000000000000000e+00
0.000000000000000000e+00 3.051757812500000000e-05 1.000000000000000000e+00
0.000000000000000000e+00 3.051757812500000000e-05 1.000000000000000000e+00
0.000000000000000000e+00 3.051757812500000000e-05 1.000000000000000000e+00
0.000000000000000000e+00 3.051757812500000000e-05 1.000000000000000000e+00
0.000000000000000000e+00 3.051757812500000000e-05 1.000000000000000000e+00
0.000000000000000000e+00 3.051757812500000000e-05 1.000000000000000000e+00
0.000000000000000000e+00 3.051757812500000000e-05 1.000000000000000000e+00
0.000000000000000000e+00 3.051757812500000000e-05 1.000000000000000000e+00
0.000000000000000000e+00 3.051757812500000000e-05 1.000000000000000000e+00
0.000000000000000000e+00 3.051757812500000000e-05 1.000000000000000000e+00
0.000000000000000000e+00 3.051757812500000000e-05 1.000000000000000000e+00
0.000000000000000000e+00 3.051757812500000000e-05 1.000000000000000000e+00
0.000000000000000000e+00 3.051757812500000000e-05 1.000000000000000000e+00
0.000000000000000000e+00 3.051757812500000000e-05 1.000000000000000000e+00
0.000000000000000000e+00 3.051757812500000000e-05 1.000000000000000000e+00
0.000000000000000000e+00 3.051757812500000000e-05 1.000000000000000000e+00
0.000000000000000000e+00 3.051757812500000000e-05 1.000000000000000000e+00
0.000000000000000000e+00 3.051757812500000000e-05 1.000000000000000000e+00
0.000000000000000000e+00 3.051757812500000000e-05 1.000000000000000000e+00
0.000000000000000000e+00 3.051757812500000000e-05 1.000000000000000000e+00
0.000000000000000000e+00 3.051757812500000000e-05 1.000000000000000000e+00
0.000000000000000000e+00 3.051757812500000000e-05 1.000000000000000000e+00
0.000000000000000000e+00 3.051757812500000000e-05 1.000000000000000000e+00
0.000000000000000000e+00 3.051757812500000000e-05 1.000000000000000000e+00
0.000000000000000000e+00 3.051757812500000000e-05 1.000000000000000000e+00
0.000000000000000000e+00 3.051757812500000000e-05 1.000000000000000000e+00
0.000000000000000000e+00 3.051757812500000000e-05 1.000000000000000000e+00
0.000000000000000000e+00 3.051757812500000000e-05 1.000000000000000000e+00
0.000000000000000000e+00 3.051757812500000000e-05 1.000000000000000000e+00
0.000000000000000000e+00 3.051757812500000000e-05 1.000000000000000000e+00
0.000000000000000000e+00 3.051757812500000000e-05 1.000000000000000000e+00
1.990966796875000000e-01 -1.389160156250000000e-01 1.000000000000000000e+00
9.685363769531250000e-01 -4.275207519531250000e-01 1.000000000000000000e+00
9.999694824218750000e-01 -6.251220703125000000e-01 1.000000000000000000e+00
9.999694824218750000e-01 -6.790161132812500000e-01 1.000000000000000000e+00
9.999694824218750000e-01 -6.802368164062500000e-01 1.000000000000000000e+00
9.999694824218750000e-01 -6.790161132812500000e-01 1.000000000000000000e+00
9.999694824218750000e-01 -6.802368164062500000e-01 1.000000000000000000e+00
9.999694824218750000e-01 -6.706542968750000000e-01 1.000000000000000000e+00
9.999694824218750000e-01 -6.706542968750000000e-01 1.000000000000000000e+00
9.999694824218750000e-01 -6.730346679687500000e-01 1.000000000000000000e+00
9.999694824218750000e-01 -6.730346679687500000e-01 1.000000000000000000e+00
9.999694824218750000e-01 -6.730346679687500000e-01 1.000000000000000000e+00
9.999694824218750000e-01 -6.323242187500000000e-01 1.000000000000000000e+00
9.999694824218750000e-01 -5.353088378906250000e-01 1.000000000000000000e+00
9.999694824218750000e-01 -5.293273925781250000e-01 1.000000000000000000e+00
9.999694824218750000e-01 -4.993896484375000000e-01 1.000000000000000000e+00
9.999694824218750000e-01 -5.029907226562500000e-01 1.000000000000000000e+00
9.999694824218750000e-01 -5.029907226562500000e-01 1.000000000000000000e+00
9.999694824218750000e-01 -5.053710937500000000e-01 1.000000000000000000e+00
9.999694824218750000e-01 -5.173645019531250000e-01 1.000000000000000000e+00
9.999694824218750000e-01 -5.173645019531250000e-01 1.000000000000000000e+00
9.999694824218750000e-01 -5.041809082031250000e-01 1.000000000000000000e+00
1.601562500000000000e-01 -6.585693359375000000e-02 1.000000000000000000e+00
0.000000000000000000e+00 3.051757812500000000e-05 1.000000000000000000e+00
0.000000000000000000e+00 3.051757812500000000e-05 1.000000000000000000e+00
0.000000000000000000e+00 3.051757812500000000e-05 1.000000000000000000e+00
0.000000000000000000e+00 3.051757812500000000e-05 1.000000000000000000e+00
0.000000000000000000e+00 3.051757812500000000e-05 1.000000000000000000e+00
0.000000000000000000e+00 3.051757812500000000e-05 1.000000000000000000e+00
0.000000000000000000e+00 3.051757812500000000e-05 3.051757812500000000e-05
0.000000000000000000e+00 3.051757812500000000e-05 3.051757812500000000e-05
0.000000000000000000e+00 3.051757812500000000e-05 3.051757812500000000e-05
0.000000000000000000e+00 3.051757812500000000e-05 3.051757812500000000e-05
0.000000000000000000e+00 3.051757812500000000e-05 3.051757812500000000e-05
0.000000000000000000e+00 3.051757812500000000e-05 3.051757812500000000e-05
0.000000000000000000e+00 3.051757812500000000e-05 3.051757812500000000e-05
0.000000000000000000e+00 -1.736450195312500000e-01 3.051757812500000000e-05
0.000000000000000000e+00 -9.999694824218750000e-01 3.051757812500000000e-05
0.000000000000000000e+00 -9.999694824218750000e-01 3.051757812500000000e-05
0.000000000000000000e+00 -9.999694824218750000e-01 3.051757812500000000e-05
0.000000000000000000e+00 -9.999694824218750000e-01 3.051757812500000000e-05
0.000000000000000000e+00 -9.999694824218750000e-01 3.051757812500000000e-05
0.000000000000000000e+00 -9.999694824218750000e-01 3.051757812500000000e-05
0.000000000000000000e+00 -9.999694824218750000e-01 3.051757812500000000e-05
0.000000000000000000e+00 -9.999694824218750000e-01 3.051757812500000000e-05
-7.553100585937500000e-02 -9.999694824218750000e-01 3.051757812500000000e-05
-1.165161132812500000e-01 -9.999694824218750000e-01 3.051757812500000000e-05
-1.165161132812500000e-01 -9.999694824218750000e-01 3.051757812500000000e-05
-1.316223144531250000e-01 -9.999694824218750000e-01 3.051757812500000000e-05
-1.316223144531250000e-01 -9.999694824218750000e-01 3.051757812500000000e-05
-5.502319335937500000e-02 -9.999694824218750000e-01 3.051757812500000000e-05
-3.561401367187500000e-02 -9.999694824218750000e-01 3.051757812500000000e-05
-3.778076171875000000e-02 -9.999694824218750000e-01 3.051757812500000000e-05
-2.157592773437500000e-02 -9.999694824218750000e-01 3.051757812500000000e-05
-2.157592773437500000e-02 -9.999694824218750000e-01 3.051757812500000000e-05
-2.157592773437500000e-02 -9.999694824218750000e-01 3.051757812500000000e-05
-2.157592773437500000e-02 -9.999694824218750000e-01 3.051757812500000000e-05
-2.157592773437500000e-02 -9.999694824218750000e-01 3.051757812500000000e-05
-2.157592773437500000e-02 -9.999694824218750000e-01 3.051757812500000000e-05
-2.157592773437500000e-02 -9.999694824218750000e-01 3.051757812500000000e-05
-2.157592773437500000e-02 -9.999694824218750000e-01 3.051757812500000000e-05
-2.157592773437500000e-02 -9.999694824218750000e-01 3.051757812500000000e-05
-2.157592773437500000e-02 -9.999694824218750000e-01 3.051757812500000000e-05
-2.157592773437500000e-02 -9.999694824218750000e-01 3.051757812500000000e-05
-2.157592773437500000e-02 -9.999694824218750000e-01 3.051757812500000000e-05
-2.157592773437500000e-02 -9.999694824218750000e-01 3.051757812500000000e-05
-2.157592773437500000e-02 -9.999694824218750000e-01 3.051757812500000000e-05
-2.157592773437500000e-02 -9.999694824218750000e-01 3.051757812500000000e-05
-2.157592773437500000e-02 -9.999694824218750000e-01 3.051757812500000000e-05
-2.157592773437500000e-02 -9.999694824218750000e-01 3.051757812500000000e-05
-2.157592773437500000e-02 -9.999694824218750000e-01 3.051757812500000000e-05
-2.157592773437500000e-02 -9.999694824218750000e-01 3.051757812500000000e-05
-2.157592773437500000e-02 -9.999694824218750000e-01 3.051757812500000000e-05
-2.157592773437500000e-02 -9.999694824218750000e-01 3.051757812500000000e-05
-2.157592773437500000e-02 -9.999694824218750000e-01 3.051757812500000000e-05
-2.157592773437500000e-02 -9.999694824218750000e-01 3.051757812500000000e-05
-2.157592773437500000e-02 -9.999694824218750000e-01 3.051757812500000000e-05
-2.157592773437500000e-02 -9.999694824218750000e-01 3.051757812500000000e-05
-2.157592773437500000e-02 -9.999694824218750000e-01 3.051757812500000000e-05
-2.157592773437500000e-02 -9.999694824218750000e-01 3.051757812500000000e-05
-2.157592773437500000e-02 -9.999694824218750000e-01 3.051757812500000000e-05
-2.157592773437500000e-02 -9.999694824218750000e-01 3.051757812500000000e-05
-2.157592773437500000e-02 -9.999694824218750000e-01 3.051757812500000000e-05
-2.157592773437500000e-02 -9.999694824218750000e-01 3.051757812500000000e-05
-6.042480468750000000e-02 -9.999694824218750000e-01 3.051757812500000000e-05
-7.119750976562500000e-02 -9.999694824218750000e-01 3.051757812500000000e-05
-7.119750976562500000e-02 -9.999694824218750000e-01 3.051757812500000000e-05
-8.306884765625000000e-02 -9.999694824218750000e-01 3.051757812500000000e-05
-8.093261718750000000e-02 -9.999694824218750000e-01 3.051757812500000000e-05
-8.200073242187500000e-02 -9.999694824218750000e-01 3.051757812500000000e-05
-8.200073242187500000e-02 -9.999694824218750000e-01 3.051757812500000000e-05
-8.200073242187500000e-02 -9.999694824218750000e-01 3.051757812500000000e-05
-8.200073242187500000e-02 -9.999694824218750000e-01 3.051757812500000000e-05
-8.200073242187500000e-02 -9.999694824218750000e-01 3.051757812500000000e-05
-8.200073242187500000e-02 -9.999694824218750000e-01 3.051757812500000000e-05
-8.200073242187500000e-02 -9.999694824218750000e-01 3.051757812500000000e-05
-1.143493652343750000e-01 -9.999694824218750000e-01 3.051757812500000000e-05
-2.028198242187500000e-01 -9.999694824218750000e-01 3.051757812500000000e-05
-2.373352050781250000e-01 -9.999694824218750000e-01 3.051757812500000000e-05
-2.362670898437500000e-01 -9.999694824218750000e-01 3.051757812500000000e-05
-2.373352050781250000e-01 -9.999694824218750000e-01 3.051757812500000000e-05
-2.362670898437500000e-01 -9.999694824218750000e-01 3.051757812500000000e-05
-2.373352050781250000e-01 -9.999694824218750000e-01 3.051757812500000000e-05
-2.373352050781250000e-01 -9.999694824218750000e-01 3.051757812500000000e-05
-2.373352050781250000e-01 -9.999694824218750000e-01 3.051757812500000000e-05
-3.182373046875000000e-01 -9.999694824218750000e-01 3.051757812500000000e-05
-4.153442382812500000e-01 -9.999694824218750000e-01 3.051757812500000000e-05
-5.361633300781250000e-01 -9.556884765625000000e-01 3.051757812500000000e-05
-5.393981933593750000e-01 -9.389038085937500000e-01 3.051757812500000000e-05
-5.523376464843750000e-01 -9.305114746093750000e-01 3.051757812500000000e-05
-5.577392578125000000e-01 -9.269409179687500000e-01 3.051757812500000000e-05
-5.577392578125000000e-01 -9.089660644531250000e-01 3.051757812500000000e-05
-5.577392578125000000e-01 -9.999694824218750000e-01 3.051757812500000000e-05
0.000000000000000000e+00 3.051757812500000000e-05 3.051757812500000000e-05
0.000000000000000000e+00 3.051757812500000000e-05 3.051757812500000000e-05
0.000000000000000000e+00 3.051757812500000000e-05 3.051757812500000000e-05
0.000000000000000000e+00 3.051757812500000000e-05 3.051757812500000000e-05
-1.531982421875000000e-01 -1.041870117187500000e-01 3.051757812500000000e-05
-1.000000000000000000e+00 -3.544616699218750000e-01 3.051757812500000000e-05
-1.000000000000000000e+00 -3.808288574218750000e-01 3.051757812500000000e-05
-9.784545898437500000e-01 -4.227294921875000000e-01 3.051757812500000000e-05
-9.719543457031250000e-01 -4.454956054687500000e-01 3.051757812500000000e-05
-9.708862304687500000e-01 -4.443054199218750000e-01 3.051757812500000000e-05
-9.708862304687500000e-01 -4.526672363281250000e-01 3.051757812500000000e-05
-9.396057128906250000e-01 -4.790344238281250000e-01 3.051757812500000000e-05
-9.255676269531250000e-01 -5.269165039062500000e-01 3.051757812500000000e-05
-9.244995117187500000e-01 -5.269165039062500000e-01 3.051757812500000000e-05
-9.223327636718750000e-01 -4.850158691406250000e-01 3.051757812500000000e-05
-9.363708496093750000e-01 -4.335327148437500000e-01 3.051757812500000000e-05
-9.838256835937500000e-01 -3.353271484375000000e-01 3.051757812500000000e-05
-9.870605468750000000e-01 -3.640441894531250000e-01 3.051757812500000000e-05
-9.859924316406250000e-01 -4.203491210937500000e-01 3.051757812500000000e-05
-9.568786621093750000e-01 -4.526672363281250000e-01 3.051757812500000000e-05
-9.547119140625000000e-01 -4.550781250000000000e-01 3.051757812500000000e-05
-9.503784179687500000e-01 -4.790344238281250000e-01 3.051757812500000000e-05
-9.201965332031250000e-01 -5.568847656250000000e-01 3.051757812500000000e-05
-8.953857421875000000e-01 -5.712280273437500000e-01 3.051757812500000000e-05
0.000000000000000000e+00 3.051757812500000000e-05 3.051757812500000000e-05
0.000000000000000000e+00 3.051757812500000000e-05 3.051757812500000000e-05
0.000000000000000000e+00 3.051757812500000000e-05 3.051757812500000000e-05
0.000000000000000000e+00 3.051757812500000000e-05 3.051757812500000000e-05
0.000000000000000000e+00 3.051757812500000000e-05 3.051757812500000000e-05
-8.630371093750000000e-02 3.051757812500000000e-05 3.051757812500000000e-05
-1.000000000000000000e+00 3.051757812500000000e-05 3.051757812500000000e-05
-1.000000000000000000e+00 3.051757812500000000e-05 3.051757812500000000e-05
-1.000000000000000000e+00 3.051757812500000000e-05 3.051757812500000000e-05
-1.000000000000000000e+00 3.051757812500000000e-05 3.051757812500000000e-05
-1.000000000000000000e+00 3.051757812500000000e-05 3.051757812500000000e-05
-1.000000000000000000e+00 3.051757812500000000e-05 3.051757812500000000e-05
-1.000000000000000000e+00 3.051757812500000000e-05 3.051757812500000000e-05
-1.000000000000000000e+00 3.051757812500000000e-05 3.051757812500000000e-05
-1.000000000000000000e+00 3.051757812500000000e-05 3.051757812500000000e-05
-1.000000000000000000e+00 -3.710937500000000000e-02 3.051757812500000000e-05
-1.000000000000000000e+00 -6.823730468750000000e-02 3.051757812500000000e-05
-1.000000000000000000e+00 -6.945800781250000000e-02 3.051757812500000000e-05
-1.000000000000000000e+00 -6.945800781250000000e-02 3.051757812500000000e-05
-1.000000000000000000e+00 -6.945800781250000000e-02 3.051757812500000000e-05
-1.000000000000000000e+00 -6.945800781250000000e-02 3.051757812500000000e-05
-1.000000000000000000e+00 -6.945800781250000000e-02 3.051757812500000000e-05
-1.000000000000000000e+00 -6.945800781250000000e-02 3.051757812500000000e-05
-1.000000000000000000e+00 -6.945800781250000000e-02 3.051757812500000000e-05
-1.000000000000000000e+00 -6.945800781250000000e-02 3.051757812500000000e-05
-1.000000000000000000e+00 -6.945800781250000000e-02 3.051757812500000000e-05
-1.000000000000000000e+00 -6.945800781250000000e-02 3.051757812500000000e-05
-1.000000000000000000e+00 3.051757812500000000e-05 3.051757812500000000e-05
-1.000000000000000000e+00 3.051757812500000000e-05 3.051757812500000000e-05
-1.000000000000000000e+00 3.051757812500000000e-05 3.051757812500000000e-05
-1.000000000000000000e+00 3.051757812500000000e-05 3.051757812500000000e-05
-1.000000000000000000e+00 3.051757812500000000e-05 3.051757812500000000e-05
-1.000000000000000000e+00 3.051757812500000000e-05 3.051757812500000000e-05
-1.000000000000000000e+00 3.051757812500000000e-05 3.051757812500000000e-05
-1.000000000000000000e+00 3.051757812500000000e-05 3.051757812500000000e-05
-1.000000000000000000e+00 3.051757812500000000e-05 3.051757812500000000e-05
-1.000000000000000000e+00 3.051757812500000000e-05 3.051757812500000000e-05
-1.000000000000000000e+00 3.051757812500000000e-05 3.051757812500000000e-05
-1.000000000000000000e+00 3.051757812500000000e-05 3.051757812500000000e-05
-1.000000000000000000e+00 3.051757812500000000e-05 3.051757812500000000e-05
-1.000000000000000000e+00 3.051757812500000000e-05 3.051757812500000000e-05
-1.000000000000000000e+00 3.051757812500000000e-05 3.051757812500000000e-05
-1.000000000000000000e+00 3.051757812500000000e-05 3.051757812500000000e-05
-1.000000000000000000e+00 3.051757812500000000e-05 3.051757812500000000e-05
-1.000000000000000000e+00 3.051757812500000000e-05 3.051757812500000000e-05
-1.000000000000000000e+00 3.051757812500000000e-05 3.051757812500000000e-05
-1.000000000000000000e+00 3.051757812500000000e-05 3.051757812500000000e-05
-1.000000000000000000e+00 3.051757812500000000e-05 3.051757812500000000e-05
-1.000000000000000000e+00 3.051757812500000000e-05 3.051757812500000000e-05
-1.000000000000000000e+00 3.051757812500000000e-05 3.051757812500000000e-05
-1.000000000000000000e+00 3.051757812500000000e-05 3.051757812500000000e-05
-1.000000000000000000e+00 3.051757812500000000e-05 3.051757812500000000e-05
-1.000000000000000000e+00 3.051757812500000000e-05 3.051757812500000000e-05
-1.000000000000000000e+00 3.051757812500000000e-05 3.051757812500000000e-05
-1.000000000000000000e+00 3.051757812500000000e-05 3.051757812500000000e-05
-1.000000000000000000e+00 3.051757812500000000e-05 3.051757812500000000e-05
-1.000000000000000000e+00 3.051757812500000000e-05 3.051757812500000000e-05
-1.000000000000000000e+00 1.449584960937500000e-02 3.051757812500000000e-05
-1.000000000000000000e+00 4.080200195312500000e-02 3.051757812500000000e-05
-1.000000000000000000e+00 6.976318359375000000e-02 3.051757812500000000e-05
-1.000000000000000000e+00 7.632446289062500000e-02 3.051757812500000000e-05
-1.000000000000000000e+00 7.632446289062500000e-02 3.051757812500000000e-05
-1.000000000000000000e+00 7.632446289062500000e-02 3.051757812500000000e-05
-1.000000000000000000e+00 3.051757812500000000e-05 3.051757812500000000e-05
-1.000000000000000000e+00 3.051757812500000000e-05 3.051757812500000000e-05
-1.000000000000000000e+00 3.051757812500000000e-05 3.051757812500000000e-05
-1.000000000000000000e+00 3.051757812500000000e-05 3.051757812500000000e-05
-1.000000000000000000e+00 3.051757812500000000e-05 3.051757812500000000e-05
-1.000000000000000000e+00 3.051757812500000000e-05 3.051757812500000000e-05
-1.000000000000000000e+00 3.051757812500000000e-05 3.051757812500000000e-05
-1.000000000000000000e+00 3.051757812500000000e-05 3.051757812500000000e-05
-1.000000000000000000e+00 3.051757812500000000e-05 -2.318725585937500000e-01
-1.000000000000000000e+00 3.051757812500000000e-05 -8.999938964843750000e-01
-1.000000000000000000e+00 3.051757812500000000e-05 -9.014282226562500000e-01
-1.000000000000000000e+00 3.051757812500000000e-05 -8.999938964843750000e-01
-1.000000000000000000e+00 3.051757812500000000e-05 -8.999938964843750000e-01
-1.000000000000000000e+00 3.051757812500000000e-05 -8.999938964843750000e-01
-1.000000000000000000e+00 3.051757812500000000e-05 -8.999938964843750000e-01
-1.000000000000000000e+00 3.051757812500000000e-05 -8.999938964843750000e-01
-1.000000000000000000e+00 3.051757812500000000e-05 -8.999938964843750000e-01
-1.000000000000000000e+00 3.051757812500000000e-05 -8.883972167968750000e-01
-1.000000000000000000e+00 3.051757812500000000e-05 -8.883972167968750000e-01
-1.000000000000000000e+00 3.051757812500000000e-05 -8.883972167968750000e-01
-1.000000000000000000e+00 3.051757812500000000e-05 -8.883972167968750000e-01
-1.000000000000000000e+00 3.051757812500000000e-05 -8.883972167968750000e-01
-1.000000000000000000e+00 3.051757812500000000e-05 -8.883972167968750000e-01
-1.000000000000000000e+00 3.051757812500000000e-05 -8.883972167968750000e-01
-1.000000000000000000e+00 3.051757812500000000e-05 -8.883972167968750000e-01
-1.000000000000000000e+00 3.051757812500000000e-05 -8.883972167968750000e-01
-1.000000000000000000e+00 3.051757812500000000e-05 -8.883972167968750000e-01
-1.000000000000000000e+00 3.051757812500000000e-05 -8.883972167968750000e-01
-1.000000000000000000e+00 3.051757812500000000e-05 -8.883972167968750000e-01
-1.000000000000000000e+00 3.051757812500000000e-05 -8.883972167968750000e-01
-1.000000000000000000e+00 3.051757812500000000e-05 -7.869262695312500000e-01
-1.000000000000000000e+00 3.051757812500000000e-05 3.051757812500000000e-05
-1.000000000000000000e+00 3.051757812500000000e-05 3.051757812500000000e-05
-1.000000000000000000e+00 3.051757812500000000e-05 3.051757812500000000e-05
-1.000000000000000000e+00 3.051757812500000000e-05 3.051757812500000000e-05
-1.000000000000000000e+00 3.051757812500000000e-05 3.051757812500000000e-05
-1.000000000000000000e+00 3.051757812500000000e-05 3.051757812500000000e-05
-1.000000000000000000e+00 3.051757812500000000e-05 3.051757812500000000e-05
-1.000000000000000000e+00 -1.101684570312500000e-01 3.051757812500000000e-05
-9.902954101562500000e-01 -3.616638183593750000e-01 3.051757812500000000e-05
-8.975219726562500000e-01 -6.119689941406250000e-01 3.051757812500000000e-05
-7.648620605468750000e-01 -8.347167968750000000e-01 3.051757812500000000e-05
-6.084289550781250000e-01 -9.544677734375000000e-01 3.051757812500000000e-05
-5.803833007812500000e-01 -9.700317382812500000e-01 3.051757812500000000e-05
-5.588073730468750000e-01 -9.891967773437500000e-01 3.051757812500000000e-05
-5.048828125000000000e-01 -9.999694824218750000e-01 3.051757812500000000e-05
-4.962463378906250000e-01 -9.999694824218750000e-01 3.051757812500000000e-05
-4.487609863281250000e-01 -9.999694824218750000e-01 3.051757812500000000e-05
-3.581542968750000000e-01 -9.999694824218750000e-01 3.051757812500000000e-05
-3.538513183593750000e-01 -9.999694824218750000e-01 3.051757812500000000e-05
-3.559875488281250000e-01 -9.999694824218750000e-01 3.051757812500000000e-05
-3.549194335937500000e-01 -9.999694824218750000e-01 3.051757812500000000e-05
-3.549194335937500000e-01 -9.999694824218750000e-01 3.051757812500000000e-05
0.000000000000000000e+00 1.236877441406250000e-01 3.051757812500000000e-05
0.000000000000000000e+00 3.051757812500000000e-05 3.051757812500000000e-05
0.000000000000000000e+00 3.051757812500000000e-05 3.051757812500000000e-05
0.000000000000000000e+00 3.051757812500000000e-05 -9.057922363281250000e-01
0.000000000000000000e+00 3.051757812500000000e-05 -9.999694824218750000e-01
0.000000000000000000e+00 3.051757812500000000e-05 -9.999694824218750000e-01
0.000000000000000000e+00 3.051757812500000000e-05 -9.999694824218750000e-01
0.000000000000000000e+00 3.051757812500000000e-05 -9.999694824218750000e-01
0.000000000000000000e+00 3.051757812500000000e-05 -9.999694824218750000e-01
0.000000000000000000e+00 3.051757812500000000e-05 -9.999694824218750000e-01
0.000000000000000000e+00 3.051757812500000000e-05 -9.999694824218750000e-01
0.000000000000000000e+00 3.051757812500000000e-05 -9.999694824218750000e-01
0.000000000000000000e+00 3.051757812500000000e-05 -9.999694824218750000e-01
0.000000000000000000e+00 3.051757812500000000e-05 -9.999694824218750000e-01
0.000000000000000000e+00 3.051757812500000000e-05 -9.999694824218750000e-01
0.000000000000000000e+00 3.051757812500000000e-05 -9.999694824218750000e-01
0.000000000000000000e+00 3.051757812500000000e-05 -9.999694824218750000e-01
0.000000000000000000e+00 3.051757812500000000e-05 -9.999694824218750000e-01
0.000000000000000000e+00 3.051757812500000000e-05 -9.999694824218750000e-01
0.000000000000000000e+00 3.051757812500000000e-05 -9.999694824218750000e-01
0.000000000000000000e+00 3.051757812500000000e-05 -9.999694824218750000e-01
0.000000000000000000e+00 3.051757812500000000e-05 -9.999694824218750000e-01
0.000000000000000000e+00 -4.730529785156250000e-01 -9.999694824218750000e-01
0.000000000000000000e+00 -9.999694824218750000e-01 -9.999694824218750000e-01
0.000000000000000000e+00 -9.999694824218750000e-01 -9.999694824218750000e-01
0.000000000000000000e+00 -9.999694824218750000e-01 -9.999694824218750000e-01
0.000000000000000000e+00 -9.999694824218750000e-01 -9.999694824218750000e-01
0.000000000000000000e+00 -9.999694824218750000e-01 -9.999694824218750000e-01
0.000000000000000000e+00 -9.999694824218750000e-01 -9.999694824218750000e-01
0.000000000000000000e+00 -9.999694824218750000e-01 -9.999694824218750000e-01
0.000000000000000000e+00 -9.999694824218750000e-01 -9.999694824218750000e-01
8.972167968750000000e-03 -9.999694824218750000e-01 -9.999694824218750000e-01
7.476806640625000000e-03 -9.999694824218750000e-01 -9.999694824218750000e-01
1.930847167968750000e-01 -9.999694824218750000e-01 -4.492187500000000000e-02
2.859191894531250000e-01 -9.999694824218750000e-01 3.051757812500000000e-05
6.182556152343750000e-01 -9.856262207031250000e-01 3.051757812500000000e-05
7.469787597656250000e-01 -8.766174316406250000e-01 3.051757812500000000e-05
8.667602539062500000e-01 -5.448913574218750000e-01 3.051757812500000000e-05
9.999694824218750000e-01 -4.119567871093750000e-01 3.051757812500000000e-05
9.999694824218750000e-01 -5.353088378906250000e-01 3.051757812500000000e-05
8.712463378906250000e-01 -4.754333496093750000e-01 3.051757812500000000e-05
0.000000000000000000e+00 3.051757812500000000e-05 3.051757812500000000e-05
0.000000000000000000e+00 3.051757812500000000e-05 3.051757812500000000e-05
0.000000000000000000e+00 3.051757812500000000e-05 3.051757812500000000e-05
0.000000000000000000e+00 3.051757812500000000e-05 3.051757812500000000e-05
0.000000000000000000e+00 3.051757812500000000e-05 -9.999694824218750000e-01
0.000000000000000000e+00 3.051757812500000000e-05 -9.999694824218750000e-01
0.000000000000000000e+00 3.051757812500000000e-05 -9.999694824218750000e-01
0.000000000000000000e+00 3.051757812500000000e-05 -9.999694824218750000e-01
0.000000000000000000e+00 3.051757812500000000e-05 -9.999694824218750000e-01
0.000000000000000000e+00 3.051757812500000000e-05 -9.999694824218750000e-01
0.000000000000000000e+00 3.051757812500000000e-05 -9.999694824218750000e-01
0.000000000000000000e+00 3.051757812500000000e-05 -9.999694824218750000e-01
0.000000000000000000e+00 3.051757812500000000e-05 -9.999694824218750000e-01
0.000000000000000000e+00 3.051757812500000000e-05 -9.999694824218750000e-01
0.000000000000000000e+00 3.051757812500000000e-05 -9.999694824218750000e-01
0.000000000000000000e+00 3.051757812500000000e-05 -9.999694824218750000e-01
0.000000000000000000e+00 3.051757812500000000e-05 -9.999694824218750000e-01
9.909973144531250000e-01 -2.227478027343750000e-01 -9.999694824218750000e-01
9.999694824218750000e-01 -3.760375976562500000e-01 -9.999694824218750000e-01
9.999694824218750000e-01 -4.155578613281250000e-01 -9.999694824218750000e-01
9.446105957031250000e-01 -4.023742675781250000e-01 -9.999694824218750000e-01
0.000000000000000000e+00 3.051757812500000000e-05 -9.999694824218750000e-01
0.000000000000000000e+00 3.051757812500000000e-05 -9.999694824218750000e-01
0.000000000000000000e+00 3.051757812500000000e-05 -9.999694824218750000e-01
0.000000000000000000e+00 3.051757812500000000e-05 -9.999694824218750000e-01
0.000000000000000000e+00 3.051757812500000000e-05 -9.999694824218750000e-01
0.000000000000000000e+00 3.051757812500000000e-05 -9.999694824218750000e-01
0.000000000000000000e+00 3.051757812500000000e-05 -9.999694824218750000e-01
0.000000000000000000e+00 3.051757812500000000e-05 -9.999694824218750000e-01
0.000000000000000000e+00 3.051757812500000000e-05 -9.999694824218750000e-01
0.000000000000000000e+00 3.051757812500000000e-05 -9.999694824218750000e-01
0.000000000000000000e+00 3.051757812500000000e-05 -9.999694824218750000e-01
0.000000000000000000e+00 3.051757812500000000e-05 -9.999694824218750000e-01
0.000000000000000000e+00 3.051757812500000000e-05 -9.999694824218750000e-01
0.000000000000000000e+00 3.051757812500000000e-05 -9.999694824218750000e-01
0.000000000000000000e+00 3.051757812500000000e-05 -9.999694824218750000e-01
9.999694824218750000e-01 -1.305236816406250000e-01 -9.999694824218750000e-01
9.999694824218750000e-01 -4.190063476562500000e-02 -9.999694824218750000e-01
9.999694824218750000e-01 3.051757812500000000e-05 -9.999694824218750000e-01
9.999694824218750000e-01 3.051757812500000000e-05 -9.999694824218750000e-01
9.999694824218750000e-01 3.051757812500000000e-05 -9.999694824218750000e-01
9.999694824218750000e-01 3.051757812500000000e-05 -9.999694824218750000e-01
9.999694824218750000e-01 3.051757812500000000e-05 -9.999694824218750000e-01
9.999694824218750000e-01 3.051757812500000000e-05 -9.999694824218750000e-01
9.999694824218750000e-01 3.051757812500000000e-05 -9.999694824218750000e-01
9.999694824218750000e-01 3.051757812500000000e-05 -9.999694824218750000e-01
9.999694824218750000e-01 -4.428100585937500000e-02 -9.999694824218750000e-01
9.999694824218750000e-01 -1.197509765625000000e-01 -9.999694824218750000e-01
9.999694824218750000e-01 -2.011718750000000000e-01 -9.999694824218750000e-01
9.999694824218750000e-01 -3.161621093750000000e-01 -9.999694824218750000e-01
9.999694824218750000e-01 -5.556640625000000000e-01 -9.999694824218750000e-01
9.446105957031250000e-01 -7.424926757812500000e-01 -9.999694824218750000e-01
9.146423339843750000e-01 -7.915954589843750000e-01 -9.999694824218750000e-01
8.907165527343750000e-01 -7.975769042968750000e-01 -9.999694824218750000e-01
8.922119140625000000e-01 -7.951965332031250000e-01 -9.999694824218750000e-01
8.907165527343750000e-01 -7.688598632812500000e-01 -9.999694824218750000e-01
8.907165527343750000e-01 -7.329101562500000000e-01 -9.999694824218750000e-01
9.924926757812500000e-01 -6.155395507812500000e-01 -9.999694824218750000e-01
9.999694824218750000e-01 -4.107666015625000000e-01 -9.999694824218750000e-01
9.999694824218750000e-01 -3.736267089843750000e-01 -9.999694824218750000e-01
9.999694824218750000e-01 -2.251281738281250000e-01 -9.999694824218750000e-01
9.999694824218750000e-01 -1.844177246093750000e-01 -9.999694824218750000e-01
9.999694824218750000e-01 -6.344604492187500000e-02 -9.999694824218750000e-01
9.999694824218750000e-01 -9.552001953125000000e-03 -9.999694824218750000e-01
9.999694824218750000e-01 -9.698486328125000000e-02 -9.999694824218750000e-01
9.999694824218750000e-01 -2.490844726562500000e-01 -9.999694824218750000e-01
9.999694824218750000e-01 -3.113708496093750000e-01 3.051757812500000000e-05
9.999694824218750000e-01 -4.371032714843750000e-01 3.051757812500000000e-05
0.000000000000000000e+00 3.051757812500000000e-05 -2.478027343750000000e-01
0.000000000000000000e+00 3.051757812500000000e-05 -9.999694824218750000e-01
0.000000000000000000e+00 3.051757812500000000e-05 -9.999694824218750000e-01
0.000000000000000000e+00 3.051757812500000000e-05 -9.999694824218750000e-01
0.000000000000000000e+00 3.051757812500000000e-05 -9.999694824218750000e-01
0.000000000000000000e+00 3.051757812500000000e-05 -9.999694824218750000e-01
0.000000000000000000e+00 3.051757812500000000e-05 -9.999694824218750000e-01
0.000000000000000000e+00 3.051757812500000000e-05 -9.999694824218750000e-01
0.000000000000000000e+00 3.051757812500000000e-05 -9.999694824218750000e-01
0.000000000000000000e+00 3.051757812500000000e-05 -9.999694824218750000e-01
0.000000000000000000e+00 3.051757812500000000e-05 -9.999694824218750000e-01
0.000000000000000000e+00 3.051757812500000000e-05 -9.999694824218750000e-01
0.000000000000000000e+00 3.051757812500000000e-05 -9.999694824218750000e-01
0.000000000000000000e+00 3.051757812500000000e-05 -9.999694824218750000e-01
0.000000000000000000e+00 3.051757812500000000e-05 -9.999694824218750000e-01
0.000000000000000000e+00 3.051757812500000000e-05 -9.999694824218750000e-01
0.000000000000000000e+00 3.051757812500000000e-05 -9.999694824218750000e-01
0.000000000000000000e+00 3.051757812500000000e-05 -9.999694824218750000e-01
0.000000000000000000e+00 3.051757812500000000e-05 -9.999694824218750000e-01
0.000000000000000000e+00 3.051757812500000000e-05 -9.999694824218750000e-01
0.000000000000000000e+00 3.051757812500000000e-05 -9.999694824218750000e-01
0.000000000000000000e+00 3.051757812500000000e-05 -9.999694824218750000e-01
1.437072753906250000e-01 3.051757812500000000e-05 -9.999694824218750000e-01
9.999694824218750000e-01 3.051757812500000000e-05 -9.999694824218750000e-01
9.999694824218750000e-01 3.051757812500000000e-05 3.051757812500000000e-05
9.999694824218750000e-01 3.051757812500000000e-05 3.051757812500000000e-05
9.999694824218750000e-01 3.051757812500000000e-05 3.051757812500000000e-05
9.999694824218750000e-01 3.051757812500000000e-05 3.051757812500000000e-05
9.999694824218750000e-01 3.051757812500000000e-05 3.051757812500000000e-05
9.999694824218750000e-01 3.051757812500000000e-05 3.051757812500000000e-05
9.999694824218750000e-01 -2.035522460937500000e-02 3.051757812500000000e-05
9.999694824218750000e-01 -5.746459960937500000e-02 3.051757812500000000e-05
9.999694824218750000e-01 -5.746459960937500000e-02 3.051757812500000000e-05
9.999694824218750000e-01 -5.746459960937500000e-02 3.051757812500000000e-05
9.999694824218750000e-01 -5.746459960937500000e-02 3.051757812500000000e-05
9.999694824218750000e-01 -5.746459960937500000e-02 3.051757812500000000e-05
9.999694824218750000e-01 -5.746459960937500000e-02 3.051757812500000000e-05
9.999694824218750000e-01 -5.746459960937500000e-02 3.051757812500000000e-05
9.999694824218750000e-01 -5.746459960937500000e-02 3.051757812500000000e-05
9.999694824218750000e-01 -5.746459960937500000e-02 3.051757812500000000e-05
9.999694824218750000e-01 -5.746459960937500000e-02 3.051757812500000000e-05
9.999694824218750000e-01 -5.746459960937500000e-02 3.051757812500000000e-05
9.999694824218750000e-01 -5.746459960937500000e-02 3.051757812500000000e-05
9.999694824218750000e-01 -5.746459960937500000e-02 3.051757812500000000e-05
9.999694824218750000e-01 -5.746459960937500000e-02 3.051757812500000000e-05
9.999694824218750000e-01 -7.781982421875000000e-02 3.051757812500000000e-05
9.999694824218750000e-01 -8.621215820312500000e-02 3.051757812500000000e-05
9.999694824218750000e-01 -1.065673828125000000e-01 3.051757812500000000e-05
9.999694824218750000e-01 -1.437072753906250000e-01 -8.376770019531250000e-01
9.999694824218750000e-01 -1.760253906250000000e-01 -9.999694824218750000e-01
9.999694824218750000e-01 -2.490844726562500000e-01 -9.999694824218750000e-01
9.999694824218750000e-01 -2.586669921875000000e-01 -9.999694824218750000e-01
9.999694824218750000e-01 -2.610473632812500000e-01 -9.999694824218750000e-01
9.999694824218750000e-01 -2.586669921875000000e-01 -9.999694824218750000e-01
9.999694824218750000e-01 -2.610473632812500000e-01 -9.999694824218750000e-01
9.999694824218750000e-01 -2.526855468750000000e-01 -9.999694824218750000e-01
9.999694824218750000e-01 -2.143554687500000000e-01 -9.999694824218750000e-01
9.999694824218750000e-01 -1.508789062500000000e-01 -9.999694824218750000e-01
9.999694824218750000e-01 -1.305236816406250000e-01 -9.999694824218750000e-01
9.999694824218750000e-01 -4.760742187500000000e-03 -9.999694824218750000e-01
9.999694824218750000e-01 3.051757812500000000e-05 -9.999694824218750000e-01
9.999694824218750000e-01 2.039489746093750000e-01 -9.999694824218750000e-01
9.999694824218750000e-01 3.565979003906250000e-01 -9.999694824218750000e-01
9.999694824218750000e-01 4.500122070312500000e-01 -9.999694824218750000e-01
9.999694824218750000e-01 4.934387207031250000e-01 -9.999694824218750000e-01
9.999694824218750000e-01 7.144775390625000000e-01 -9.999694824218750000e-01
9.999694824218750000e-01 8.092346191406250000e-01 -9.999694824218750000e-01
9.999694824218750000e-01 8.131713867187500000e-01 -9.999694824218750000e-01
9.999694824218750000e-01 8.118591308593750000e-01 -9.999694824218750000e-01
9.999694824218750000e-01 7.828979492187500000e-01 -9.999694824218750000e-01
9.999694824218750000e-01 7.066040039062500000e-01 -9.999694824218750000e-01
9.999694824218750000e-01 7.079162597656250000e-01 -9.999694824218750000e-01
9.999694824218750000e-01 7.092285156250000000e-01 -9.999694824218750000e-01
9.999694824218750000e-01 5.802917480468750000e-01 -9.999694824218750000e-01
9.999694824218750000e-01 5.276489257812500000e-01 -9.999694824218750000e-01
9.999694824218750000e-01 3.908081054687500000e-01 -9.999694824218750000e-01
9.999694824218750000e-01 2.868652343750000000e-01 -9.999694824218750000e-01
9.999694824218750000e-01 1.934509277343750000e-01 -9.999694824218750000e-01
9.999694824218750000e-01 1.145019531250000000e-01 -9.999694824218750000e-01
9.999694824218750000e-01 3.051757812500000000e-05 -9.999694824218750000e-01
9.999694824218750000e-01 3.051757812500000000e-05 -9.999694824218750000e-01
9.999694824218750000e-01 3.051757812500000000e-05 -9.999694824218750000e-01
9.999694824218750000e-01 3.051757812500000000e-05 -9.999694824218750000e-01
9.999694824218750000e-01 3.051757812500000000e-05 -9.999694824218750000e-01
9.999694824218750000e-01 3.051757812500000000e-05 -9.999694824218750000e-01
9.999694824218750000e-01 3.051757812500000000e-05 -9.999694824218750000e-01
9.999694824218750000e-01 3.051757812500000000e-05 -9.999694824218750000e-01
9.999694824218750000e-01 3.051757812500000000e-05 -9.999694824218750000e-01
9.999694824218750000e-01 3.051757812500000000e-05 -9.999694824218750000e-01
9.999694824218750000e-01 3.051757812500000000e-05 3.051757812500000000e-05
9.999694824218750000e-01 3.051757812500000000e-05 3.051757812500000000e-05
9.999694824218750000e-01 3.051757812500000000e-05 3.051757812500000000e-05
9.999694824218750000e-01 6.591796875000000000e-03 3.051757812500000000e-05
9.999694824218750000e-01 2.066040039062500000e-01 3.051757812500000000e-05
9.999694824218750000e-01 2.276611328125000000e-01 3.051757812500000000e-05
9.999694824218750000e-01 2.250061035156250000e-01 3.051757812500000000e-05
9.999694824218750000e-01 2.250061035156250000e-01 3.051757812500000000e-05
9.999694824218750000e-01 2.342224121093750000e-01 3.051757812500000000e-05
9.999694824218750000e-01 4.276428222656250000e-01 3.051757812500000000e-05
9.999694824218750000e-01 2.671203613281250000e-01 3.051757812500000000e-05
9.999694824218750000e-01 1.329040527343750000e-01 3.051757812500000000e-05
9.999694824218750000e-01 3.051757812500000000e-05 3.051757812500000000e-05
9.999694824218750000e-01 -4.071655273437500000e-01 3.051757812500000000e-05
9.625549316406250000e-01 -7.628479003906250000e-01 3.051757812500000000e-05
7.948913574218750000e-01 -6.167602539062500000e-01 3.051757812500000000e-05
0.000000000000000000e+00 3.051757812500000000e-05 3.051757812500000000e-05
0.000000000000000000e+00 3.051757812500000000e-05 -2.172851562500000000e-02
0.000000000000000000e+00 3.051757812500000000e-05 -9.999694824218750000e-01
0.000000000000000000e+00 3.051757812500000000e-05 -9.999694824218750000e-01
0.000000000000000000e+00 3.051757812500000000e-05 -9.999694824218750000e-01
0.000000000000000000e+00 3.051757812500000000e-05 -9.999694824218750000e-01
0.000000000000000000e+00 3.051757812500000000e-05 -9.999694824218750000e-01
0.000000000000000000e+00 3.051757812500000000e-05 -9.999694824218750000e-01
0.000000000000000000e+00 3.051757812500000000e-05 -9.999694824218750000e-01
0.000000000000000000e+00 3.051757812500000000e-05 -9.999694824218750000e-01
0.000000000000000000e+00 3.051757812500000000e-05 -9.999694824218750000e-01
0.000000000000000000e+00 3.051757812500000000e-05 -9.999694824218750000e-01
0.000000000000000000e+00 3.051757812500000000e-05 -9.999694824218750000e-01
0.000000000000000000e+00 3.051757812500000000e-05 -9.999694824218750000e-01
0.000000000000000000e+00 3.051757812500000000e-05 -9.999694824218750000e-01
0.000000000000000000e+00 3.051757812500000000e-05 -9.999694824218750000e-01
0.000000000000000000e+00 3.051757812500000000e-05 -9.999694824218750000e-01
0.000000000000000000e+00 3.051757812500000000e-05 -9.999694824218750000e-01
0.000000000000000000e+00 3.051757812500000000e-05 -9.999694824218750000e-01
0.000000000000000000e+00 3.051757812500000000e-05 -9.999694824218750000e-01
0.000000000000000000e+00 3.051757812500000000e-05 -9.999694824218750000e-01
0.000000000000000000e+00 3.051757812500000000e-05 -9.999694824218750000e-01
0.000000000000000000e+00 3.051757812500000000e-05 -9.999694824218750000e-01
0.000000000000000000e+00 3.051757812500000000e-05 -9.999694824218750000e-01
0.000000000000000000e+00 3.051757812500000000e-05 -9.999694824218750000e-01
0.000000000000000000e+00 3.051757812500000000e-05 -9.999694824218750000e-01
0.000000000000000000e+00 3.051757812500000000e-05 -9.999694824218750000e-01
0.000000000000000000e+00 3.051757812500000000e-05 -9.999694824218750000e-01
0.000000000000000000e+00 3.051757812500000000e-05 -9.999694824218750000e-01
0.000000000000000000e+00 3.051757812500000000e-05 -9.999694824218750000e-01
0.000000000000000000e+00 3.051757812500000000e-05 -9.999694824218750000e-01
0.000000000000000000e+00 3.051757812500000000e-05 -9.999694824218750000e-01
0.000000000000000000e+00 3.051757812500000000e-05 -9.999694824218750000e-01
0.000000000000000000e+00 3.051757812500000000e-05 -9.999694824218750000e-01
0.000000000000000000e+00 3.051757812500000000e-05 -9.999694824218750000e-01
0.000000000000000000e+00 3.051757812500000000e-05 3.051757812500000000e-05
1.376953125000000000e-01 3.051757812500000000e-05 3.051757812500000000e-05
4.116516113281250000e-01 3.051757812500000000e-05 3.051757812500000000e-05
7.469787597656250000e-01 3.051757812500000000e-05 3.051757812500000000e-05
9.999694824218750000e-01 3.051757812500000000e-05 3.051757812500000000e-05
9.999694824218750000e-01 3.051757812500000000e-05 3.051757812500000000e-05
9.999694824218750000e-01 3.051757812500000000e-05 3.051757812500000000e-05
9.999694824218750000e-01 3.051757812500000000e-05 3.051757812500000000e-05
9.999694824218750000e-01 3.051757812500000000e-05 3.051757812500000000e-05
9.999694824218750000e-01 3.051757812500000000e-05 3.051757812500000000e-05
9.999694824218750000e-01 3.051757812500000000e-05 3.051757812500000000e-05
9.999694824218750000e-01 3.051757812500000000e-05 3.051757812500000000e-05
9.999694824218750000e-01 9.216308593750000000e-03 3.051757812500000000e-05
9.999694824218750000e-01 8.291625976562500000e-02 3.051757812500000000e-05
9.999694824218750000e-01 1.329040527343750000e-01 3.051757812500000000e-05
9.999694824218750000e-01 2.329101562500000000e-01 3.051757812500000000e-05
9.999694824218750000e-01 2.355346679687500000e-01 3.051757812500000000e-05
9.999694824218750000e-01 2.592163085937500000e-01 3.051757812500000000e-05
9.999694824218750000e-01 2.631835937500000000e-01 3.051757812500000000e-05
9.999694824218750000e-01 2.618713378906250000e-01 3.051757812500000000e-05
9.999694824218750000e-01 2.618713378906250000e-01 3.051757812500000000e-05
9.999694824218750000e-01 2.802734375000000000e-01 3.051757812500000000e-05
9.999694824218750000e-01 3.223876953125000000e-01 3.051757812500000000e-05
9.999694824218750000e-01 3.368530273437500000e-01 3.051757812500000000e-05
9.999694824218750000e-01 3.223876953125000000e-01 3.051757812500000000e-05
9.999694824218750000e-01 3.855285644531250000e-01 3.051757812500000000e-05
9.999694824218750000e-01 4.013366699218750000e-01 3.051757812500000000e-05
9.999694824218750000e-01 4.329223632812500000e-01 3.051757812500000000e-05
9.999694824218750000e-01 4.934387207031250000e-01 3.051757812500000000e-05
9.999694824218750000e-01 4.947509765625000000e-01 3.051757812500000000e-05
9.999694824218750000e-01 5.052795410156250000e-01 3.051757812500000000e-05
9.999694824218750000e-01 8.750000000000000000e-01 3.051757812500000000e-05
9.999694824218750000e-01 1.000000000000000000e+00 3.051757812500000000e-05
9.999694824218750000e-01 1.000000000000000000e+00 3.051757812500000000e-05
9.685363769531250000e-01 1.000000000000000000e+00 3.051757812500000000e-05
9.610595703125000000e-01 1.000000000000000000e+00 3.051757812500000000e-05
8.607482910156250000e-01 1.000000000000000000e+00 3.051757812500000000e-05
8.547668457031250000e-01 1.000000000000000000e+00 3.051757812500000000e-05
8.547668457031250000e-01 1.000000000000000000e+00 3.051757812500000000e-05
8.547668457031250000e-01 1.000000000000000000e+00 3.051757812500000000e-05
9.446105957031250000e-01 1.000000000000000000e+00 3.051757812500000000e-05
9.999694824218750000e-01 8.250122070312500000e-01 3.051757812500000000e-05
9.999694824218750000e-01 6.026611328125000000e-01 3.051757812500000000e-05
9.999694824218750000e-01 4.144897460937500000e-01 3.051757812500000000e-05
9.999694824218750000e-01 3.881835937500000000e-01 3.051757812500000000e-05
9.999694824218750000e-01 3.697509765625000000e-01 3.051757812500000000e-05
9.999694824218750000e-01 3.684387207031250000e-01 3.051757812500000000e-05
9.999694824218750000e-01 3.697509765625000000e-01 3.051757812500000000e-05
9.999694824218750000e-01 4.302673339843750000e-01 3.051757812500000000e-05
9.999694824218750000e-01 4.355468750000000000e-01 3.051757812500000000e-05
9.999694824218750000e-01 4.315795898437500000e-01 3.051757812500000000e-05
9.999694824218750000e-01 4.302673339843750000e-01 3.051757812500000000e-05
9.999694824218750000e-01 4.302673339843750000e-01 3.051757812500000000e-05
9.999694824218750000e-01 4.302673339843750000e-01 3.051757812500000000e-05
9.999694824218750000e-01 4.302673339843750000e-01 3.051757812500000000e-05
9.999694824218750000e-01 4.302673339843750000e-01 3.051757812500000000e-05
9.999694824218750000e-01 4.302673339843750000e-01 3.051757812500000000e-05
9.999694824218750000e-01 4.302673339843750000e-01 3.051757812500000000e-05
9.999694824218750000e-01 4.302673339843750000e-01 3.051757812500000000e-05
9.999694824218750000e-01 4.302673339843750000e-01 3.051757812500000000e-05
9.999694824218750000e-01 3.723754882812500000e-01 3.051757812500000000e-05
9.999694824218750000e-01 3.513183593750000000e-01 3.051757812500000000e-05
9.999694824218750000e-01 3.526611328125000000e-01 3.051757812500000000e-05
9.999694824218750000e-01 3.526611328125000000e-01 3.051757812500000000e-05
9.999694824218750000e-01 3.526611328125000000e-01 3.051757812500000000e-05
9.999694824218750000e-01 3.526611328125000000e-01 3.051757812500000000e-05
9.999694824218750000e-01 3.526611328125000000e-01 3.051757812500000000e-05
9.999694824218750000e-01 3.526611328125000000e-01 3.051757812500000000e-05
9.999694824218750000e-01 3.526611328125000000e-01 3.051757812500000000e-05
9.999694824218750000e-01 4.276428222656250000e-01 3.051757812500000000e-05
9.999694824218750000e-01 4.276428222656250000e-01 3.051757812500000000e-05
9.999694824218750000e-01 4.276428222656250000e-01 3.051757812500000000e-05
9.999694824218750000e-01 4.276428222656250000e-01 3.051757812500000000e-05
9.999694824218750000e-01 4.276428222656250000e-01 3.051757812500000000e-05
9.999694824218750000e-01 4.381713867187500000e-01 3.051757812500000000e-05
9.999694824218750000e-01 4.355468750000000000e-01 3.051757812500000000e-05
9.999694824218750000e-01 4.566040039062500000e-01 3.051757812500000000e-05
9.999694824218750000e-01 4.947509765625000000e-01 3.051757812500000000e-05
9.999694824218750000e-01 5.776367187500000000e-01 3.051757812500000000e-05
8.113708496093750000e-01 8.947448730468750000e-01 3.051757812500000000e-05
0.000000000000000000e+00 3.051757812500000000e-05 3.051757812500000000e-05
0.000000000000000000e+00 3.051757812500000000e-05 3.051757812500000000e-05
0.000000000000000000e+00 3.051757812500000000e-05 3.051757812500000000e-05
0.000000000000000000e+00 3.051757812500000000e-05 3.051757812500000000e-05
0.000000000000000000e+00 3.051757812500000000e-05 3.051757812500000000e-05
0.000000000000000000e+00 3.051757812500000000e-05 3.051757812500000000e-05
0.000000000000000000e+00 3.051757812500000000e-05 3.051757812500000000e-05
0.000000000000000000e+00 3.051757812500000000e-05 3.051757812500000000e-05
0.000000000000000000e+00 3.051757812500000000e-05 3.051757812500000000e-05
0.000000000000000000e+00 3.051757812500000000e-05 3.051757812500000000e-05
0.000000000000000000e+00 3.051757812500000000e-05 3.051757812500000000e-05
0.000000000000000000e+00 3.051757812500000000e-05 3.051757812500000000e-05
0.000000000000000000e+00 3.051757812500000000e-05 -9.739074707031250000e-01
0.000000000000000000e+00 3.051757812500000000e-05 -9.999694824218750000e-01
0.000000000000000000e+00 3.051757812500000000e-05 -9.999694824218750000e-01
0.000000000000000000e+00 3.051757812500000000e-05 -9.999694824218750000e-01
0.000000000000000000e+00 3.051757812500000000e-05 -9.999694824218750000e-01
0.000000000000000000e+00 3.051757812500000000e-05 -9.999694824218750000e-01
0.000000000000000000e+00 3.051757812500000000e-05 -9.999694824218750000e-01
0.000000000000000000e+00 3.051757812500000000e-05 3.051757812500000000e-05
0.000000000000000000e+00 3.051757812500000000e-05 3.051757812500000000e-05
0.000000000000000000e+00 3.051757812500000000e-05 3.051757812500000000e-05
0.000000000000000000e+00 3.051757812500000000e-05 3.051757812500000000e-05
0.000000000000000000e+00 5.657958984375000000e-02 3.051757812500000000e-05
9.999694824218750000e-01 9.738159179687500000e-02 3.051757812500000000e-05
9.999694824218750000e-01 1.408081054687500000e-01 3.051757812500000000e-05
9.999694824218750000e-01 2.381591796875000000e-01 3.051757812500000000e-05
9.999694824218750000e-01 2.381591796875000000e-01 3.051757812500000000e-05
9.999694824218750000e-01 1.460571289062500000e-01 3.051757812500000000e-05
9.999694824218750000e-01 6.976318359375000000e-02 3.051757812500000000e-05
9.999694824218750000e-01 3.051757812500000000e-05 3.051757812500000000e-05
9.999694824218750000e-01 3.051757812500000000e-05 3.051757812500000000e-05
9.999694824218750000e-01 3.051757812500000000e-05 3.051757812500000000e-05
0.000000000000000000e+00 3.051757812500000000e-05 3.051757812500000000e-05
0.000000000000000000e+00 3.051757812500000000e-05 -2.709960937500000000e-01
0.000000000000000000e+00 3.051757812500000000e-05 -9.999694824218750000e-01
0.000000000000000000e+00 3.051757812500000000e-05 -9.999694824218750000e-01
0.000000000000000000e+00 3.051757812500000000e-05 -9.999694824218750000e-01
0.000000000000000000e+00 3.051757812500000000e-05 -9.999694824218750000e-01
0.000000000000000000e+00 3.051757812500000000e-05 -9.999694824218750000e-01
0.000000000000000000e+00 3.051757812500000000e-05 -9.999694824218750000e-01
0.000000000000000000e+00 3.051757812500000000e-05 -9.999694824218750000e-01
0.000000000000000000e+00 3.051757812500000000e-05 -9.999694824218750000e-01
0.000000000000000000e+00 3.051757812500000000e-05 -9.999694824218750000e-01
0.000000000000000000e+00 3.051757812500000000e-05 -9.999694824218750000e-01
0.000000000000000000e+00 3.051757812500000000e-05 -9.999694824218750000e-01
0.000000000000000000e+00 3.051757812500000000e-05 -9.999694824218750000e-01
0.000000000000000000e+00 3.051757812500000000e-05 -9.999694824218750000e-01
5.463867187500000000e-01 -1.305236816406250000e-01 -9.999694824218750000e-01
9.999694824218750000e-01 -3.221435546875000000e-01 -9.999694824218750000e-01
9.999694824218750000e-01 -3.496704101562500000e-01 -9.999694824218750000e-01
9.999694824218750000e-01 -3.568725585937500000e-01 3.051757812500000000e-05
9.999694824218750000e-01 -3.640441894531250000e-01 3.051757812500000000e-05
9.999694824218750000e-01 -3.856201171875000000e-01 3.051757812500000000e-05
9.999694824218750000e-01 -3.927917480468750000e-01 3.051757812500000000e-05
9.999694824218750000e-01 -3.963928222656250000e-01 3.051757812500000000e-05
9.999694824218750000e-01 -3.999938964843750000e-01 3.051757812500000000e-05
9.999694824218750000e-01 -4.035644531250000000e-01 3.051757812500000000e-05
9.999694824218750000e-01 -4.023742675781250000e-01 3.051757812500000000e-05
9.999694824218750000e-01 -4.047851562500000000e-01 3.051757812500000000e-05
9.999694824218750000e-01 -4.167480468750000000e-01 3.051757812500000000e-05
9.999694824218750000e-01 -4.934082031250000000e-01 3.051757812500000000e-05
9.999694824218750000e-01 -4.742431640625000000e-01 3.051757812500000000e-05
-4.748535156250000000e-02 1.342773437500000000e-03 3.051757812500000000e-05
0.000000000000000000e+00 3.051757812500000000e-05 -9.999694824218750000e-01
0.000000000000000000e+00 3.051757812500000000e-05 -9.999694824218750000e-01
0.000000000000000000e+00 3.051757812500000000e-05 -9.999694824218750000e-01
0.000000000000000000e+00 3.051757812500000000e-05 -9.999694824218750000e-01
0.000000000000000000e+00 3.051757812500000000e-05 -9.999694824218750000e-01
0.000000000000000000e+00 3.051757812500000000e-05 -9.999694824218750000e-01
0.000000000000000000e+00 3.051757812500000000e-05 -9.999694824218750000e-01
0.000000000000000000e+00 3.051757812500000000e-05 -9.999694824218750000e-01
0.000000000000000000e+00 3.051757812500000000e-05 -9.999694824218750000e-01
0.000000000000000000e+00 3.051757812500000000e-05 -9.999694824218750000e-01
0.000000000000000000e+00 3.051757812500000000e-05 -9.999694824218750000e-01
0.000000000000000000e+00 3.051757812500000000e-05 -9.999694824218750000e-01
0.000000000000000000e+00 3.051757812500000000e-05 -9.999694824218750000e-01
0.000000000000000000e+00 3.051757812500000000e-05 3.051757812500000000e-05
5.119628906250000000e-01 3.051757812500000000e-05 3.051757812500000000e-05
9.999694824218750000e-01 -1.065673828125000000e-01 3.051757812500000000e-05
9.999694824218750000e-01 -1.724548339843750000e-01 3.051757812500000000e-05
9.999694824218750000e-01 3.051757812500000000e-05 3.051757812500000000e-05
9.999694824218750000e-01 3.051757812500000000e-05 3.051757812500000000e-05
9.999694824218750000e-01 3.051757812500000000e-05 3.051757812500000000e-05
9.999694824218750000e-01 3.051757812500000000e-05 3.051757812500000000e-05
9.999694824218750000e-01 3.051757812500000000e-05 3.051757812500000000e-05
9.999694824218750000e-01 3.051757812500000000e-05 3.051757812500000000e-05
9.999694824218750000e-01 3.051757812500000000e-05 3.051757812500000000e-05
9.999694824218750000e-01 3.051757812500000000e-05 3.051757812500000000e-05
9.999694824218750000e-01 3.051757812500000000e-05 3.051757812500000000e-05
9.999694824218750000e-01 -2.752685546875000000e-02 3.051757812500000000e-05
9.999694824218750000e-01 -5.267333984375000000e-02 3.051757812500000000e-05
9.999694824218750000e-01 -7.064819335937500000e-02 3.051757812500000000e-05
9.999694824218750000e-01 -1.065673828125000000e-01 3.051757812500000000e-05
9.999694824218750000e-01 -1.005859375000000000e-01 3.051757812500000000e-05
9.999694824218750000e-01 -1.149597167968750000e-01 3.051757812500000000e-05
9.999694824218750000e-01 -1.149597167968750000e-01 3.051757812500000000e-05
9.999694824218750000e-01 -1.137695312500000000e-01 3.051757812500000000e-05
9.999694824218750000e-01 -1.185607910156250000e-01 3.051757812500000000e-05
9.999694824218750000e-01 -1.389160156250000000e-01 3.051757812500000000e-05
9.999694824218750000e-01 -1.412963867187500000e-01 3.051757812500000000e-05
9.999694824218750000e-01 -8.142089843750000000e-02 3.051757812500000000e-05
0.000000000000000000e+00 3.051757812500000000e-05 3.051757812500000000e-05
0.000000000000000000e+00 3.051757812500000000e-05 3.051757812500000000e-05
0.000000000000000000e+00 3.051757812500000000e-05 3.051757812500000000e-05
0.000000000000000000e+00 3.051757812500000000e-05 3.051757812500000000e-05
0.000000000000000000e+00 3.051757812500000000e-05 3.051757812500000000e-05
0.000000000000000000e+00 3.051757812500000000e-05 3.051757812500000000e-05
0.000000000000000000e+00 3.051757812500000000e-05 3.051757812500000000e-05
0.000000000000000000e+00 3.051757812500000000e-05 3.051757812500000000e-05
0.000000000000000000e+00 3.051757812500000000e-05 3.051757812500000000e-05
0.000000000000000000e+00 3.051757812500000000e-05 3.051757812500000000e-05
0.000000000000000000e+00 3.051757812500000000e-05 3.051757812500000000e-05
0.000000000000000000e+00 3.051757812500000000e-05 3.051757812500000000e-05
0.000000000000000000e+00 3.051757812500000000e-05 3.051757812500000000e-05
0.000000000000000000e+00 3.051757812500000000e-05 3.051757812500000000e-05
0.000000000000000000e+00 3.051757812500000000e-05 3.051757812500000000e-05
0.000000000000000000e+00 3.051757812500000000e-05 3.051757812500000000e-05
0.000000000000000000e+00 3.051757812500000000e-05 3.051757812500000000e-05
0.000000000000000000e+00 3.051757812500000000e-05 3.051757812500000000e-05
0.000000000000000000e+00 3.051757812500000000e-05 3.051757812500000000e-05
0.000000000000000000e+00 3.051757812500000000e-05 3.051757812500000000e-05
0.000000000000000000e+00 3.051757812500000000e-05 3.051757812500000000e-05
0.000000000000000000e+00 3.051757812500000000e-05 3.051757812500000000e-05
0.000000000000000000e+00 3.051757812500000000e-05 3.051757812500000000e-05
0.000000000000000000e+00 3.051757812500000000e-05 3.051757812500000000e-05
0.000000000000000000e+00 3.051757812500000000e-05 3.051757812500000000e-05
0.000000000000000000e+00 3.051757812500000000e-05 3.051757812500000000e-05
0.000000000000000000e+00 3.051757812500000000e-05 3.051757812500000000e-05
0.000000000000000000e+00 3.051757812500000000e-05 3.051757812500000000e-05
0.000000000000000000e+00 3.051757812500000000e-05 3.051757812500000000e-05
0.000000000000000000e+00 3.051757812500000000e-05 3.051757812500000000e-05
0.000000000000000000e+00 3.051757812500000000e-05 3.051757812500000000e-05
0.000000000000000000e+00 3.051757812500000000e-05 3.051757812500000000e-05
0.000000000000000000e+00 3.051757812500000000e-05 3.051757812500000000e-05
0.000000000000000000e+00 3.051757812500000000e-05 3.051757812500000000e-05
0.000000000000000000e+00 3.051757812500000000e-05 3.051757812500000000e-05
0.000000000000000000e+00 3.051757812500000000e-05 3.051757812500000000e-05
0.000000000000000000e+00 3.051757812500000000e-05 3.051757812500000000e-05
0.000000000000000000e+00 3.051757812500000000e-05 3.051757812500000000e-05
0.000000000000000000e+00 3.051757812500000000e-05 3.051757812500000000e-05
0.000000000000000000e+00 3.051757812500000000e-05 3.051757812500000000e-05
0.000000000000000000e+00 3.051757812500000000e-05 3.051757812500000000e-05
0.000000000000000000e+00 3.051757812500000000e-05 3.051757812500000000e-05
0.000000000000000000e+00 3.051757812500000000e-05 3.051757812500000000e-05
0.000000000000000000e+00 3.051757812500000000e-05 3.051757812500000000e-05
0.000000000000000000e+00 3.051757812500000000e-05 3.051757812500000000e-05
0.000000000000000000e+00 3.051757812500000000e-05 3.051757812500000000e-05
0.000000000000000000e+00 3.051757812500000000e-05 3.051757812500000000e-05
0.000000000000000000e+00 3.051757812500000000e-05 3.051757812500000000e-05
0.000000000000000000e+00 3.051757812500000000e-05 3.051757812500000000e-05
0.000000000000000000e+00 3.051757812500000000e-05 3.051757812500000000e-05
0.000000000000000000e+00 3.051757812500000000e-05 3.051757812500000000e-05
0.000000000000000000e+00 3.051757812500000000e-05 3.051757812500000000e-05
