0.000000000000000000e+00 3.051757812500000000e-05 3.051757812500000000e-05
0.000000000000000000e+00 3.051757812500000000e-05 3.051757812500000000e-05
0.000000000000000000e+00 3.051757812500000000e-05 3.051757812500000000e-05
0.000000000000000000e+00 3.051757812500000000e-05 3.051757812500000000e-05
0.000000000000000000e+00 3.051757812500000000e-05 3.051757812500000000e-05
0.000000000000000000e+00 3.051757812500000000e-05 3.051757812500000000e-05
0.000000000000000000e+00 3.051757812500000000e-05 3.051757812500000000e-05
0.000000000000000000e+00 3.051757812500000000e-05 3.051757812500000000e-05
0.000000000000000000e+00 3.051757812500000000e-05 3.051757812500000000e-05
0.000000000000000000e+00 3.051757812500000000e-05 3.051757812500000000e-05
0.000000000000000000e+00 3.051757812500000000e-05 3.051757812500000000e-05
0.000000000000000000e+00 3.051757812500000000e-05 3.051757812500000000e-05
0.000000000000000000e+00 3.051757812500000000e-05 3.051757812500000000e-05
0.000000000000000000e+00 3.051757812500000000e-05 3.051757812500000000e-05
0.000000000000000000e+00 3.051757812500000000e-05 3.051757812500000000e-05
0.000000000000000000e+00 3.051757812500000000e-05 3.051757812500000000e-05
0.000000000000000000e+00 3.051757812500000000e-05 3.051757812500000000e-05
0.000000000000000000e+00 3.051757812500000000e-05 3.051757812500000000e-05
0.000000000000000000e+00 3.051757812500000000e-05 3.051757812500000000e-05
0.000000000000000000e+00 3.051757812500000000e-05 3.051757812500000000e-05
0.000000000000000000e+00 3.051757812500000000e-05 3.051757812500000000e-05
0.000000000000000000e+00 3.051757812500000000e-05 3.051757812500000000e-05
0.000000000000000000e+00 3.051757812500000000e-05 3.051757812500000000e-05
0.000000000000000000e+00 3.051757812500000000e-05 3.051757812500000000e-05
0.000000000000000000e+00 3.051757812500000000e-05 3.051757812500000000e-05
0.000000000000000000e+00 3.051757812500000000e-05 3.051757812500000000e-05
0.000000000000000000e+00 3.051757812500000000e-05 3.051757812500000000e-05
0.000000000000000000e+00 3.051757812500000000e-05 3.051757812500000000e-05
0.000000000000000000e+00 3.051757812500000000e-05 3.051757812500000000e-05
0.000000000000000000e+00 3.051757812500000000e-05 3.051757812500000000e-05
0.000000000000000000e+00 3.051757812500000000e-05 3.051757812500000000e-05
0.000000000000000000e+00 3.051757812500000000e-05 3.051757812500000000e-05
0.000000000000000000e+00 3.051757812500000000e-05 3.051757812500000000e-05
0.000000000000000000e+00 3.051757812500000000e-05 3.051757812500000000e-05
0.000000000000000000e+00 3.051757812500000000e-05 3.051757812500000000e-05
0.000000000000000000e+00 3.051757812500000000e-05 3.051757812500000000e-05
0.000000000000000000e+00 3.051757812500000000e-05 3.051757812500000000e-05
0.000000000000000000e+00 3.051757812500000000e-05 3.051757812500000000e-05
0.000000000000000000e+00 3.051757812500000000e-05 3.051757812500000000e-05
0.000000000000000000e+00 3.051757812500000000e-05 3.051757812500000000e-05
0.000000000000000000e+00 3.051757812500000000e-05 3.051757812500000000e-05
0.000000000000000000e+00 3.051757812500000000e-05 3.051757812500000000e-05
0.000000000000000000e+00 3.051757812500000000e-05 3.051757812500000000e-05
0.000000000000000000e+00 3.051757812500000000e-05 3.051757812500000000e-05
0.000000000000000000e+00 3.051757812500000000e-05 3.051757812500000000e-05
0.000000000000000000e+00 3.051757812500000000e-05 3.051757812500000000e-05
0.000000000000000000e+00 3.051757812500000000e-05 3.051757812500000000e-05
0.000000000000000000e+00 3.051757812500000000e-05 3.051757812500000000e-05
0.000000000000000000e+00 3.051757812500000000e-05 3.051757812500000000e-05
0.000000000000000000e+00 3.051757812500000000e-05 3.051757812500000000e-05
0.000000000000000000e+00 3.051757812500000000e-05 3.051757812500000000e-05
0.000000000000000000e+00 3.051757812500000000e-05 3.051757812500000000e-05
0.000000000000000000e+00 3.051757812500000000e-05 3.051757812500000000e-05
0.000000000000000000e+00 3.051757812500000000e-05 3.051757812500000000e-05
0.000000000000000000e+00 3.051757812500000000e-05 3.051757812500000000e-05
0.000000000000000000e+00 3.051757812500000000e-05 3.051757812500000000e-05
0.000000000000000000e+00 3.051757812500000000e-05 3.051757812500000000e-05
0.000000000000000000e+00 3.051757812500000000e-05 3.051757812500000000e-05
0.000000000000000000e+00 3.051757812500000000e-05 3.051757812500000000e-05
0.000000000000000000e+00 3.051757812500000000e-05 3.051757812500000000e-05
0.000000000000000000e+00 3.051757812500000000e-05 3.051757812500000000e-05
0.000000000000000000e+00 3.051757812500000000e-05 3.051757812500000000e-05
0.000000000000000000e+00 3.051757812500000000e-05 3.051757812500000000e-05
0.000000000000000000e+00 3.051757812500000000e-05 3.051757812500000000e-05
0.000000000000000000e+00 3.051757812500000000e-05 3.051757812500000000e-05
0.000000000000000000e+00 3.051757812500000000e-05 3.051757812500000000e-05
0.000000000000000000e+00 3.051757812500000000e-05 3.051757812500000000e-05
0.000000000000000000e+00 3.051757812500000000e-05 3.051757812500000000e-05
0.000000000000000000e+00 3.051757812500000000e-05 3.051757812500000000e-05
0.000000000000000000e+00 3.051757812500000000e-05 3.051757812500000000e-05
0.000000000000000000e+00 3.051757812500000000e-05 3.051757812500000000e-05
0.000000000000000000e+00 3.051757812500000000e-05 3.051757812500000000e-05
0.000000000000000000e+00 3.051757812500000000e-05 3.051757812500000000e-05
0.000000000000000000e+00 3.051757812500000000e-05 3.051757812500000000e-05
0.000000000000000000e+00 3.051757812500000000e-05 3.051757812500000000e-05
0.000000000000000000e+00 3.051757812500000000e-05 3.051757812500000000e-05
0.000000000000000000e+00 3.051757812500000000e-05 3.051757812500000000e-05
0.000000000000000000e+00 3.051757812500000000e-05 3.051757812500000000e-05
0.000000000000000000e+00 3.051757812500000000e-05 3.051757812500000000e-05
0.000000000000000000e+00 3.051757812500000000e-05 3.051757812500000000e-05
0.000000000000000000e+00 3.051757812500000000e-05 3.051757812500000000e-05
0.000000000000000000e+00 3.051757812500000000e-05 3.051757812500000000e-05
0.000000000000000000e+00 3.051757812500000000e-05 3.051757812500000000e-05
0.000000000000000000e+00 3.051757812500000000e-05 3.051757812500000000e-05
0.000000000000000000e+00 3.051757812500000000e-05 3.051757812500000000e-05
0.000000000000000000e+00 3.051757812500000000e-05 3.051757812500000000e-05
0.000000000000000000e+00 3.051757812500000000e-05 3.051757812500000000e-05
0.000000000000000000e+00 3.051757812500000000e-05 3.051757812500000000e-05
0.000000000000000000e+00 3.051757812500000000e-05 3.051757812500000000e-05
0.000000000000000000e+00 3.051757812500000000e-05 3.051757812500000000e-05
0.000000000000000000e+00 3.051757812500000000e-05 3.051757812500000000e-05
0.000000000000000000e+00 3.051757812500000000e-05 3.051757812500000000e-05
0.000000000000000000e+00 3.051757812500000000e-05 3.051757812500000000e-05
0.000000000000000000e+00 3.051757812500000000e-05 3.051757812500000000e-05
0.000000000000000000e+00 3.051757812500000000e-05 3.051757812500000000e-05
0.000000000000000000e+00 3.051757812500000000e-05 3.051757812500000000e-05
0.000000000000000000e+00 3.051757812500000000e-05 3.051757812500000000e-05
0.000000000000000000e+00 3.051757812500000000e-05 3.051757812500000000e-05
0.000000000000000000e+00 3.051757812500000000e-05 3.051757812500000000e-05
0.000000000000000000e+00 3.051757812500000000e-05 3.051757812500000000e-05
0.000000000000000000e+00 3.051757812500000000e-05 3.051757812500000000e-05
0.000000000000000000e+00 3.051757812500000000e-05 3.051757812500000000e-05
0.000000000000000000e+00 3.051757812500000000e-05 3.051757812500000000e-05
0.000000000000000000e+00 3.051757812500000000e-05 3.051757812500000000e-05
0.000000000000000000e+00 3.051757812500000000e-05 3.051757812500000000e-05
0.000000000000000000e+00 3.051757812500000000e-05 3.051757812500000000e-05
0.000000000000000000e+00 3.051757812500000000e-05 3.051757812500000000e-05
0.000000000000000000e+00 3.051757812500000000e-05 3.051757812500000000e-05
0.000000000000000000e+00 3.051757812500000000e-05 3.051757812500000000e-05
0.000000000000000000e+00 3.051757812500000000e-05 3.051757812500000000e-05
0.000000000000000000e+00 3.051757812500000000e-05 3.051757812500000000e-05
0.000000000000000000e+00 3.051757812500000000e-05 3.051757812500000000e-05
0.000000000000000000e+00 3.051757812500000000e-05 3.051757812500000000e-05
0.000000000000000000e+00 3.051757812500000000e-05 3.051757812500000000e-05
0.000000000000000000e+00 3.051757812500000000e-05 3.051757812500000000e-05
0.000000000000000000e+00 3.051757812500000000e-05 3.051757812500000000e-05
0.000000000000000000e+00 3.051757812500000000e-05 3.051757812500000000e-05
0.000000000000000000e+00 3.051757812500000000e-05 3.051757812500000000e-05
0.000000000000000000e+00 3.051757812500000000e-05 3.051757812500000000e-05
0.000000000000000000e+00 3.051757812500000000e-05 3.051757812500000000e-05
0.000000000000000000e+00 3.051757812500000000e-05 3.051757812500000000e-05
0.000000000000000000e+00 3.051757812500000000e-05 3.051757812500000000e-05
0.000000000000000000e+00 3.051757812500000000e-05 3.051757812500000000e-05
0.000000000000000000e+00 3.051757812500000000e-05 3.051757812500000000e-05
0.000000000000000000e+00 3.051757812500000000e-05 3.051757812500000000e-05
0.000000000000000000e+00 3.051757812500000000e-05 3.051757812500000000e-05
0.000000000000000000e+00 3.051757812500000000e-05 3.051757812500000000e-05
0.000000000000000000e+00 3.051757812500000000e-05 3.051757812500000000e-05
0.000000000000000000e+00 3.051757812500000000e-05 3.051757812500000000e-05
0.000000000000000000e+00 3.051757812500000000e-05 3.051757812500000000e-05
0.000000000000000000e+00 3.051757812500000000e-05 3.051757812500000000e-05
0.000000000000000000e+00 3.051757812500000000e-05 3.051757812500000000e-05
0.000000000000000000e+00 3.051757812500000000e-05 3.051757812500000000e-05
0.000000000000000000e+00 3.051757812500000000e-05 3.051757812500000000e-05
0.000000000000000000e+00 3.051757812500000000e-05 3.051757812500000000e-05
0.000000000000000000e+00 3.051757812500000000e-05 3.051757812500000000e-05
0.000000000000000000e+00 3.051757812500000000e-05 3.051757812500000000e-05
0.000000000000000000e+00 3.051757812500000000e-05 3.051757812500000000e-05
0.000000000000000000e+00 3.051757812500000000e-05 3.051757812500000000e-05
0.000000000000000000e+00 3.051757812500000000e-05 3.051757812500000000e-05
0.000000000000000000e+00 3.051757812500000000e-05 3.051757812500000000e-05
0.000000000000000000e+00 3.051757812500000000e-05 3.051757812500000000e-05
0.000000000000000000e+00 3.051757812500000000e-05 3.051757812500000000e-05
0.000000000000000000e+00 3.051757812500000000e-05 3.051757812500000000e-05
0.000000000000000000e+00 3.051757812500000000e-05 3.051757812500000000e-05
0.000000000000000000e+00 3.051757812500000000e-05 3.051757812500000000e-05
0.000000000000000000e+00 3.051757812500000000e-05 3.051757812500000000e-05
0.000000000000000000e+00 3.051757812500000000e-05 3.051757812500000000e-05
0.000000000000000000e+00 3.051757812500000000e-05 3.051757812500000000e-05
0.000000000000000000e+00 3.051757812500000000e-05 3.051757812500000000e-05
0.000000000000000000e+00 3.051757812500000000e-05 3.051757812500000000e-05
0.000000000000000000e+00 3.051757812500000000e-05 3.051757812500000000e-05
0.000000000000000000e+00 3.051757812500000000e-05 3.051757812500000000e-05
0.000000000000000000e+00 3.051757812500000000e-05 3.051757812500000000e-05
0.000000000000000000e+00 3.051757812500000000e-05 3.051757812500000000e-05
0.000000000000000000e+00 3.051757812500000000e-05 3.051757812500000000e-05
0.000000000000000000e+00 3.051757812500000000e-05 3.051757812500000000e-05
0.000000000000000000e+00 3.051757812500000000e-05 3.051757812500000000e-05
0.000000000000000000e+00 3.051757812500000000e-05 3.051757812500000000e-05
0.000000000000000000e+00 3.051757812500000000e-05 3.051757812500000000e-05
0.000000000000000000e+00 3.051757812500000000e-05 3.051757812500000000e-05
0.000000000000000000e+00 3.051757812500000000e-05 3.051757812500000000e-05
0.000000000000000000e+00 3.051757812500000000e-05 3.051757812500000000e-05
0.000000000000000000e+00 3.051757812500000000e-05 3.051757812500000000e-05
0.000000000000000000e+00 3.051757812500000000e-05 3.051757812500000000e-05
0.000000000000000000e+00 3.051757812500000000e-05 3.051757812500000000e-05
0.000000000000000000e+00 3.051757812500000000e-05 3.051757812500000000e-05
0.000000000000000000e+00 3.051757812500000000e-05 3.051757812500000000e-05
0.000000000000000000e+00 3.051757812500000000e-05 3.051757812500000000e-05
0.000000000000000000e+00 3.051757812500000000e-05 3.051757812500000000e-05
0.000000000000000000e+00 3.051757812500000000e-05 3.051757812500000000e-05
0.000000000000000000e+00 3.051757812500000000e-05 3.051757812500000000e-05
0.000000000000000000e+00 3.051757812500000000e-05 3.051757812500000000e-05
0.000000000000000000e+00 3.051757812500000000e-05 3.051757812500000000e-05
0.000000000000000000e+00 3.051757812500000000e-05 3.051757812500000000e-05
0.000000000000000000e+00 3.051757812500000000e-05 3.051757812500000000e-05
0.000000000000000000e+00 3.051757812500000000e-05 3.051757812500000000e-05
0.000000000000000000e+00 3.051757812500000000e-05 3.051757812500000000e-05
0.000000000000000000e+00 3.051757812500000000e-05 3.051757812500000000e-05
0.000000000000000000e+00 3.051757812500000000e-05 3.051757812500000000e-05
0.000000000000000000e+00 3.051757812500000000e-05 3.051757812500000000e-05
0.000000000000000000e+00 3.051757812500000000e-05 3.051757812500000000e-05
0.000000000000000000e+00 3.051757812500000000e-05 3.051757812500000000e-05
0.000000000000000000e+00 3.051757812500000000e-05 3.051757812500000000e-05
0.000000000000000000e+00 3.051757812500000000e-05 3.051757812500000000e-05
0.000000000000000000e+00 3.051757812500000000e-05 3.051757812500000000e-05
0.000000000000000000e+00 3.051757812500000000e-05 3.051757812500000000e-05
0.000000000000000000e+00 3.051757812500000000e-05 3.051757812500000000e-05
0.000000000000000000e+00 3.051757812500000000e-05 3.051757812500000000e-05
0.000000000000000000e+00 3.051757812500000000e-05 3.051757812500000000e-05
0.000000000000000000e+00 3.051757812500000000e-05 3.051757812500000000e-05
0.000000000000000000e+00 3.051757812500000000e-05 3.051757812500000000e-05
0.000000000000000000e+00 3.051757812500000000e-05 3.051757812500000000e-05
0.000000000000000000e+00 3.051757812500000000e-05 3.051757812500000000e-05
0.000000000000000000e+00 3.051757812500000000e-05 3.051757812500000000e-05
0.000000000000000000e+00 3.051757812500000000e-05 3.051757812500000000e-05
0.000000000000000000e+00 3.051757812500000000e-05 3.051757812500000000e-05
0.000000000000000000e+00 3.051757812500000000e-05 3.051757812500000000e-05
0.000000000000000000e+00 3.051757812500000000e-05 3.051757812500000000e-05
0.000000000000000000e+00 3.051757812500000000e-05 3.051757812500000000e-05
0.000000000000000000e+00 3.051757812500000000e-05 3.051757812500000000e-05
0.000000000000000000e+00 3.051757812500000000e-05 3.051757812500000000e-05
0.000000000000000000e+00 3.051757812500000000e-05 3.051757812500000000e-05
0.000000000000000000e+00 3.051757812500000000e-05 3.051757812500000000e-05
0.000000000000000000e+00 3.051757812500000000e-05 3.051757812500000000e-05
0.000000000000000000e+00 3.051757812500000000e-05 3.051757812500000000e-05
0.000000000000000000e+00 3.051757812500000000e-05 3.051757812500000000e-05
0.000000000000000000e+00 3.051757812500000000e-05 3.051757812500000000e-05
0.000000000000000000e+00 3.051757812500000000e-05 3.051757812500000000e-05
0.000000000000000000e+00 3.051757812500000000e-05 3.051757812500000000e-05
0.000000000000000000e+00 3.051757812500000000e-05 3.051757812500000000e-05
0.000000000000000000e+00 3.051757812500000000e-05 3.051757812500000000e-05
0.000000000000000000e+00 3.051757812500000000e-05 3.051757812500000000e-05
0.000000000000000000e+00 3.051757812500000000e-05 3.051757812500000000e-05
0.000000000000000000e+00 3.051757812500000000e-05 3.051757812500000000e-05
0.000000000000000000e+00 3.051757812500000000e-05 3.051757812500000000e-05
0.000000000000000000e+00 3.051757812500000000e-05 3.051757812500000000e-05
0.000000000000000000e+00 3.051757812500000000e-05 3.051757812500000000e-05
0.000000000000000000e+00 3.051757812500000000e-05 3.051757812500000000e-05
0.000000000000000000e+00 3.051757812500000000e-05 3.051757812500000000e-05
0.000000000000000000e+00 3.051757812500000000e-05 3.051757812500000000e-05
0.000000000000000000e+00 3.051757812500000000e-05 3.051757812500000000e-05
0.000000000000000000e+00 3.051757812500000000e-05 3.051757812500000000e-05
0.000000000000000000e+00 3.051757812500000000e-05 3.051757812500000000e-05
0.000000000000000000e+00 3.051757812500000000e-05 3.051757812500000000e-05
0.000000000000000000e+00 3.051757812500000000e-05 3.051757812500000000e-05
0.000000000000000000e+00 3.051757812500000000e-05 3.051757812500000000e-05
0.000000000000000000e+00 3.051757812500000000e-05 3.051757812500000000e-05
0.000000000000000000e+00 3.051757812500000000e-05 3.051757812500000000e-05
0.000000000000000000e+00 3.051757812500000000e-05 3.051757812500000000e-05
0.000000000000000000e+00 3.051757812500000000e-05 3.051757812500000000e-05
0.000000000000000000e+00 3.051757812500000000e-05 3.051757812500000000e-05
0.000000000000000000e+00 3.051757812500000000e-05 3.051757812500000000e-05
0.000000000000000000e+00 3.051757812500000000e-05 3.051757812500000000e-05
0.000000000000000000e+00 3.051757812500000000e-05 3.051757812500000000e-05
0.000000000000000000e+00 3.051757812500000000e-05 3.051757812500000000e-05
0.000000000000000000e+00 3.051757812500000000e-05 3.051757812500000000e-05
0.000000000000000000e+00 3.051757812500000000e-05 3.051757812500000000e-05
0.000000000000000000e+00 3.051757812500000000e-05 3.051757812500000000e-05
0.000000000000000000e+00 3.051757812500000000e-05 3.051757812500000000e-05
0.000000000000000000e+00 3.051757812500000000e-05 3.051757812500000000e-05
0.000000000000000000e+00 3.051757812500000000e-05 3.051757812500000000e-05
0.000000000000000000e+00 3.051757812500000000e-05 3.051757812500000000e-05
0.000000000000000000e+00 3.051757812500000000e-05 3.051757812500000000e-05
0.000000000000000000e+00 3.051757812500000000e-05 3.051757812500000000e-05
0.000000000000000000e+00 3.051757812500000000e-05 3.051757812500000000e-05
0.000000000000000000e+00 3.051757812500000000e-05 3.051757812500000000e-05
0.000000000000000000e+00 3.051757812500000000e-05 3.051757812500000000e-05
0.000000000000000000e+00 3.051757812500000000e-05 3.051757812500000000e-05
0.000000000000000000e+00 3.051757812500000000e-05 3.051757812500000000e-05
0.000000000000000000e+00 3.051757812500000000e-05 3.051757812500000000e-05
0.000000000000000000e+00 3.051757812500000000e-05 3.051757812500000000e-05
0.000000000000000000e+00 3.051757812500000000e-05 3.051757812500000000e-05
0.000000000000000000e+00 3.051757812500000000e-05 3.051757812500000000e-05
0.000000000000000000e+00 3.051757812500000000e-05 3.051757812500000000e-05
0.000000000000000000e+00 3.051757812500000000e-05 3.051757812500000000e-05
0.000000000000000000e+00 3.051757812500000000e-05 3.051757812500000000e-05
0.000000000000000000e+00 3.051757812500000000e-05 3.051757812500000000e-05
0.000000000000000000e+00 3.051757812500000000e-05 3.051757812500000000e-05
0.000000000000000000e+00 3.051757812500000000e-05 3.051757812500000000e-05
0.000000000000000000e+00 3.051757812500000000e-05 3.051757812500000000e-05
0.000000000000000000e+00 3.051757812500000000e-05 3.051757812500000000e-05
0.000000000000000000e+00 3.051757812500000000e-05 3.051757812500000000e-05
0.000000000000000000e+00 3.051757812500000000e-05 3.051757812500000000e-05
0.000000000000000000e+00 3.051757812500000000e-05 3.051757812500000000e-05
0.000000000000000000e+00 3.051757812500000000e-05 3.051757812500000000e-05
0.000000000000000000e+00 3.051757812500000000e-05 3.051757812500000000e-05
0.000000000000000000e+00 3.051757812500000000e-05 3.051757812500000000e-05
0.000000000000000000e+00 3.051757812500000000e-05 3.051757812500000000e-05
0.000000000000000000e+00 3.051757812500000000e-05 3.051757812500000000e-05
0.000000000000000000e+00 3.051757812500000000e-05 3.051757812500000000e-05
0.000000000000000000e+00 3.051757812500000000e-05 3.051757812500000000e-05
0.000000000000000000e+00 3.051757812500000000e-05 3.051757812500000000e-05
0.000000000000000000e+00 3.051757812500000000e-05 3.051757812500000000e-05
0.000000000000000000e+00 3.051757812500000000e-05 3.051757812500000000e-05
0.000000000000000000e+00 3.051757812500000000e-05 3.051757812500000000e-05
0.000000000000000000e+00 3.051757812500000000e-05 3.051757812500000000e-05
0.000000000000000000e+00 3.051757812500000000e-05 3.051757812500000000e-05
0.000000000000000000e+00 3.051757812500000000e-05 3.051757812500000000e-05
0.000000000000000000e+00 3.051757812500000000e-05 3.051757812500000000e-05
0.000000000000000000e+00 3.051757812500000000e-05 3.051757812500000000e-05
0.000000000000000000e+00 3.051757812500000000e-05 3.051757812500000000e-05
0.000000000000000000e+00 3.051757812500000000e-05 3.051757812500000000e-05
0.000000000000000000e+00 3.051757812500000000e-05 3.051757812500000000e-05
0.000000000000000000e+00 3.051757812500000000e-05 3.051757812500000000e-05
0.000000000000000000e+00 3.051757812500000000e-05 3.051757812500000000e-05
0.000000000000000000e+00 3.051757812500000000e-05 3.051757812500000000e-05
0.000000000000000000e+00 3.051757812500000000e-05 3.051757812500000000e-05
0.000000000000000000e+00 3.051757812500000000e-05 3.051757812500000000e-05
0.000000000000000000e+00 3.051757812500000000e-05 3.051757812500000000e-05
0.000000000000000000e+00 3.051757812500000000e-05 3.051757812500000000e-05
0.000000000000000000e+00 3.051757812500000000e-05 3.051757812500000000e-05
0.000000000000000000e+00 3.051757812500000000e-05 3.051757812500000000e-05
0.000000000000000000e+00 3.051757812500000000e-05 3.051757812500000000e-05
0.000000000000000000e+00 3.051757812500000000e-05 3.051757812500000000e-05
0.000000000000000000e+00 3.051757812500000000e-05 3.051757812500000000e-05
0.000000000000000000e+00 3.051757812500000000e-05 3.051757812500000000e-05
0.000000000000000000e+00 3.051757812500000000e-05 3.051757812500000000e-05
0.000000000000000000e+00 3.051757812500000000e-05 3.051757812500000000e-05
0.000000000000000000e+00 3.051757812500000000e-05 3.051757812500000000e-05
0.000000000000000000e+00 3.051757812500000000e-05 3.051757812500000000e-05
0.000000000000000000e+00 3.051757812500000000e-05 3.051757812500000000e-05
0.000000000000000000e+00 3.051757812500000000e-05 3.051757812500000000e-05
0.000000000000000000e+00 3.051757812500000000e-05 3.051757812500000000e-05
0.000000000000000000e+00 3.051757812500000000e-05 3.051757812500000000e-05
0.000000000000000000e+00 3.051757812500000000e-05 3.051757812500000000e-05
0.000000000000000000e+00 3.051757812500000000e-05 3.051757812500000000e-05
0.000000000000000000e+00 3.051757812500000000e-05 3.051757812500000000e-05
0.000000000000000000e+00 3.051757812500000000e-05 3.051757812500000000e-05
0.000000000000000000e+00 3.051757812500000000e-05 3.051757812500000000e-05
0.000000000000000000e+00 3.051757812500000000e-05 3.051757812500000000e-05
0.000000000000000000e+00 3.051757812500000000e-05 3.051757812500000000e-05
0.000000000000000000e+00 3.051757812500000000e-05 3.051757812500000000e-05
0.000000000000000000e+00 3.051757812500000000e-05 3.051757812500000000e-05
0.000000000000000000e+00 3.051757812500000000e-05 3.051757812500000000e-05
0.000000000000000000e+00 3.051757812500000000e-05 3.051757812500000000e-05
0.000000000000000000e+00 3.051757812500000000e-05 3.051757812500000000e-05
0.000000000000000000e+00 3.051757812500000000e-05 3.051757812500000000e-05
0.000000000000000000e+00 3.051757812500000000e-05 3.051757812500000000e-05
0.000000000000000000e+00 3.051757812500000000e-05 3.051757812500000000e-05
0.000000000000000000e+00 3.051757812500000000e-05 3.051757812500000000e-05
0.000000000000000000e+00 3.051757812500000000e-05 3.051757812500000000e-05
0.000000000000000000e+00 3.051757812500000000e-05 3.051757812500000000e-05
0.000000000000000000e+00 3.051757812500000000e-05 3.051757812500000000e-05
0.000000000000000000e+00 3.051757812500000000e-05 3.051757812500000000e-05
0.000000000000000000e+00 3.051757812500000000e-05 3.051757812500000000e-05
0.000000000000000000e+00 3.051757812500000000e-05 3.051757812500000000e-05
0.000000000000000000e+00 3.051757812500000000e-05 3.051757812500000000e-05
0.000000000000000000e+00 3.051757812500000000e-05 3.051757812500000000e-05
0.000000000000000000e+00 3.051757812500000000e-05 3.051757812500000000e-05
0.000000000000000000e+00 3.051757812500000000e-05 3.051757812500000000e-05
0.000000000000000000e+00 3.051757812500000000e-05 3.051757812500000000e-05
0.000000000000000000e+00 3.051757812500000000e-05 3.051757812500000000e-05
0.000000000000000000e+00 3.051757812500000000e-05 3.051757812500000000e-05
0.000000000000000000e+00 3.051757812500000000e-05 3.051757812500000000e-05
0.000000000000000000e+00 3.051757812500000000e-05 3.051757812500000000e-05
0.000000000000000000e+00 3.051757812500000000e-05 3.051757812500000000e-05
0.000000000000000000e+00 3.051757812500000000e-05 3.051757812500000000e-05
0.000000000000000000e+00 3.051757812500000000e-05 3.051757812500000000e-05
0.000000000000000000e+00 3.051757812500000000e-05 3.051757812500000000e-05
0.000000000000000000e+00 3.051757812500000000e-05 3.051757812500000000e-05
0.000000000000000000e+00 3.051757812500000000e-05 3.051757812500000000e-05
0.000000000000000000e+00 3.051757812500000000e-05 3.051757812500000000e-05
0.000000000000000000e+00 3.051757812500000000e-05 3.051757812500000000e-05
0.000000000000000000e+00 3.051757812500000000e-05 3.051757812500000000e-05
0.000000000000000000e+00 3.051757812500000000e-05 3.051757812500000000e-05
0.000000000000000000e+00 3.051757812500000000e-05 3.051757812500000000e-05
0.000000000000000000e+00 3.051757812500000000e-05 3.051757812500000000e-05
0.000000000000000000e+00 3.051757812500000000e-05 3.051757812500000000e-05
0.000000000000000000e+00 3.051757812500000000e-05 3.051757812500000000e-05
0.000000000000000000e+00 3.051757812500000000e-05 3.051757812500000000e-05
0.000000000000000000e+00 3.051757812500000000e-05 3.051757812500000000e-05
0.000000000000000000e+00 3.051757812500000000e-05 3.051757812500000000e-05
0.000000000000000000e+00 3.051757812500000000e-05 3.051757812500000000e-05
1.150512695312500000e-01 3.051757812500000000e-05 3.051757812500000000e-05
2.372131347656250000e-01 3.051757812500000000e-05 3.051757812500000000e-05
4.247131347656250000e-01 3.051757812500000000e-05 3.051757812500000000e-05
6.604919433593750000e-01 -2.981567382812500000e-02 3.051757812500000000e-05
9.346313476562500000e-01 -1.181335449218750000e-01 3.051757812500000000e-05
9.999694824218750000e-01 -1.754150390625000000e-01 3.051757812500000000e-05
9.999694824218750000e-01 -2.135925292968750000e-01 3.051757812500000000e-05
9.999694824218750000e-01 -1.563110351562500000e-01 3.051757812500000000e-05
9.999694824218750000e-01 -1.037902832031250000e-01 3.051757812500000000e-05
9.999694824218750000e-01 -8.471679687500000000e-02 3.051757812500000000e-05
9.999694824218750000e-01 -6.085205078125000000e-02 3.051757812500000000e-05
9.999694824218750000e-01 -2.264404296875000000e-02 3.051757812500000000e-05
9.999694824218750000e-01 3.051757812500000000e-05 3.051757812500000000e-05
9.999694824218750000e-01 3.051757812500000000e-05 3.051757812500000000e-05
9.999694824218750000e-01 3.051757812500000000e-05 3.051757812500000000e-05
9.999694824218750000e-01 3.051757812500000000e-05 3.051757812500000000e-05
9.999694824218750000e-01 3.051757812500000000e-05 3.051757812500000000e-05
9.999694824218750000e-01 2.508544921875000000e-02 3.051757812500000000e-05
9.999694824218750000e-01 5.938720703125000000e-02 3.051757812500000000e-05
9.999694824218750000e-01 7.785034179687500000e-02 3.051757812500000000e-05
9.999694824218750000e-01 1.279907226562500000e-01 3.051757812500000000e-05
9.999694824218750000e-01 1.754760742187500000e-01 3.051757812500000000e-05
9.999694824218750000e-01 1.886596679687500000e-01 3.051757812500000000e-05
9.999694824218750000e-01 2.097778320312500000e-01 3.051757812500000000e-05
9.999694824218750000e-01 2.243041992187500000e-01 3.051757812500000000e-05
9.999694824218750000e-01 2.915649414062500000e-01 3.051757812500000000e-05
9.999694824218750000e-01 3.126831054687500000e-01 3.051757812500000000e-05
9.999694824218750000e-01 3.139953613281250000e-01 3.051757812500000000e-05
9.999694824218750000e-01 3.179626464843750000e-01 3.051757812500000000e-05
9.999694824218750000e-01 3.232421875000000000e-01 3.051757812500000000e-05
9.999694824218750000e-01 3.338012695312500000e-01 3.051757812500000000e-05
9.999694824218750000e-01 3.760070800781250000e-01 3.051757812500000000e-05
9.999694824218750000e-01 3.971252441406250000e-01 3.051757812500000000e-05
9.999694824218750000e-01 4.076538085937500000e-01 3.051757812500000000e-05
9.999694824218750000e-01 4.261474609375000000e-01 3.051757812500000000e-05
9.999694824218750000e-01 4.525146484375000000e-01 3.051757812500000000e-05
9.999694824218750000e-01 5.171508789062500000e-01 3.051757812500000000e-05
9.999694824218750000e-01 6.464538574218750000e-01 3.051757812500000000e-05
9.999694824218750000e-01 8.351135253906250000e-01 3.051757812500000000e-05
9.999694824218750000e-01 9.617614746093750000e-01 3.051757812500000000e-05
9.928894042968750000e-01 1.000000000000000000e+00 3.051757812500000000e-05
9.474182128906250000e-01 1.000000000000000000e+00 3.051757812500000000e-05
8.565063476562500000e-01 1.000000000000000000e+00 3.051757812500000000e-05
7.372131347656250000e-01 1.000000000000000000e+00 3.051757812500000000e-05
6.548156738281250000e-01 1.000000000000000000e+00 3.051757812500000000e-05
5.525512695312500000e-01 1.000000000000000000e+00 3.051757812500000000e-05
4.914550781250000000e-01 1.000000000000000000e+00 3.051757812500000000e-05
4.588012695312500000e-01 1.000000000000000000e+00 3.051757812500000000e-05
3.934631347656250000e-01 1.000000000000000000e+00 3.051757812500000000e-05
3.181762695312500000e-01 1.000000000000000000e+00 3.051757812500000000e-05
2.741394042968750000e-01 1.000000000000000000e+00 3.051757812500000000e-05
2.741394042968750000e-01 1.000000000000000000e+00 3.051757812500000000e-05
2.769775390625000000e-01 1.000000000000000000e+00 3.051757812500000000e-05
2.713012695312500000e-01 1.000000000000000000e+00 3.051757812500000000e-05
2.741394042968750000e-01 1.000000000000000000e+00 3.051757812500000000e-05
2.741394042968750000e-01 1.000000000000000000e+00 3.051757812500000000e-05
2.741394042968750000e-01 1.000000000000000000e+00 3.051757812500000000e-05
2.713012695312500000e-01 1.000000000000000000e+00 3.051757812500000000e-05
2.713012695312500000e-01 1.000000000000000000e+00 3.051757812500000000e-05
2.727050781250000000e-01 1.000000000000000000e+00 3.051757812500000000e-05
2.741394042968750000e-01 1.000000000000000000e+00 3.051757812500000000e-05
2.741394042968750000e-01 1.000000000000000000e+00 3.051757812500000000e-05
2.741394042968750000e-01 1.000000000000000000e+00 3.051757812500000000e-05
2.741394042968750000e-01 1.000000000000000000e+00 3.051757812500000000e-05
2.741394042968750000e-01 1.000000000000000000e+00 3.051757812500000000e-05
2.741394042968750000e-01 1.000000000000000000e+00 3.051757812500000000e-05
2.741394042968750000e-01 1.000000000000000000e+00 3.051757812500000000e-05
2.741394042968750000e-01 1.000000000000000000e+00 3.051757812500000000e-05
2.741394042968750000e-01 1.000000000000000000e+00 3.051757812500000000e-05
2.741394042968750000e-01 1.000000000000000000e+00 3.051757812500000000e-05
2.713012695312500000e-01 1.000000000000000000e+00 3.051757812500000000e-05
2.741394042968750000e-01 1.000000000000000000e+00 3.051757812500000000e-05
2.698669433593750000e-01 1.000000000000000000e+00 3.051757812500000000e-05
2.741394042968750000e-01 1.000000000000000000e+00 3.051757812500000000e-05
2.741394042968750000e-01 1.000000000000000000e+00 3.051757812500000000e-05
2.741394042968750000e-01 1.000000000000000000e+00 3.051757812500000000e-05
2.741394042968750000e-01 1.000000000000000000e+00 3.051757812500000000e-05
2.741394042968750000e-01 1.000000000000000000e+00 3.051757812500000000e-05
2.741394042968750000e-01 1.000000000000000000e+00 3.051757812500000000e-05
2.741394042968750000e-01 1.000000000000000000e+00 3.051757812500000000e-05
2.741394042968750000e-01 1.000000000000000000e+00 3.051757812500000000e-05
2.741394042968750000e-01 1.000000000000000000e+00 3.051757812500000000e-05
2.741394042968750000e-01 1.000000000000000000e+00 3.051757812500000000e-05
2.741394042968750000e-01 1.000000000000000000e+00 3.051757812500000000e-05
2.741394042968750000e-01 1.000000000000000000e+00 3.051757812500000000e-05
2.741394042968750000e-01 1.000000000000000000e+00 3.051757812500000000e-05
2.741394042968750000e-01 1.000000000000000000e+00 3.051757812500000000e-05
2.741394042968750000e-01 1.000000000000000000e+00 3.051757812500000000e-05
2.741394042968750000e-01 1.000000000000000000e+00 3.051757812500000000e-05
2.741394042968750000e-01 1.000000000000000000e+00 3.051757812500000000e-05
2.741394042968750000e-01 1.000000000000000000e+00 3.051757812500000000e-05
2.741394042968750000e-01 1.000000000000000000e+00 3.051757812500000000e-05
2.741394042968750000e-01 1.000000000000000000e+00 3.051757812500000000e-05
2.741394042968750000e-01 1.000000000000000000e+00 3.051757812500000000e-05
2.741394042968750000e-01 1.000000000000000000e+00 3.051757812500000000e-05
2.741394042968750000e-01 1.000000000000000000e+00 3.051757812500000000e-05
2.741394042968750000e-01 1.000000000000000000e+00 3.051757812500000000e-05
2.741394042968750000e-01 1.000000000000000000e+00 3.051757812500000000e-05
2.741394042968750000e-01 1.000000000000000000e+00 3.051757812500000000e-05
4.090881347656250000e-01 1.000000000000000000e+00 3.051757812500000000e-05
4.843444824218750000e-01 1.000000000000000000e+00 3.051757812500000000e-05
4.900512695312500000e-01 1.000000000000000000e+00 3.051757812500000000e-05
4.900512695312500000e-01 1.000000000000000000e+00 3.051757812500000000e-05
4.900512695312500000e-01 1.000000000000000000e+00 3.051757812500000000e-05
4.900512695312500000e-01 1.000000000000000000e+00 3.051757812500000000e-05
4.928894042968750000e-01 1.000000000000000000e+00 3.051757812500000000e-05
4.928894042968750000e-01 1.000000000000000000e+00 3.051757812500000000e-05
4.942932128906250000e-01 1.000000000000000000e+00 3.051757812500000000e-05
4.942932128906250000e-01 1.000000000000000000e+00 3.051757812500000000e-05
4.942932128906250000e-01 1.000000000000000000e+00 3.051757812500000000e-05
4.928894042968750000e-01 1.000000000000000000e+00 3.051757812500000000e-05
4.928894042968750000e-01 1.000000000000000000e+00 3.051757812500000000e-05
4.928894042968750000e-01 1.000000000000000000e+00 3.051757812500000000e-05
4.928894042968750000e-01 1.000000000000000000e+00 3.051757812500000000e-05
4.928894042968750000e-01 1.000000000000000000e+00 3.051757812500000000e-05
4.928894042968750000e-01 1.000000000000000000e+00 3.051757812500000000e-05
4.928894042968750000e-01 1.000000000000000000e+00 3.051757812500000000e-05
4.928894042968750000e-01 1.000000000000000000e+00 3.051757812500000000e-05
4.928894042968750000e-01 1.000000000000000000e+00 3.051757812500000000e-05
4.928894042968750000e-01 1.000000000000000000e+00 3.051757812500000000e-05
4.928894042968750000e-01 1.000000000000000000e+00 3.051757812500000000e-05
4.928894042968750000e-01 1.000000000000000000e+00 3.051757812500000000e-05
4.928894042968750000e-01 1.000000000000000000e+00 3.051757812500000000e-05
4.928894042968750000e-01 1.000000000000000000e+00 3.051757812500000000e-05
5.497131347656250000e-01 1.000000000000000000e+00 3.051757812500000000e-05
6.548156738281250000e-01 1.000000000000000000e+00 3.051757812500000000e-05
6.633300781250000000e-01 1.000000000000000000e+00 3.051757812500000000e-05
6.633300781250000000e-01 1.000000000000000000e+00 3.051757812500000000e-05
6.690063476562500000e-01 1.000000000000000000e+00 3.051757812500000000e-05
6.917419433593750000e-01 1.000000000000000000e+00 3.051757812500000000e-05
7.144775390625000000e-01 1.000000000000000000e+00 3.051757812500000000e-05
7.201538085937500000e-01 1.000000000000000000e+00 3.051757812500000000e-05
7.229919433593750000e-01 1.000000000000000000e+00 3.051757812500000000e-05
7.258300781250000000e-01 1.000000000000000000e+00 3.051757812500000000e-05
7.286682128906250000e-01 1.000000000000000000e+00 3.051757812500000000e-05
7.258300781250000000e-01 1.000000000000000000e+00 3.051757812500000000e-05
7.286682128906250000e-01 1.000000000000000000e+00 3.051757812500000000e-05
7.286682128906250000e-01 1.000000000000000000e+00 3.051757812500000000e-05
7.286682128906250000e-01 1.000000000000000000e+00 3.051757812500000000e-05
7.286682128906250000e-01 1.000000000000000000e+00 3.051757812500000000e-05
7.286682128906250000e-01 1.000000000000000000e+00 3.051757812500000000e-05
7.286682128906250000e-01 1.000000000000000000e+00 3.051757812500000000e-05
7.599182128906250000e-01 1.000000000000000000e+00 3.051757812500000000e-05
7.940063476562500000e-01 1.000000000000000000e+00 3.051757812500000000e-05
8.394775390625000000e-01 1.000000000000000000e+00 3.051757812500000000e-05
8.650512695312500000e-01 1.000000000000000000e+00 3.051757812500000000e-05
8.820800781250000000e-01 1.000000000000000000e+00 3.051757812500000000e-05
9.019775390625000000e-01 1.000000000000000000e+00 3.051757812500000000e-05
9.133300781250000000e-01 1.000000000000000000e+00 3.051757812500000000e-05
9.204406738281250000e-01 1.000000000000000000e+00 3.051757812500000000e-05
9.218444824218750000e-01 1.000000000000000000e+00 3.051757812500000000e-05
9.303894042968750000e-01 1.000000000000000000e+00 3.051757812500000000e-05
9.360656738281250000e-01 1.000000000000000000e+00 3.051757812500000000e-05
9.389038085937500000e-01 1.000000000000000000e+00 3.051757812500000000e-05
9.445800781250000000e-01 1.000000000000000000e+00 3.051757812500000000e-05
9.445800781250000000e-01 1.000000000000000000e+00 3.051757812500000000e-05
9.474182128906250000e-01 1.000000000000000000e+00 3.051757812500000000e-05
9.474182128906250000e-01 1.000000000000000000e+00 3.051757812500000000e-05
9.474182128906250000e-01 1.000000000000000000e+00 3.051757812500000000e-05
9.588012695312500000e-01 1.000000000000000000e+00 3.051757812500000000e-05
9.673156738281250000e-01 1.000000000000000000e+00 3.051757812500000000e-05
9.758300781250000000e-01 1.000000000000000000e+00 3.051757812500000000e-05
9.772644042968750000e-01 1.000000000000000000e+00 3.051757812500000000e-05
9.758300781250000000e-01 1.000000000000000000e+00 3.051757812500000000e-05
9.758300781250000000e-01 1.000000000000000000e+00 3.051757812500000000e-05
9.758300781250000000e-01 1.000000000000000000e+00 3.051757812500000000e-05
9.758300781250000000e-01 1.000000000000000000e+00 3.051757812500000000e-05
9.758300781250000000e-01 1.000000000000000000e+00 3.051757812500000000e-05
9.772644042968750000e-01 1.000000000000000000e+00 3.051757812500000000e-05
9.758300781250000000e-01 1.000000000000000000e+00 3.051757812500000000e-05
9.758300781250000000e-01 1.000000000000000000e+00 3.051757812500000000e-05
9.758300781250000000e-01 1.000000000000000000e+00 3.051757812500000000e-05
9.758300781250000000e-01 1.000000000000000000e+00 3.051757812500000000e-05
9.758300781250000000e-01 1.000000000000000000e+00 3.051757812500000000e-05
9.758300781250000000e-01 1.000000000000000000e+00 3.051757812500000000e-05
9.758300781250000000e-01 1.000000000000000000e+00 3.051757812500000000e-05
9.758300781250000000e-01 1.000000000000000000e+00 3.051757812500000000e-05
9.758300781250000000e-01 1.000000000000000000e+00 3.051757812500000000e-05
9.758300781250000000e-01 1.000000000000000000e+00 3.051757812500000000e-05
9.872131347656250000e-01 1.000000000000000000e+00 3.051757812500000000e-05
9.857788085937500000e-01 1.000000000000000000e+00 3.051757812500000000e-05
9.872131347656250000e-01 1.000000000000000000e+00 3.051757812500000000e-05
9.872131347656250000e-01 1.000000000000000000e+00 3.051757812500000000e-05
9.886169433593750000e-01 1.000000000000000000e+00 3.051757812500000000e-05
9.914550781250000000e-01 1.000000000000000000e+00 3.051757812500000000e-05
9.999694824218750000e-01 9.934082031250000000e-01 3.051757812500000000e-05
9.999694824218750000e-01 9.960632324218750000e-01 3.051757812500000000e-05
9.999694824218750000e-01 9.960632324218750000e-01 3.051757812500000000e-05
9.999694824218750000e-01 9.960632324218750000e-01 3.051757812500000000e-05
9.999694824218750000e-01 9.960632324218750000e-01 3.051757812500000000e-05
9.999694824218750000e-01 9.960632324218750000e-01 3.051757812500000000e-05
9.999694824218750000e-01 9.960632324218750000e-01 3.051757812500000000e-05
9.999694824218750000e-01 9.960632324218750000e-01 3.051757812500000000e-05
9.999694824218750000e-01 9.960632324218750000e-01 3.051757812500000000e-05
9.999694824218750000e-01 9.960632324218750000e-01 3.051757812500000000e-05
9.999694824218750000e-01 9.577941894531250000e-01 3.051757812500000000e-05
9.999694824218750000e-01 9.446105957031250000e-01 3.051757812500000000e-05
9.999694824218750000e-01 9.300842285156250000e-01 3.051757812500000000e-05
9.999694824218750000e-01 9.089965820312500000e-01 3.051757812500000000e-05
9.999694824218750000e-01 8.825988769531250000e-01 3.051757812500000000e-05
9.999694824218750000e-01 8.535766601562500000e-01 3.051757812500000000e-05
9.999694824218750000e-01 7.796936035156250000e-01 3.051757812500000000e-05
9.999694824218750000e-01 7.453918457031250000e-01 3.051757812500000000e-05
9.999694824218750000e-01 6.820678710937500000e-01 3.051757812500000000e-05
9.999694824218750000e-01 6.517333984375000000e-01 3.051757812500000000e-05
9.999694824218750000e-01 5.950012207031250000e-01 3.051757812500000000e-05
9.999694824218750000e-01 4.274597167968750000e-01 3.051757812500000000e-05
9.999694824218750000e-01 3.786315917968750000e-01 3.051757812500000000e-05
9.999694824218750000e-01 3.575439453125000000e-01 3.051757812500000000e-05
9.999694824218750000e-01 3.548889160156250000e-01 3.051757812500000000e-05
9.999694824218750000e-01 3.509521484375000000e-01 3.051757812500000000e-05
9.999694824218750000e-01 3.469848632812500000e-01 3.051757812500000000e-05
9.999694824218750000e-01 3.509521484375000000e-01 3.051757812500000000e-05
9.999694824218750000e-01 3.496093750000000000e-01 3.051757812500000000e-05
9.999694824218750000e-01 3.509521484375000000e-01 3.051757812500000000e-05
9.999694824218750000e-01 3.496093750000000000e-01 3.051757812500000000e-05
9.999694824218750000e-01 3.496093750000000000e-01 3.051757812500000000e-05
9.999694824218750000e-01 3.496093750000000000e-01 3.051757812500000000e-05
9.999694824218750000e-01 3.496093750000000000e-01 3.051757812500000000e-05
9.999694824218750000e-01 3.496093750000000000e-01 3.051757812500000000e-05
9.999694824218750000e-01 3.496093750000000000e-01 3.051757812500000000e-05
9.999694824218750000e-01 3.496093750000000000e-01 3.051757812500000000e-05
9.999694824218750000e-01 3.496093750000000000e-01 3.051757812500000000e-05
9.999694824218750000e-01 3.496093750000000000e-01 3.051757812500000000e-05
9.999694824218750000e-01 3.496093750000000000e-01 3.051757812500000000e-05
9.999694824218750000e-01 3.496093750000000000e-01 3.051757812500000000e-05
9.999694824218750000e-01 3.496093750000000000e-01 3.051757812500000000e-05
9.999694824218750000e-01 3.496093750000000000e-01 3.051757812500000000e-05
9.999694824218750000e-01 3.496093750000000000e-01 3.051757812500000000e-05
9.999694824218750000e-01 3.496093750000000000e-01 3.051757812500000000e-05
9.999694824218750000e-01 3.496093750000000000e-01 3.051757812500000000e-05
9.999694824218750000e-01 3.496093750000000000e-01 3.051757812500000000e-05
9.999694824218750000e-01 2.942199707031250000e-01 3.051757812500000000e-05
9.999694824218750000e-01 2.783813476562500000e-01 3.051757812500000000e-05
9.999694824218750000e-01 2.440795898437500000e-01 3.051757812500000000e-05
9.999694824218750000e-01 2.388000488281250000e-01 3.051757812500000000e-05
9.999694824218750000e-01 2.361755371093750000e-01 3.051757812500000000e-05
9.999694824218750000e-01 2.388000488281250000e-01 3.051757812500000000e-05
9.999694824218750000e-01 2.388000488281250000e-01 3.051757812500000000e-05
9.999694824218750000e-01 2.388000488281250000e-01 3.051757812500000000e-05
9.999694824218750000e-01 2.388000488281250000e-01 3.051757812500000000e-05
9.999694824218750000e-01 2.388000488281250000e-01 3.051757812500000000e-05
9.999694824218750000e-01 2.388000488281250000e-01 3.051757812500000000e-05
9.999694824218750000e-01 2.388000488281250000e-01 3.051757812500000000e-05
9.999694824218750000e-01 2.823486328125000000e-01 3.051757812500000000e-05
9.999694824218750000e-01 3.179626464843750000e-01 3.051757812500000000e-05
9.999694824218750000e-01 3.390502929687500000e-01 3.051757812500000000e-05
9.999694824218750000e-01 3.773193359375000000e-01 3.051757812500000000e-05
9.999694824218750000e-01 3.984375000000000000e-01 3.051757812500000000e-05
9.999694824218750000e-01 4.261474609375000000e-01 3.051757812500000000e-05
9.999694824218750000e-01 4.419555664062500000e-01 3.051757812500000000e-05
9.999694824218750000e-01 7.810058593750000000e-01 3.051757812500000000e-05
9.999694824218750000e-01 8.773193359375000000e-01 3.051757812500000000e-05
9.999694824218750000e-01 9.986877441406250000e-01 3.051757812500000000e-05
9.999694824218750000e-01 1.000000000000000000e+00 3.051757812500000000e-05
9.900512695312500000e-01 1.000000000000000000e+00 3.051757812500000000e-05
9.772644042968750000e-01 1.000000000000000000e+00 3.051757812500000000e-05
9.701538085937500000e-01 1.000000000000000000e+00 3.051757812500000000e-05
9.701538085937500000e-01 1.000000000000000000e+00 3.051757812500000000e-05
9.701538085937500000e-01 1.000000000000000000e+00 3.051757812500000000e-05
9.701538085937500000e-01 1.000000000000000000e+00 3.051757812500000000e-05
9.729919433593750000e-01 1.000000000000000000e+00 3.051757812500000000e-05
9.729919433593750000e-01 1.000000000000000000e+00 3.051757812500000000e-05
9.729919433593750000e-01 1.000000000000000000e+00 3.051757812500000000e-05
9.729919433593750000e-01 1.000000000000000000e+00 3.051757812500000000e-05
9.729919433593750000e-01 1.000000000000000000e+00 3.051757812500000000e-05
9.744262695312500000e-01 1.000000000000000000e+00 3.051757812500000000e-05
9.729919433593750000e-01 1.000000000000000000e+00 3.051757812500000000e-05
9.729919433593750000e-01 1.000000000000000000e+00 3.051757812500000000e-05
9.729919433593750000e-01 1.000000000000000000e+00 3.051757812500000000e-05
9.729919433593750000e-01 1.000000000000000000e+00 3.051757812500000000e-05
9.729919433593750000e-01 1.000000000000000000e+00 3.051757812500000000e-05
9.729919433593750000e-01 1.000000000000000000e+00 3.051757812500000000e-05
9.729919433593750000e-01 1.000000000000000000e+00 3.051757812500000000e-05
9.729919433593750000e-01 1.000000000000000000e+00 3.051757812500000000e-05
9.729919433593750000e-01 1.000000000000000000e+00 3.051757812500000000e-05
9.729919433593750000e-01 1.000000000000000000e+00 3.051757812500000000e-05
9.729919433593750000e-01 1.000000000000000000e+00 3.051757812500000000e-05
9.729919433593750000e-01 1.000000000000000000e+00 3.051757812500000000e-05
9.729919433593750000e-01 1.000000000000000000e+00 3.051757812500000000e-05
9.729919433593750000e-01 1.000000000000000000e+00 3.051757812500000000e-05
9.729919433593750000e-01 1.000000000000000000e+00 3.051757812500000000e-05
9.729919433593750000e-01 1.000000000000000000e+00 3.051757812500000000e-05
9.729919433593750000e-01 1.000000000000000000e+00 3.051757812500000000e-05
9.729919433593750000e-01 1.000000000000000000e+00 3.051757812500000000e-05
9.729919433593750000e-01 1.000000000000000000e+00 3.051757812500000000e-05
9.729919433593750000e-01 1.000000000000000000e+00 3.051757812500000000e-05
9.729919433593750000e-01 1.000000000000000000e+00 3.051757812500000000e-05
9.729919433593750000e-01 1.000000000000000000e+00 3.051757812500000000e-05
9.729919433593750000e-01 1.000000000000000000e+00 3.051757812500000000e-05
9.729919433593750000e-01 1.000000000000000000e+00 3.051757812500000000e-05
9.729919433593750000e-01 1.000000000000000000e+00 3.051757812500000000e-05
9.729919433593750000e-01 1.000000000000000000e+00 3.051757812500000000e-05
9.729919433593750000e-01 1.000000000000000000e+00 3.051757812500000000e-05
9.729919433593750000e-01 1.000000000000000000e+00 3.051757812500000000e-05
9.729919433593750000e-01 1.000000000000000000e+00 3.051757812500000000e-05
9.729919433593750000e-01 1.000000000000000000e+00 3.051757812500000000e-05
9.729919433593750000e-01 1.000000000000000000e+00 3.051757812500000000e-05
9.729919433593750000e-01 1.000000000000000000e+00 3.051757812500000000e-05
9.729919433593750000e-01 1.000000000000000000e+00 3.051757812500000000e-05
9.729919433593750000e-01 1.000000000000000000e+00 3.051757812500000000e-05
9.729919433593750000e-01 1.000000000000000000e+00 3.051757812500000000e-05
9.729919433593750000e-01 1.000000000000000000e+00 3.051757812500000000e-05
9.729919433593750000e-01 1.000000000000000000e+00 3.051757812500000000e-05
9.729919433593750000e-01 1.000000000000000000e+00 3.051757812500000000e-05
9.729919433593750000e-01 1.000000000000000000e+00 3.051757812500000000e-05
9.616394042968750000e-01 1.000000000000000000e+00 3.051757812500000000e-05
9.573669433593750000e-01 1.000000000000000000e+00 3.051757812500000000e-05
9.360656738281250000e-01 1.000000000000000000e+00 3.051757812500000000e-05
8.991394042968750000e-01 1.000000000000000000e+00 3.051757812500000000e-05
8.565063476562500000e-01 1.000000000000000000e+00 3.051757812500000000e-05
8.082275390625000000e-01 1.000000000000000000e+00 3.051757812500000000e-05
7.713012695312500000e-01 1.000000000000000000e+00 3.051757812500000000e-05
7.343444824218750000e-01 1.000000000000000000e+00 3.051757812500000000e-05
7.144775390625000000e-01 1.000000000000000000e+00 3.051757812500000000e-05
7.144775390625000000e-01 1.000000000000000000e+00 3.051757812500000000e-05
7.088012695312500000e-01 1.000000000000000000e+00 3.051757812500000000e-05
7.102050781250000000e-01 1.000000000000000000e+00 3.051757812500000000e-05
7.088012695312500000e-01 1.000000000000000000e+00 3.051757812500000000e-05
7.088012695312500000e-01 1.000000000000000000e+00 3.051757812500000000e-05
7.102050781250000000e-01 1.000000000000000000e+00 3.051757812500000000e-05
7.116394042968750000e-01 1.000000000000000000e+00 3.051757812500000000e-05
7.116394042968750000e-01 1.000000000000000000e+00 3.051757812500000000e-05
7.088012695312500000e-01 1.000000000000000000e+00 3.051757812500000000e-05
6.732788085937500000e-01 1.000000000000000000e+00 3.051757812500000000e-05
6.548156738281250000e-01 1.000000000000000000e+00 3.051757812500000000e-05
5.780944824218750000e-01 1.000000000000000000e+00 3.051757812500000000e-05
5.312194824218750000e-01 1.000000000000000000e+00 3.051757812500000000e-05
5.326538085937500000e-01 1.000000000000000000e+00 3.051757812500000000e-05
5.298156738281250000e-01 1.000000000000000000e+00 3.051757812500000000e-05
5.298156738281250000e-01 1.000000000000000000e+00 3.051757812500000000e-05
