4.314094557798375251e-01 -4.489080949752533890e-12 3.396152352421258347e-01
4.314094557798375251e-01 -4.489080949752533890e-12 3.396152352421258347e-01
4.314008948116202502e-01 -2.276544671575009248e-06 3.395946543594534628e-01
4.314103146740388972e-01 -4.538790536944620499e-06 3.395901912975214376e-01
4.314146602412237685e-01 -6.749215088787186890e-06 3.395808548006858940e-01
4.314157600793503411e-01 -8.864079935298260765e-06 3.395687026109843187e-01
4.314145157140669706e-01 -1.088465430913957018e-05 3.395547428689540959e-01
4.314116327325447919e-01 -1.280910766136265593e-05 3.395397540326857699e-01
4.314076467753790722e-01 -1.463515219913709567e-05 3.395243108637566176e-01
4.314029639069459909e-01 -1.635970100144829215e-05 3.395088398951114916e-01
4.313978814229803560e-01 -1.798137553916118254e-05 3.394936349770980022e-01
4.313926183194138897e-01 -1.949926042352605735e-05 3.394789021739747503e-01
4.313873346075813853e-01 -2.091265817251578208e-05 3.394647837376283395e-01
4.313821405260056530e-01 -2.222249548209321912e-05 3.394513623752062892e-01
4.313771121390017615e-01 -2.343035410863007406e-05 3.394386845942220510e-01
4.313723010564844418e-01 -2.453800343024192140e-05 3.394267732089217282e-01
4.313677349712448650e-01 -2.554901681833698137e-05 3.394156201858957722e-01
4.313634335138554210e-01 -2.646582958123414657e-05 3.394052180886631964e-01
4.313593986674061354e-01 -2.729322043727744497e-05 3.393955322631859728e-01
4.313556294281338244e-01 -2.803523704048942178e-05 3.393865319677845105e-01
4.313521231139115231e-01 -2.869490741288300612e-05 3.393781908433018968e-01
4.313488646897528089e-01 -2.927805579885842645e-05 3.393704590651458464e-01
4.313458441859700510e-01 -2.978855028322231299e-05 3.393633032723348819e-01
4.313430489542623980e-01 -3.023048950270718093e-05 3.393566870494951204e-01
4.313404645384233960e-01 -3.060834518416661909e-05 3.393505719261136755e-01
4.313380751343046104e-01 -3.092703754807076954e-05 3.393449177958261509e-01
4.313358718883305576e-01 -3.118897870106952151e-05 3.393397023395728906e-01
4.313338370003735878e-01 -3.139955755125112822e-05 3.393348826499333337e-01
4.313319603349639042e-01 -3.156177572379263317e-05 3.393304345239748221e-01
4.313302310991903310e-01 -3.167862945972092293e-05 3.393263326214119857e-01
4.313286342782443605e-01 -3.175493039307027268e-05 3.393225416125836280e-01
4.313271626948829707e-01 -3.179270205496675657e-05 3.393190449559250199e-01
4.313258048384306931e-01 -3.179550949165417767e-05 3.393158158677471170e-01
4.313245531821129908e-01 -3.176556188015713244e-05 3.393128370011729289e-01
4.313233961041842979e-01 -3.170688381097411072e-05 3.393100811974674169e-01
4.313223299113411735e-01 -3.162023169799093811e-05 3.393075401685253234e-01
4.313213467323380179e-01 -3.150796724541926543e-05 3.393051956782155432e-01
4.313204388420805446e-01 -3.137278810412468216e-05 3.393030296787767353e-01
4.313196023980999105e-01 -3.121555484667829856e-05 3.393010333611017337e-01
4.313188295929665239e-01 -3.103911846697896226e-05 3.392991884106492662e-01
4.313181166220833584e-01 -3.084454974005133068e-05 3.392974859693147494e-01
4.313174557735653392e-01 -3.063513044523722702e-05 3.392959078261523209e-01
4.313168470830363588e-01 -3.040983371521778001e-05 3.392944542256710605e-01
4.313162865455515416e-01 -3.016953048263441156e-05 3.392931158307315731e-01
4.313157666106968713e-01 -2.991804104899430607e-05 3.392918746762539906e-01
4.313152873243364938e-01 -2.965441476033932517e-05 3.392907309090314460e-01
4.313148447932252938e-01 -2.937990802628148579e-05 3.392896753543078181e-01
4.313144353085462956e-01 -2.909618323037217329e-05 3.392886991724163304e-01
4.313140552241301329e-01 -2.880515541866035938e-05 3.392877936559659524e-01
4.313137044628527761e-01 -2.850570262165149938e-05 3.392869586381002667e-01
4.313133793299515073e-01 -2.819967223568914405e-05 3.392861853371758607e-01
4.313130797213600709e-01 -2.788590581859987110e-05 3.392854734920795479e-01
4.313128020404919383e-01 -2.756654208829967056e-05 3.392848145315318087e-01
4.313125461602542732e-01 -2.724047933414846720e-05 3.392842081196498771e-01
4.313123086164866171e-01 -2.691023167735076386e-05 3.392836459852818787e-01
4.313120892757614788e-01 -2.657482652897140085e-05 3.392831277648294952e-01
4.313118878115350108e-01 -2.623283081897325567e-05 3.392826526970221801e-01
4.313117009537479896e-01 -2.588724575536408880e-05 3.392822129584475710e-01
4.313115257498789101e-01 -2.554195538653359618e-05 3.392818014174635022e-01
4.313113647874882162e-01 -2.519161483009231149e-05 3.392814242213784137e-01
4.313112149825221731e-01 -2.483944954231480156e-05 3.392810740488338417e-01
4.313110761450790753e-01 -2.448485753396873209e-05 3.392807503863581320e-01
4.313109479277908442e-01 -2.412682532375081131e-05 3.392804524028257274e-01
4.313108299323271666e-01 -2.376430300676000767e-05 3.392801791426360292e-01
4.313107196244787556e-01 -2.340178696941055495e-05 3.392799245331715730e-01
4.313106168247672345e-01 -2.303909404636604952e-05 3.392796880879554444e-01
4.313105212341247774e-01 -2.267556629815842707e-05 3.392794690887848130e-01
4.313104325309498055e-01 -2.231052534101022751e-05 3.392792667607112955e-01
4.313103503727447885e-01 -2.194332715870860159e-05 3.392790802794399263e-01
4.313102744022250246e-01 -2.157337085872637982e-05 3.392789087853100294e-01
4.313102042652678936e-01 -2.120010214166790299e-05 3.392787514047810316e-01
4.313101382557825159e-01 -2.082911925749563969e-05 3.392786040403467096e-01
4.313100774931644676e-01 -2.045457280966771411e-05 3.392784693240947225e-01
4.313100203903328933e-01 -2.008167514502882484e-05 3.392783434963873024e-01
4.313099668075814908e-01 -1.971074730345409286e-05 3.392782261829516144e-01
4.313099175517518535e-01 -1.933533272971054101e-05 3.392781193040503296e-01
4.313098713127874184e-01 -1.896079226255594234e-05 3.392780197604550740e-01
4.313098279552111114e-01 -1.858753222481378470e-05 3.392779271906893324e-01
4.313097880925938488e-01 -1.820908660098606447e-05 3.392778430498974984e-01
4.313097506637831313e-01 -1.783096751338573312e-05 3.392777648307484517e-01
4.313097155460436927e-01 -1.745365271950570025e-05 3.392776922075630974e-01
4.313096825847531623e-01 -1.707709763100583852e-05 3.392776248058386179e-01
4.313096516336480390e-01 -1.670121312050859799e-05 3.392775622717288941e-01
4.313096225548399554e-01 -1.632591618065436649e-05 3.392775042716703049e-01
4.313095956983760693e-01 -1.594467561655335948e-05 3.392774516286439779e-01
4.313095703951050353e-01 -1.556317338398397873e-05 3.392774027709027918e-01
4.313095465595382372e-01 -1.518196918940699892e-05 3.392773574691291261e-01
4.313095240855248647e-01 -1.480108315446597837e-05 3.392773154655498447e-01
4.313095028737640169e-01 -1.442048223109888841e-05 3.392772765196577778e-01
4.313094828317700635e-01 -1.404013239740903998e-05 3.392772404075304338e-01
4.313094638735501807e-01 -1.366000366342397803e-05 3.392772069209630814e-01
4.313094459192079455e-01 -1.328007004209068132e-05 3.392771758664980264e-01
4.313094288945508725e-01 -1.290030904704344121e-05 3.392771470644813103e-01
4.313094127307164904e-01 -1.252070121160430346e-05 3.392771203481556030e-01
4.313093973638137957e-01 -1.214122966629270382e-05 3.392770955627995577e-01
4.313093827345879649e-01 -1.176187977447172673e-05 3.392770725649108532e-01
4.313093687880988902e-01 -1.138263881925549687e-05 3.392770512214344225e-01
4.313093554734220292e-01 -1.100349573503832069e-05 3.392770314090386430e-01
4.313093427433679072e-01 -1.062444087390896102e-05 3.392770130134280526e-01
4.313093305542141098e-01 -1.024546580889412972e-05 3.392769959287105785e-01
4.313093188654619214e-01 -9.866563161755713683e-06 3.392769800567946858e-01
4.313093076396017911e-01 -9.487726457387254532e-06 3.392769653068315461e-01
4.313092968419010020e-01 -9.108949997909797385e-06 3.392769515946938430e-01
4.313092864402002791e-01 -8.730228754472113914e-06 3.392769388424891064e-01
4.313092764047290473e-01 -8.351558275501762152e-06 3.392769269781062413e-01
4.313092667079295173e-01 -7.972934607535225933e-06 3.392769159347945873e-01
4.313092573242942041e-01 -7.594354226814625734e-06 3.392769056507734526e-01
4.313092482302188779e-01 -7.215813981318938624e-06 3.392768960688654079e-01
4.313092394038594013e-01 -6.837311041364725064e-06 3.392768871361585004e-01
4.313092308250030538e-01 -6.458842856677416639e-06 3.392768788036941707e-01
4.313092224749489612e-01 -6.080407119346037882e-06 3.392768710261735987e-01
4.313092143363951303e-01 -5.702001732839962480e-06 3.392768637616877525e-01
4.313092063933364750e-01 -5.323624785291650981e-06 3.392768569714664229e-01
4.313091986309667281e-01 -4.945274526295174072e-06 3.392768506196457978e-01
4.313091910355911218e-01 -4.566949346475763496e-06 3.392768446730528020e-01
4.313091835945432329e-01 -4.188647761810504592e-06 3.392768391010043127e-01
4.313091762961075437e-01 -3.810368397241370087e-06 3.392768338751233625e-01
4.313091691294502206e-01 -3.432109976084715906e-06 3.392768289691661665e-01
4.313091620845524998e-01 -3.053871307491089683e-06 3.392768243588630828e-01
4.313091551521489042e-01 -2.675651278106651756e-06 3.392768200217732844e-01
4.313091483236743962e-01 -2.297448843953293291e-06 3.392768159371444825e-01
4.313091415575520116e-01 -1.912717719517190193e-06 3.392768119903728508e-01
4.313091349034677835e-01 -1.533833453493373130e-06 3.392768083419180347e-01
4.313091283398862719e-01 -1.155587103420392947e-06 3.392768049023345278e-01
4.313091218527417281e-01 -7.774228670023478760e-07 3.392768016475191661e-01
4.313091153937444466e-01 -3.927330154095423640e-07 3.392767984477996213e-01
4.313091090309171260e-01 -1.388942626057665942e-08 3.392767955075676189e-01
4.313091027359581275e-01 3.643186105403046976e-07 3.392767927215397661e-01
4.313090964967972729e-01 7.424469205095388421e-07 3.392767900702789996e-01
4.313090903084414451e-01 1.120556401047469676e-06 3.392767875426760393e-01
4.313090841180995949e-01 1.505202537324414039e-06 3.392767849974951400e-01
4.313090780100303778e-01 1.884004513564450099e-06 3.392767826778024798e-01
4.313090719500120018e-01 2.262173601737260839e-06 3.392767804644465923e-01
4.313090659277185046e-01 2.640265514179246144e-06 3.392767783420745920e-01
4.313090598867412861e-01 3.024890285293133385e-06 3.392767761617026534e-01
4.313090539202902307e-01 3.403671006820398612e-06 3.392767741878319754e-01
4.313090479908242014e-01 3.781820340949637471e-06 3.392767722935701724e-01
4.313090420889920118e-01 4.159894046738932460e-06 3.392767704658452566e-01
4.313090361562657016e-01 4.544502924329009072e-06 3.392767685506493658e-01
4.313090302924292851e-01 4.923268436420671505e-06 3.392767668281402305e-01
4.313090244575306098e-01 5.301403896451104676e-06 3.392767651658008532e-01
4.313090186429278106e-01 5.679465044464772314e-06 3.392767635522200842e-01
4.313090128463167860e-01 6.057512563928090575e-06 3.392767619828120362e-01
4.313090070080181082e-01 6.442104449137652231e-06 3.392767603000063081e-01
4.313090012336716628e-01 6.820854466005440482e-06 3.392767587977793542e-01
4.313089954812118210e-01 7.198976042536194026e-06 3.392767573386908930e-01
4.313089897426176655e-01 7.577024826675737155e-06 3.392767559127819466e-01
4.313089839564461236e-01 7.961613000332200257e-06 3.392767543591790891e-01
4.313089782314916687e-01 8.340359056587425327e-06 3.392767529794170622e-01
4.313089725244962924e-01 8.718477503296840012e-06 3.392767516332995115e-01
4.313089668277820254e-01 9.096524044285259986e-06 3.392767503116784766e-01
4.313089611398034373e-01 9.474559275454462468e-06 3.392767490118075435e-01
4.313089553989120084e-01 9.859142315827752412e-06 3.392767475715086634e-01
4.313089497168282049e-01 1.023788451336315595e-05 3.392767462991226890e-01
4.313089440492556270e-01 1.061600027256575767e-05 3.392767450520493000e-01
4.313089383888190631e-01 1.099404520989131000e-05 3.392767438218525222e-01
4.313089327342114476e-01 1.137207987406403186e-05 3.392767426063639791e-01
4.313089270231528216e-01 1.175666388015998999e-05 3.392767412419556705e-01
4.313089213692976598e-01 1.213540750794667464e-05 3.392767400414836709e-01
4.313089157276377983e-01 1.251352559290471441e-05 3.392767388607260126e-01
4.313089100910000862e-01 1.289157373516193456e-05 3.392767376917240618e-01
4.313089043960289803e-01 1.327616549222921200e-05 3.392767363691902016e-01
4.313088987573849287e-01 1.365491640749369085e-05 3.392767352083976840e-01
4.313088931296534256e-01 1.403304218127124172e-05 3.392767340642161566e-01
4.313088875057725646e-01 1.441109847480775533e-05 3.392767329289498868e-01
4.313088818846845252e-01 1.478914579420909123e-05 3.392767318010357913e-01
4.313088762034307799e-01 1.517374436609579211e-05 3.392767305153301938e-01
4.313088705777214926e-01 1.555250314674461474e-05 3.392767293894082270e-01
4.313088649617909387e-01 1.593063750843592519e-05 3.392767282773554993e-01
4.313088593486762434e-01 1.630870302985475376e-05 3.392767271717103683e-01
4.313088536745141588e-01 1.669331378349111778e-05 3.392767259060817664e-01
4.313088480554852500e-01 1.707208419807648459e-05 3.392767247991767543e-01
4.313088424456127390e-01 1.745023042633568706e-05 3.392767237046331874e-01
4.313088368379868198e-01 1.782830811050858233e-05 3.392767226151170989e-01
4.313088312316707418e-01 1.820637772137656104e-05 3.392767215293601146e-01
4.313088255633512613e-01 1.859099989767300782e-05 3.392767202814757077e-01
4.313088199497873698e-01 1.896978269651826215e-05 3.392767191913504399e-01
4.313088143448244316e-01 1.934794185513639663e-05 3.392767181122402498e-01
4.313088087416003247e-01 1.972603293651537608e-05 3.392767170369271890e-01
4.313088031392165456e-01 2.010411638635014846e-05 3.392767159642355868e-01
4.313087974742361719e-01 2.048875304110613709e-05 3.392767147280422724e-01
4.313087918637718565e-01 2.086755052598001278e-05 3.392767136489691637e-01
4.313087862615375134e-01 2.124572475130329395e-05 3.392767125800069117e-01
4.313087806607001640e-01 2.162383127174171118e-05 3.392767115140156720e-01
4.313087750603887272e-01 2.200193051890138806e-05 3.392767104498826125e-01
4.313087693970730774e-01 2.238658348726268950e-05 3.392767092213234137e-01
4.313087637881212189e-01 2.276539745603904468e-05 3.392767081494554859e-01
4.313087581871501985e-01 2.314358847505714468e-05 3.392767070870934543e-01
4.313087525873479100e-01 2.352171209117192435e-05 3.392767060271464907e-01
4.313087469878588709e-01 2.389982872502170456e-05 3.392767049685449510e-01
4.313087413250841773e-01 2.428449949566199154e-05 3.392767037448953804e-01
4.313087357165782398e-01 2.466333140764659948e-05 3.392767026776505324e-01
4.313087301158864961e-01 2.504154062145615408e-05 3.392767016195044061e-01
4.313087245162105510e-01 2.541968267717998906e-05 3.392767005634012567e-01
4.313087188531842253e-01 2.580437239564581660e-05 3.392766993420334720e-01
4.313087132443947369e-01 2.618322257328046778e-05 3.392766982769388484e-01
4.313087076433379519e-01 2.656145002229947348e-05 3.392766972207383325e-01
4.313087020432189722e-01 2.693961035076212300e-05 3.392766961663928882e-01
4.313086964431995241e-01 2.731776397552200425e-05 3.392766951128746156e-01
4.313086907795881664e-01 2.770247212496737980e-05 3.392766938936758736e-01
4.313086851701687929e-01 2.808134155675953396e-05 3.392766928305967489e-01
4.313086795683985786e-01 2.845958853253768606e-05 3.392766917762051193e-01
4.313086739674878989e-01 2.883776858657224320e-05 3.392766907234807672e-01
4.313086683666051413e-01 2.921594212082586939e-05 3.392766896714100033e-01
4.313086627020173980e-01 2.960067043635786305e-05 3.392766884534442196e-01
4.313086570916055407e-01 2.997956012709954412e-05 3.392766873915039061e-01
4.313086514887874978e-01 3.035782752057409605e-05 3.392766863381140863e-01
4.313086458867778639e-01 3.073602814660904504e-05 3.392766852862649785e-01
4.313086402847478018e-01 3.111422240077485316e-05 3.392766842349528300e-01
4.313086346189280440e-01 3.149897164127661494e-05 3.392766830176009996e-01
4.313086290072811746e-01 3.187788233459881655e-05 3.392766819562125225e-01
4.313086234031921484e-01 3.225617085887140756e-05 3.392766809032822239e-01
4.313086177998768367e-01 3.263439274084244454e-05 3.392766798518082605e-01
4.313086121965091224e-01 3.301260837079323128e-05 3.392766788007930412e-01
4.313086065292855986e-01 3.339737915023755860e-05 3.392766775836399962e-01
4.313086009162409584e-01 3.377631144743331007e-05 3.392766765224092262e-01
4.313085953107310688e-01 3.415462168001610611e-05 3.392766754695756282e-01
4.313085897059716345e-01 3.453286537097236388e-05 3.392766744181414107e-01
4.313085841011382038e-01 3.491110290747710725e-05 3.392766733671142010e-01
4.313085784323959504e-01 3.529589572230383055e-05 3.392766721498805538e-01
4.313085728178446820e-01 3.567485011009374714e-05 3.392766710885444237e-01
4.313085672108138424e-01 3.605318251738950285e-05 3.392766700355640541e-01
4.313085616045175263e-01 3.643144846514497458e-05 3.392766689839451510e-01
4.313085559981327255e-01 3.680970833660883614e-05 3.392766679326978396e-01
4.313085503277946930e-01 3.719452358924640542e-05 3.392766667151976279e-01
4.313085447116638549e-01 3.757350046044467270e-05 3.392766656535793901e-01
4.313085391030443416e-01 3.795185542010066947e-05 3.392766646002889908e-01
4.313085334951489713e-01 3.833014398658729548e-05 3.392766635483350224e-01
4.313085278871549577e-01 3.870842654024837586e-05 3.392766624967294420e-01
4.313085222151699649e-01 3.909326455500135273e-05 3.392766612788374880e-01
4.313085165974107626e-01 3.947226422827495885e-05 3.392766602168184042e-01
4.313085109871568901e-01 3.985064204508513363e-05 3.392766591631097839e-01
4.313085053776209432e-01 4.022895352280918106e-05 3.392766581107199420e-01
4.313084997679798027e-01 4.060725903930185559e-05 3.392766570586628894e-01
4.313084941581366571e-01 4.098556527947451651e-05 3.392766560068110615e-01
4.313084884842389721e-01 4.137042796169770827e-05 3.392766547886053585e-01
4.313084828645853963e-01 4.174945248368284274e-05 3.392766537262507098e-01
4.313084772524253263e-01 4.212785532590826996e-05 3.392766526721731624e-01
4.313084716409709141e-01 4.250619199306982155e-05 3.392766516193830295e-01
4.313084660293994843e-01 4.288452285562731553e-05 3.392766505668970423e-01
4.313084603537556405e-01 4.326940945662602328e-05 3.392766493480615653e-01
4.313084547323800533e-01 4.364845783722436974e-05 3.392766482850813059e-01
4.313084491185008584e-01 4.402688454323228160e-05 3.392766472303776482e-01
4.313084435053263221e-01 4.440524508507023220e-05 3.392766461769612385e-01
4.313084378920348794e-01 4.478359983382552832e-05 3.392766451238478087e-01
4.313084322146436000e-01 4.516851032422458846e-05 3.392766439043783389e-01
4.313084265915452797e-01 4.554758261029590011e-05 3.392766428407691937e-01
4.313084209759449061e-01 4.592603323241528738e-05 3.392766417854355399e-01
4.313084153610495797e-01 4.630441770048875609e-05 3.392766407313889121e-01
4.313084097460359589e-01 4.668279638514586966e-05 3.392766396776447091e-01
4.313084040668961339e-01 4.706773081159845425e-05 3.392766384575390259e-01
4.313083984420726380e-01 4.744682704814099050e-05 3.392766373932973312e-01
4.313083928247493093e-01 4.782530163035400507e-05 3.392766363373316274e-01
4.313083872081314718e-01 4.820371006654784279e-05 3.392766352826518395e-01
4.313081106687212118e-01 4.812970034022920893e-05 3.392762903684998221e-01
4.313077628522763440e-01 4.789131226418395825e-05 3.392758994809661477e-01
4.313074487334606633e-01 4.762780172339188100e-05 3.392755868132540931e-01
4.313071628253101197e-01 4.738321247176003145e-05 3.392753425175553672e-01
4.313069033941081543e-01 4.716976506054435095e-05 3.392751623426469854e-01
4.313066675969059460e-01 4.699019323794842472e-05 3.392750394172299733e-01
4.313064545513911052e-01 4.684312218816381456e-05 3.392749715752799711e-01
4.313062612914646543e-01 4.672676653346417749e-05 3.392749516657899145e-01
4.313060858891123450e-01 4.663890609123574974e-05 3.392749750074890991e-01
4.313059309665265850e-01 4.657728957069201455e-05 3.392750478812371351e-01
4.313057917216782111e-01 4.653999891002760694e-05 3.392751587677930170e-01
4.313056660056919234e-01 4.652511039302813272e-05 3.392753024311034871e-01
4.313055542499470429e-01 4.653105171775252948e-05 3.392754798776386194e-01
4.313054553547540082e-01 4.655631203536973056e-05 3.392756884662561645e-01
4.313053683431365970e-01 4.659949896465426098e-05 3.392759258310582560e-01
4.313052923115503479e-01 4.665932895406452402e-05 3.392761897840246288e-01
4.313052264254778612e-01 4.673461874119094988e-05 3.392764783043225041e-01
4.313051699137430139e-01 4.682427713475614735e-05 3.392767895245363263e-01
4.313051220635004679e-01 4.692729739068422865e-05 3.392771217185254207e-01
4.313050822165768738e-01 4.704275050985256277e-05 3.392774732925480374e-01
4.313050497643796666e-01 4.716977866011697729e-05 3.392778427729509771e-01
4.313054032962028717e-01 4.796608322362573242e-05 3.392786895568019601e-01
4.313057162327067484e-01 4.879814856600087389e-05 3.392794550653743246e-01
4.313060045271150389e-01 4.960529546762710066e-05 3.392801619065876073e-01
4.313062700153437734e-01 5.038271471451500136e-05 3.392808143933828124e-01
4.313065145311336668e-01 5.113194590538228286e-05 3.392814167803209768e-01
4.313067392563207925e-01 5.185499269110703166e-05 3.392819717998606377e-01
4.313069466044301414e-01 5.255401679625718020e-05 3.392824851600637626e-01
4.313071361855291275e-01 5.323078595707408499e-05 3.392829558837571202e-01
4.313073113627523547e-01 5.388710930743060727e-05 3.392833919680848243e-01
4.313074752558377911e-01 5.452401844941363624e-05 3.392838009102009944e-01
4.313076241028638846e-01 5.514372644995274770e-05 3.392841736982700751e-01
4.313077613243720410e-01 5.574726557996763821e-05 3.392845184345376630e-01
4.313078867853641918e-01 5.633625695469125934e-05 3.392848348339653208e-01
4.313080035879074403e-01 5.691056795750738876e-05 3.392851303202701896e-01
4.313081116057601028e-01 5.747133426463243842e-05 3.392854046314746630e-01
4.313082109325194757e-01 5.802000300165796029e-05 3.392856579773155246e-01
4.313083017668247754e-01 5.855808863033532062e-05 3.392858908250158123e-01
4.313083843963245734e-01 5.908711263201386904e-05 3.392861038640741511e-01
4.313084614470656386e-01 5.960500837998117355e-05 3.392863033649414217e-01
4.313085308883796154e-01 6.011610762362891317e-05 3.392864844793083701e-01
4.313085952072935880e-01 6.061814564234501438e-05 3.392866531514855954e-01
4.313086545530906424e-01 6.111155769242786065e-05 3.392868097819903284e-01
4.313087091719987609e-01 6.159710369688183756e-05 3.392869549650432970e-01
4.313087577478948442e-01 6.208008723425337857e-05 3.392870855388381290e-01
4.313088022776456754e-01 6.255729679065890724e-05 3.392872062909074171e-01
4.313088429766338550e-01 6.302884157894126727e-05 3.392873177668291884e-01
4.313088813649104680e-01 6.349023936683831164e-05 3.392874236279928568e-01
4.313089151436695912e-01 6.395137565329935870e-05 3.392875183589967869e-01
4.313089469586178226e-01 6.440360839452083808e-05 3.392876083029575662e-01
4.313089758125657758e-01 6.485136897859358925e-05 3.392876910903868115e-01
4.313090019569444933e-01 6.529550085660596305e-05 3.392877673143477324e-01
4.313090259452511122e-01 6.573497836305405547e-05 3.392878379827813928e-01
4.313090476134416873e-01 6.617134222456841353e-05 3.392879030319069789e-01
4.313090671441437984e-01 6.660497492797260929e-05 3.392879629031383959e-01
4.313090847021875396e-01 6.703611458720583978e-05 3.392880179963683740e-01
4.313091004409902451e-01 6.746496365747063704e-05 3.392880686834842674e-01
4.313091145028223883e-01 6.789170305713196644e-05 3.392881153093084134e-01
4.313091270193873950e-01 6.831649572616125274e-05 3.392881581930205503e-01
4.313091381124302681e-01 6.873948879431775888e-05 3.392881976296465152e-01
4.313091478943618662e-01 6.916081538659558611e-05 3.392882338915745866e-01
4.313091569185983909e-01 6.957468453101258408e-05 3.392882683201137173e-01
4.313091647968501086e-01 6.998642480008781001e-05 3.392882999717237724e-01
4.313091716253607544e-01 7.039672633458225021e-05 3.392883290805775443e-01
4.313091774843051396e-01 7.080574254489998155e-05 3.392883558421796453e-01
4.313091824486910975e-01 7.121356239496039230e-05 3.392883804383527990e-01
4.313091865878657116e-01 7.162026203130708861e-05 3.392884030371016713e-01
4.313091899658728079e-01 7.202591098693252568e-05 3.392884237935643310e-01
4.313091926418312072e-01 7.243057336600511526e-05 3.392884428509417849e-01
4.313091946702946600e-01 7.283430842677396258e-05 3.392884603413776068e-01
4.313091961015960152e-01 7.323717104438642184e-05 3.392884763867804465e-01
4.313091969821585270e-01 7.363921211973502984e-05 3.392884910995938585e-01
4.313091973547973912e-01 7.404047893888841554e-05 3.392885045835154489e-01
4.313091972589911394e-01 7.444101549668295803e-05 3.392885169341612328e-01
4.313091967311395436e-01 7.484086278242167354e-05 3.392885282396860824e-01
4.313091958047994279e-01 7.524005903726610153e-05 3.392885385813586563e-01
4.313091945109057135e-01 7.563863998362586438e-05 3.392885480340951943e-01
4.313091928779732576e-01 7.603663903149368423e-05 3.392885566669507358e-01
4.313091909322866457e-01 7.643408746427411173e-05 3.392885645435775310e-01
4.313091886980737755e-01 7.683101460514022763e-05 3.392885717226431508e-01
4.313091861976664498e-01 7.722744796918875969e-05 3.392885782582238940e-01
4.313091834516475931e-01 7.762341339847041589e-05 3.392885842001630015e-01
4.313091804789904726e-01 7.801893518608454803e-05 3.392885895944006136e-01
4.313091774280408686e-01 7.840769843420850884e-05 3.392885948087848713e-01
4.313091741859808037e-01 7.879535519603707294e-05 3.392885995513277297e-01
4.313091707627526028e-01 7.918253933270545089e-05 3.392886038549750571e-01
4.313091670541905898e-01 7.957570200263124679e-05 3.392886074596619395e-01
4.313091632992051561e-01 7.996283697283140541e-05 3.392886109725964938e-01
4.313091594060050049e-01 8.034901255744886803e-05 3.392886141425808799e-01
4.313091552748496982e-01 8.074118349876898695e-05 3.392886167270288134e-01
4.313091511187888694e-01 8.112734711224954499e-05 3.392886192722319727e-01
4.313091468552830987e-01 8.151259582252014832e-05 3.392886215486946022e-01
4.313091423905666688e-01 8.190390431479887114e-05 3.392886233283637365e-01
4.313091379178675133e-01 8.228922798076613969e-05 3.392886251101669415e-01
4.313091333620023282e-01 8.267367535047030302e-05 3.392886266817823349e-01
4.313091287242297733e-01 8.305780937464181282e-05 3.392886280549329836e-01
4.313091239215675610e-01 8.344813518485941868e-05 3.392886290200251564e-01
4.313091191279226910e-01 8.383250734707826880e-05 3.392886300289232326e-01
4.313091142756434460e-01 8.421604702405776515e-05 3.392886308867975043e-01
4.313091093638225515e-01 8.459931525131151361e-05 3.392886316003349556e-01
4.313091043142183723e-01 8.498883479881596419e-05 3.392886319712706822e-01
4.313090992861002282e-01 8.537242067672324187e-05 3.392886324164871015e-01
4.313578263376963706e-01 8.635465613052948622e-05 3.392899944933487899e-01
4.314557822533758302e-01 8.736528495870234709e-05 3.392923880183050800e-01
4.316302859680804516e-01 8.859658268884731719e-05 3.392967402690073575e-01
4.318997969282586946e-01 7.716994414522701236e-05 3.393035349550387325e-01
4.322793045473051765e-01 2.767195516400537095e-05 3.393132366446727777e-01
4.326776178030464770e-01 -4.844992379852427295e-05 3.393231597708927239e-01
4.330744419347386520e-01 -1.421147806618756806e-04 3.393329147649689070e-01
4.334715167776700961e-01 -2.121519410088620818e-04 3.393426525924864157e-01
4.338686314605738614e-01 -2.588853908070440466e-04 3.393522672381368288e-01
4.342657908453645965e-01 -2.964347505023111643e-04 3.393617410153160208e-01
4.346630147032750635e-01 -3.234080249121833368e-04 3.393711116607253109e-01
4.350603046249100769e-01 -3.337128262198456384e-04 3.393803881815056767e-01
4.354576346073936732e-01 -3.336034657635391981e-04 3.393895389676905849e-01
4.358549995250173281e-01 -3.329214556981908448e-04 3.393985703053363778e-01
4.362524101092729589e-01 -3.321869284066341710e-04 3.394074994630101316e-01
4.366498584995508470e-01 -3.314463012359305117e-04 3.394163216110892556e-01
4.370473463468245723e-01 -3.307029198366445624e-04 3.394250474788185201e-01
4.374448844343771792e-01 -3.194958286604066130e-04 3.394336876661678271e-01
4.378424676616767819e-01 -2.933591460110605907e-04 3.394422394445337776e-01
4.382400702364797618e-01 -2.585924911025670129e-04 3.394506761367077075e-01
4.386377452786409670e-01 -2.024297133686775072e-04 3.394590528093988091e-01
4.390354617433045448e-01 -1.251700279599833642e-04 3.394673280129113513e-01
4.394331702021377350e-01 -4.106819542630825415e-05 3.394754766693399706e-01
4.398309218449272251e-01 5.233697501290874362e-05 3.394835400182193985e-01
4.402286885127810190e-01 1.522803375069165920e-04 3.394914995203165420e-01
4.406265749353949213e-01 2.804613534762935068e-04 3.394994332950264648e-01
4.410244327732078529e-01 4.194224081966192166e-04 3.395072142271349236e-01
4.414222799536020037e-01 5.597915889125426678e-04 3.395148856917998836e-01
4.418201347487202280e-01 7.019325608150675088e-04 3.395224627410516338e-01
4.422179986472418722e-01 8.464809844615483461e-04 3.395299467760323764e-01
4.426156086622509145e-01 9.952863442753995954e-04 3.395370115090059482e-01
4.430135914292455124e-01 1.161644017876371044e-03 3.395444033332719047e-01
4.434115147917528366e-01 1.338050732093519187e-03 3.395516545162791666e-01
4.438091948454064295e-01 1.519323651520543836e-03 3.395585130614546254e-01
4.442071629632620700e-01 1.708805014331577898e-03 3.395656164065020688e-01
4.446051176724870047e-01 1.909638346590612941e-03 3.395726182976989138e-01
4.450032004103133820e-01 2.137515987263398191e-03 3.395795964124230237e-01
4.454015551266096162e-01 2.419848343273576282e-03 3.395865957659447987e-01
4.458003472437329640e-01 2.783038583434547901e-03 3.395936496412121919e-01
4.461992781685658049e-01 3.204931376425879889e-03 3.396006003109006133e-01
4.465950177741008775e-01 3.648138554820831193e-03 3.396073127655410695e-01
4.469709146856832849e-01 4.093625880527178122e-03 3.396130634880407673e-01
4.473092728962790310e-01 4.539715409681172389e-03 3.396180936173860410e-01
4.475993475795170817e-01 4.985968460930336778e-03 3.396222279357413720e-01
4.478581255451402066e-01 5.432945042944874008e-03 3.396260464461834383e-01
4.480752068945261235e-01 5.880174546908776244e-03 3.396288909330759664e-01
4.482697603244159001e-01 6.327816283972555536e-03 3.396318247907867405e-01
4.484520457949161543e-01 6.775668005911034998e-03 3.396345416833310149e-01
4.486071199801560661e-01 7.223753074107630047e-03 3.396368207254670812e-01
4.487319539550371772e-01 7.672202129424742119e-03 3.396386275159117840e-01
4.488403440876390649e-01 8.120871494703592319e-03 3.396402796761259224e-01
4.489500305003660263e-01 8.569830409253235970e-03 3.396419792176579300e-01
4.490607135675021566e-01 9.018803206241456788e-03 3.396437030801631729e-01
4.491687560279671310e-01 9.467738360293674951e-03 3.396453952519569164e-01
4.492781434534256491e-01 9.916710744171089789e-03 3.396471253654538835e-01
4.493873104353929837e-01 1.036565064860177007e-02 3.396488559850676658e-01
4.494963984680505065e-01 1.081458053720981381e-02 3.396505997400988686e-01
4.496041719689112814e-01 1.126348914776228137e-02 3.396523293758293427e-01
4.497119635773113022e-01 1.171240635010838659e-02 3.396540707300502726e-01
4.498202677468095545e-01 1.216131845589642907e-02 3.396558344158284171e-01
4.499290513678955161e-01 1.261020625924156278e-02 3.396576056738095928e-01
4.500377045877974602e-01 1.305906671194929751e-02 3.396593818706886148e-01
4.501462833714627298e-01 1.350791394432632880e-02 3.396611694286467142e-01
4.502547820847956905e-01 1.395674460476850273e-02 3.396629633183525510e-01
4.503632026358848073e-01 1.440555907058029168e-02 3.396647619331179535e-01
4.504715439460152404e-01 1.485435456827194009e-02 3.396665617365451362e-01
4.505798092963446688e-01 1.530313202262212173e-02 3.396683688507224352e-01
4.506880009165468715e-01 1.575189599355816816e-02 3.396701844375819013e-01
4.507961145948465309e-01 1.620063867859408702e-02 3.396719987186032075e-01
4.509041560417820782e-01 1.664936621535601999e-02 3.396738212191294237e-01
4.510109003986733089e-01 1.709806545483586251e-02 3.396756280450660692e-01
4.511188991986962993e-01 1.754678345086003663e-02 3.396774635998686676e-01
4.512248727696892558e-01 1.799544486832071327e-02 3.396792751308271296e-01
4.513327783356059775e-01 1.844413978214766089e-02 3.396811166781922853e-01
4.514404424652914138e-01 1.889277942528098594e-02 3.396829625473484215e-01
4.515480496453232462e-01 1.934139728775840714e-02 3.396848122961128036e-01
4.516555837905337767e-01 1.978999519291218742e-02 3.396866635805720347e-01
4.517630455181624316e-01 2.023857150017322609e-02 3.396885144989444938e-01
4.518704381029802764e-01 2.068712903415408783e-02 3.396903727557414321e-01
4.519777588538536617e-01 2.113566593252427447e-02 3.396922310413569845e-01
4.520850102393058623e-01 2.158418261703403535e-02 3.396940952553336723e-01
4.521921914122922215e-01 2.203267873887514855e-02 3.396959621875934032e-01
4.522993019865588216e-01 2.248115389792181354e-02 3.396978301969006409e-01
4.524063437399233334e-01 2.292960912615197092e-02 3.396997038534350644e-01
4.525133144255296669e-01 2.337804197994581765e-02 3.397015772864245275e-01
4.526202179227764022e-01 2.382645680172573374e-02 3.397034588299276403e-01
4.527270492165097471e-01 2.427484734009780279e-02 3.397053372659165627e-01
4.528338122878684535e-01 2.472321719970091078e-02 3.397072203904398235e-01
4.529405077065823959e-01 2.517156768747280324e-02 3.397091103404015211e-01
4.530471319097952310e-01 2.561989437956638943e-02 3.397109982605108214e-01
4.531536889724189221e-01 2.606820081538050587e-02 3.397128935660012061e-01
4.532601773579790772e-01 2.651648588507253199e-02 3.397147921873569509e-01
4.533665960866006817e-01 2.696474893064463793e-02 3.397166910915992988e-01
4.534729454248860869e-01 2.741298938757692413e-02 3.397185910540080345e-01
4.535792263580334382e-01 2.786120686055915466e-02 3.397204953096422675e-01
4.536854366845540221e-01 2.830939990170807524e-02 3.397223972468586539e-01
4.537915794122648339e-01 2.875757060978927776e-02 3.397243046669661815e-01
4.538976541022526900e-01 2.920572004997432081e-02 3.397262159704542706e-01
4.540036589106773435e-01 2.965384529886779322e-02 3.397281268422578937e-01
4.541675984403663047e-01 3.010268962179592223e-02 3.397307529651643621e-01
4.543589354839072114e-01 3.055020718520692208e-02 3.397336664469587930e-01
4.545503942441561640e-01 3.099663864600999547e-02 3.397365553191064591e-01
4.547418046768689770e-01 3.144285570253724932e-02 3.397394274885829346e-01
4.549331683455917208e-01 3.188900842778690653e-02 3.397422907617209664e-01
4.551244749058039885e-01 3.233511726564088778e-02 3.397451314300096170e-01
4.553169467971597828e-01 3.278120753139038973e-02 3.397479761687566824e-01
4.555092584122549249e-01 3.322722244731426272e-02 3.397508024654991021e-01
4.557021230466870576e-01 3.367320660401147692e-02 3.397536194497657314e-01
4.558948762736387827e-01 3.411913381808925200e-02 3.397564194630530165e-01
4.560875718752046004e-01 3.456502239838012136e-02 3.397592008867181268e-01
4.562796019274416581e-01 3.501086384396375623e-02 3.397619589121484429e-01
4.564716181501544678e-01 3.545668850499409525e-02 3.397647005040432822e-01
4.566635674498035202e-01 3.590247951262433290e-02 3.397674317360310225e-01
4.568554503653541321e-01 3.634823364292498471e-02 3.397701439782271349e-01
4.570472683005495917e-01 3.679395253415766037e-02 3.397728415554604475e-01
4.572390208821934809e-01 3.723963562433635355e-02 3.397755270865836508e-01
4.574307054222926383e-01 3.768528199098861858e-02 3.397781946390301955e-01
4.576223226423659640e-01 3.813089201705135295e-02 3.397808477426130236e-01
4.578138734135600574e-01 3.857646670847304782e-02 3.397834894273250583e-01
4.580053540158453007e-01 3.902200361108052601e-02 3.397861114290648965e-01
4.581967660780251750e-01 3.946750396778213321e-02 3.397887190660352497e-01
4.583881086185102594e-01 3.991296768999391675e-02 3.397913107298043411e-01
4.585793828674702421e-01 4.035839524970535885e-02 3.397938902968031250e-01
4.587705855832825419e-01 4.080378453378501191e-02 3.397964515593298596e-01
4.589860853831780885e-01 4.124963680362508239e-02 3.397992511669254978e-01
4.592445701440719952e-01 4.169545976183795799e-02 3.398024831761493614e-01
4.595031107187171338e-01 4.213947932434490562e-02 3.398056610651656317e-01
4.597616292833480722e-01 4.258312271541341010e-02 3.398088117322317636e-01
4.600225272645848684e-01 4.302671021067643042e-02 3.398119567810963804e-01
4.602929054694014921e-01 4.347036077530506276e-02 3.398151620041168219e-01
4.605721811914622044e-01 4.391378445510048939e-02 3.398184195481527836e-01
4.608531010045811560e-01 4.435677803183431245e-02 3.398216521595331940e-01
4.611350446291316296e-01 4.479960040570227231e-02 3.398248548190123675e-01
4.614180537400947024e-01 4.524232882949971724e-02 3.398280273296344078e-01
4.617021203448849476e-01 4.568497600541397696e-02 3.398311659703145970e-01
4.619848147576822162e-01 4.612748449149418201e-02 3.398342512045202657e-01
4.622687645107193544e-01 4.657002015485002533e-02 3.398373119687397304e-01
4.625525336166823598e-01 4.701245687063571044e-02 3.398403281024298672e-01
4.628362422368084150e-01 4.745484045602955253e-02 3.398433036718420119e-01
4.631198777967081015e-01 4.789717328645758110e-02 3.398462384244353429e-01
4.634034424999636248e-01 4.833945784286784730e-02 3.398491384459343401e-01
4.636869293984441920e-01 4.878169088223177630e-02 3.398519907138664031e-01
4.639837103004597618e-01 4.922425563657695929e-02 3.398549294707288171e-01
4.642939064680838279e-01 4.966657853610716850e-02 3.398579376356081760e-01
4.646223916880822258e-01 5.010867615199544184e-02 3.398610538203738485e-01
4.649602713358170214e-01 5.055004078613756224e-02 3.398641971547577412e-01
4.653046234948560178e-01 5.099092354598878246e-02 3.398673427030414751e-01
4.656568970214767234e-01 5.143156952759722622e-02 3.398704974744743423e-01
4.660133133752382140e-01 5.187183476039624458e-02 3.398736181169118020e-01
4.663723658219187662e-01 5.231183546679025326e-02 3.398766940870658337e-01
4.667317338002705540e-01 5.275160075399083770e-02 3.398797094933196372e-01
4.670946453424197897e-01 5.319136671478404826e-02 3.398826855254218904e-01
4.674596123286525740e-01 5.363096228331893506e-02 3.398856145716986910e-01
4.678255449125151011e-01 5.407039225070184307e-02 3.398884852883501395e-01
4.681937387628367087e-01 5.450976222142032979e-02 3.398913081547412784e-01
4.685616621794849723e-01 5.494893228903816734e-02 3.398940585973710404e-01
4.689307286364285399e-01 5.538806348004468583e-02 3.398967467091809080e-01
4.692996111090750877e-01 5.582706440575854745e-02 3.398993676267768604e-01
4.696684153717672339e-01 5.626599382315363579e-02 3.399019208005091830e-01
4.700419800267244264e-01 5.670504046982237367e-02 3.399044376473236984e-01
4.704186930164813707e-01 5.714390244006232328e-02 3.399069000640864147e-01
4.707986962175680357e-01 5.758261130816274415e-02 3.399093215303330417e-01
4.711789551310159307e-01 5.802104274078268703e-02 3.399116687219935762e-01
4.715584934197785683e-01 5.845931298757457012e-02 3.399139462415775581e-01
4.719379881336501215e-01 5.889753529719508884e-02 3.399161496297208318e-01
4.723173806852229428e-01 5.933569208743033618e-02 3.399182798412433426e-01
4.726966758776619537e-01 5.977378375624867873e-02 3.399203374616638906e-01
4.730758718662579354e-01 6.021180904777308912e-02 3.399223225127422920e-01
4.734555776763977875e-01 6.064979350310147066e-02 3.399242387849650271e-01
4.738345281450406232e-01 6.108765143506904999e-02 3.399260882141043605e-01
4.742134282786243382e-01 6.152547112718819572e-02 3.399278633479255740e-01
4.745922230398902930e-01 6.196322828130633453e-02 3.399295710669594794e-01
4.749709118387244744e-01 6.240091723207640689e-02 3.399312015048888691e-01
4.753494980791311830e-01 6.283853815315448843e-02 3.399327653165079566e-01
4.757279791066888475e-01 6.327609058693324517e-02 3.399342564188772564e-01
4.761063541810502953e-01 6.371357301131924666e-02 3.399356765452154483e-01
4.764846245881131370e-01 6.415098639860526697e-02 3.399370291881421702e-01
4.768627909671315224e-01 6.458833150580098326e-02 3.399383186549483349e-01
4.772408477016138462e-01 6.502560540321497551e-02 3.399395318263134791e-01
4.776236228577387388e-01 6.546304409736192209e-02 3.399406923481492204e-01
4.780053096763021148e-01 6.590008219806850476e-02 3.399417853169605652e-01
4.783875827057755270e-01 6.633706378381340474e-02 3.399428027126654150e-01
4.787696943150944184e-01 6.677392412780217001e-02 3.399437528368436934e-01
4.791522985918826305e-01 6.721073379895620148e-02 3.399446375905216255e-01
4.795359455743030130e-01 6.764749013505592934e-02 3.399454506447878166e-01
4.799229020241563837e-01 6.808213383909535177e-02 3.399461848486969862e-01
4.803096356764081643e-01 6.851675761783271312e-02 3.399468642047832612e-01
4.806962643857666806e-01 6.895132019546126867e-02 3.399474708769167908e-01
4.810827779863936504e-01 6.938581062727318394e-02 3.399480029309280837e-01
4.814691792784754898e-01 6.982022729294576346e-02 3.399484653306101278e-01
4.818554678113693424e-01 7.025456904913245093e-02 3.399488600216874490e-01
4.822416419660287001e-01 7.068883497547345796e-02 3.399491834582225036e-01
4.826277007564623300e-01 7.112302422758488840e-02 3.399494352746426085e-01
4.830136430679911608e-01 7.155713577074647447e-02 3.399496148428292619e-01
4.833994692384836478e-01 7.199116988603813938e-02 3.399497234921201594e-01
4.837845595277098787e-01 7.241293267451198723e-02 3.399496500033474256e-01
4.841700434516939544e-01 7.282708739268137221e-02 3.399495269751242610e-01
4.845555657263020954e-01 7.323436845902690784e-02 3.399493162148083947e-01
4.849410083710073982e-01 7.363294986990796820e-02 3.399490066194502114e-01
4.853263986410611963e-01 7.402065446889843914e-02 3.399485918120992434e-01
4.857118226907425895e-01 7.439603530777023910e-02 3.399480756335144793e-01
4.860966257681003655e-01 7.474453609147986566e-02 3.399473311113737628e-01
4.864823662916161195e-01 7.507452233730607660e-02 3.399465420325614162e-01
4.868679912416145061e-01 7.537909466129094627e-02 3.399455858829339983e-01
4.872545314408542327e-01 7.566673405436824540e-02 3.399445899591211351e-01
4.876409944433036658e-01 7.593151692656263663e-02 3.399434371116800135e-01
4.880260462271170940e-01 7.613723521502079039e-02 3.399418710535677124e-01
4.884138752541467565e-01 7.631048503022302976e-02 3.399403618245512293e-01
4.888030632639318585e-01 7.646718794461751512e-02 3.399388452235839742e-01
4.891930429278287806e-01 7.661794782304695572e-02 3.399373101800585162e-01
4.895831956406542229e-01 7.676559123180574928e-02 3.399357242710022153e-01
4.899733884145757168e-01 7.691103083156275444e-02 3.399340744804514869e-01
4.903637012667331208e-01 7.705701029365610855e-02 3.399323758891295566e-01
4.907538785888735378e-01 7.720270323952439784e-02 3.399306136672778922e-01
4.911440252105168658e-01 7.734871757077729781e-02 3.399287840580408337e-01
4.915340603632832317e-01 7.749439927071000156e-02 3.399268968892958376e-01
4.919240467481101886e-01 7.763996979868360848e-02 3.399249455528970953e-01
4.923139659905049759e-01 7.778548718735250889e-02 3.399229313812100473e-01
4.927038154249591684e-01 7.793097023075999663e-02 3.399208533244054697e-01
4.930935942293064311e-01 7.807642451123444904e-02 3.399187114048397018e-01
4.934833038513854464e-01 7.822185184819122061e-02 3.399165133342894607e-01
4.938729421585755786e-01 7.836725130814127527e-02 3.399142532859179000e-01
4.942625054449383826e-01 7.851262054669586044e-02 3.399119253706598953e-01
4.946519965304462807e-01 7.865795942543035713e-02 3.399095356198928997e-01
4.950414179005497295e-01 7.880326851363285423e-02 3.399070906367989142e-01
4.954307659611535963e-01 7.894854594738043296e-02 3.399045848066134523e-01
4.958200405824184087e-01 7.909379070002035828e-02 3.399020173626965957e-01
4.962092406084854246e-01 7.923900166577993454e-02 3.398993874457141851e-01
4.965983652133633131e-01 7.938417789625283605e-02 3.398966932131063379e-01
4.969874162987885091e-01 7.952931961415739270e-02 3.398939403206127086e-01
4.973763955177907814e-01 7.967442722635000030e-02 3.398911335634322017e-01
4.977652996988753964e-01 7.981949937027910114e-02 3.398882672863644538e-01
4.981531614739692082e-01 7.994789641285530990e-02 3.398852385130072817e-01
4.985418299805081666e-01 8.006627094292474711e-02 3.398821684259943909e-01
4.989304280674609071e-01 8.017100777026286984e-02 3.398790026309648216e-01
4.993197645345833213e-01 8.026973371800545654e-02 3.398758172950264167e-01
4.997093230054994728e-01 8.036560917415402905e-02 3.398725780799903839e-01
5.000990233908411131e-01 8.046128634965249438e-02 3.398692952628666331e-01
5.004886454891835923e-01 8.055685287827626939e-02 3.398659493369562967e-01
5.008781940383901787e-01 8.065238610847376421e-02 3.398625438966874079e-01
5.012676619559155444e-01 8.074790945429850819e-02 3.398590762642049734e-01
5.016570465648219068e-01 8.084343119648337850e-02 3.398555453651243563e-01
5.020463566149533374e-01 8.093893238188784589e-02 3.398519622458526235e-01
5.024355821875460260e-01 8.103442609639587013e-02 3.398483165938200878e-01
5.028255343920433607e-01 8.114270721165264821e-02 3.398446897349292062e-01
5.032151294301940858e-01 8.126564624849159924e-02 3.398410197593509374e-01
5.036040544312516687e-01 8.139969270742422602e-02 3.398372969895278595e-01
5.039928787362408791e-01 8.154877211800908021e-02 3.398335381736449223e-01
5.043809877438196754e-01 8.170906887436689414e-02 3.398297269928238218e-01
5.047687971124527051e-01 8.188131742314372352e-02 3.398258637862119902e-01
5.051560089364393047e-01 8.206221364311062916e-02 3.398219425991705345e-01
5.055491258717477177e-01 8.234568986076375163e-02 3.398183589209778921e-01
5.059365607066065307e-01 8.269123496647785843e-02 3.398146158750964263e-01
5.063224082699444573e-01 8.309384828715907223e-02 3.398108523294770533e-01
5.067042400546816205e-01 8.351620736688168678e-02 3.398069194435989759e-01
5.070806773305681636e-01 8.394528551743452027e-02 3.398029347733027006e-01
5.074515352407249491e-01 8.437672106809952777e-02 3.397989204963821619e-01
5.078194884872734294e-01 8.480923382780113096e-02 3.397948616731827354e-01
5.081871808124623913e-01 8.524216558748960726e-02 3.397903953816554523e-01
5.085546226297922301e-01 8.567525046718438286e-02 3.397858157477037788e-01
5.089218878782132416e-01 8.610836135174700090e-02 3.397811831367202329e-01
5.092901433295287106e-01 8.654156999947600071e-02 3.397764776872969628e-01
5.096581533466659764e-01 8.697458729906651365e-02 3.397717197055051819e-01
5.100260194644464784e-01 8.740745172120016615e-02 3.397669049903824234e-01
5.103937298088281338e-01 8.784016686954078390e-02 3.397620253237906840e-01
5.107612878314869986e-01 8.827273791164050309e-02 3.397570855540568702e-01
5.111292824733724149e-01 8.870524489573720917e-02 3.397520816600878568e-01
5.114964977145485259e-01 8.913748454199170446e-02 3.397470287165279546e-01
5.118636085294084870e-01 8.956961625470197252e-02 3.397419082533266743e-01
5.122305604596419926e-01 9.000161821108224047e-02 3.397367224927875795e-01
5.125973606454754528e-01 9.043348840480398831e-02 3.397314735219778004e-01
5.129640096498436774e-01 9.086522495142963785e-02 3.397261648158440006e-01
5.133305094580730144e-01 9.129682799165128593e-02 3.397207971234984525e-01
5.136968579618396147e-01 9.172829624908980517e-02 3.397153655220537805e-01
5.140630559323745574e-01 9.215962960707618778e-02 3.397098731453341847e-01
5.144291041489678085e-01 9.259082812596118595e-02 3.397043211014731945e-01
5.147950019467817384e-01 9.302189185068635013e-02 3.396987061388579976e-01
5.151609209387911781e-01 9.345290621211529980e-02 3.396932848657447934e-01
5.155267005296537697e-01 9.388381405804109570e-02 3.396878366655888826e-01
5.158923677172999600e-01 9.431463722069044486e-02 3.396823714764046209e-01
5.162579246914436037e-01 9.474539208001897528e-02 3.396768886750800576e-01
5.166233483942708204e-01 9.517607934505768752e-02 3.396713593261057040e-01
5.169886353114104827e-01 9.560670081325625680e-02 3.396657824017624283e-01
5.173537770740259667e-01 9.603725519162399638e-02 3.396601465533590769e-01
5.177187728413729095e-01 9.646771865691662617e-02 3.396544500318944282e-01
5.180836206472715366e-01 9.689810487718984733e-02 3.396486921134279635e-01
5.184483169387590351e-01 9.732841946000754529e-02 3.396428726697265366e-01
5.188128602741518547e-01 9.775866524025342286e-02 3.396369938796903742e-01
5.191772507856039498e-01 9.818881890267650014e-02 3.396310511403812238e-01
5.195414919141815302e-01 9.861887316121052682e-02 3.396250525945896936e-01
5.199055810733712590e-01 9.904882381555171755e-02 3.396189929785075612e-01
5.202695164497561642e-01 9.947866835560273402e-02 3.396128683475195809e-01
5.206332965069440100e-01 9.990840531418013204e-02 3.396066786878289556e-01
5.209969248977802669e-01 1.003380363971029532e-01 3.396004330836802643e-01
5.213603943386432293e-01 1.007675583524675622e-01 3.395941196815456253e-01
5.217237099050352489e-01 1.011969730520715788e-01 3.395877496300958587e-01
5.220868671079264001e-01 1.016262786046214922e-01 3.395813149023393374e-01
5.224498652753497563e-01 1.020554747287663877e-01 3.395748155161869009e-01
5.228127058940142957e-01 1.024845615278319189e-01 3.395682565979955547e-01
5.231753875116347263e-01 1.029135389598139216e-01 3.395616385173857443e-01
5.235379077346807852e-01 1.033424055096899691e-01 3.395549570854330401e-01
5.239002664125573805e-01 1.037711611553209790e-01 3.395482117390868915e-01
5.242624629582415263e-01 1.041998052347705706e-01 3.395414044936950204e-01
5.246244970147332376e-01 1.046283377464805459e-01 3.395345343206824795e-01
5.249863690964359231e-01 1.050567591302134229e-01 3.395276048946064273e-01
5.253480784812394333e-01 1.054850692891313446e-01 3.395206157745300213e-01
5.257050136134118201e-01 1.059128552835062326e-01 3.395136384549093944e-01
5.260603516974616811e-01 1.063408057220767144e-01 3.395066121931553105e-01
5.264069407212202956e-01 1.067681426257335309e-01 3.394996610333806952e-01
5.267389295940475558e-01 1.071949263495115406e-01 3.394928775082526884e-01
5.270543418072696218e-01 1.076217065791061356e-01 3.394862908920685540e-01
5.273509664501300209e-01 1.080487220197383913e-01 3.394799586713633799e-01
5.276335142719433824e-01 1.084767501512079735e-01 3.394737979289202956e-01
5.279016436363563880e-01 1.089054684642388471e-01 3.394678357059924267e-01
5.281623242938424667e-01 1.093354346692345797e-01 3.394619457550891450e-01
5.284231565668960906e-01 1.097666854751530308e-01 3.394560120440340834e-01
5.286814124543716131e-01 1.101980639673604129e-01 3.394500949979385451e-01
5.289402106650430424e-01 1.106297796580612280e-01 3.394441231256237756e-01
5.291982250822084843e-01 1.110614058490180800e-01 3.394381306598742154e-01
5.294561363105318996e-01 1.114930178906875236e-01 3.394320996736829854e-01
5.297144696727978941e-01 1.119246078292436136e-01 3.394260268009277048e-01
5.299732120307892869e-01 1.123561079719689881e-01 3.394199165210020630e-01
5.302317882290344953e-01 1.127874416790279749e-01 3.394137700340444930e-01
5.304890933619761384e-01 1.132185532705079767e-01 3.394076048830114711e-01
5.307320154595210893e-01 1.136483644019189165e-01 3.394016681645001809e-01
5.309682585448332048e-01 1.140788354794759346e-01 3.393958032012768800e-01
5.311737504877709348e-01 1.145074954136055950e-01 3.393904959657935150e-01
5.313620671737647738e-01 1.149377360847564089e-01 3.393854580314986658e-01
5.315516143030741825e-01 1.153707208286771230e-01 3.393803532358390940e-01
