4.314094557798375251e-01 -4.489080949752533890e-12 3.396152352421258347e-01
4.314094557798375251e-01 -4.489080949752533890e-12 3.396152352421258347e-01
4.314008948116202502e-01 -2.276544671575009248e-06 3.395946543594534628e-01
4.314103146740388972e-01 -4.538790536944620499e-06 3.395901912975214376e-01
4.314146602412237685e-01 -6.749215088787186890e-06 3.395808548006858940e-01
4.314157600793503411e-01 -8.864079935298260765e-06 3.395687026109843187e-01
4.314145157140669706e-01 -1.088465430913957018e-05 3.395547428689540959e-01
4.314116327325447919e-01 -1.280910766136265593e-05 3.395397540326857699e-01
4.314076467753790722e-01 -1.463515219913709567e-05 3.395243108637566176e-01
4.314029639069459909e-01 -1.635970100144829215e-05 3.395088398951114916e-01
4.313978814229803560e-01 -1.798137553916118254e-05 3.394936349770980022e-01
4.313926183194138897e-01 -1.949926042352605735e-05 3.394789021739747503e-01
4.313873346075813853e-01 -2.091265817251578208e-05 3.394647837376283395e-01
4.313821405260056530e-01 -2.222249548209321912e-05 3.394513623752062892e-01
4.313771121390017615e-01 -2.343035410863007406e-05 3.394386845942220510e-01
4.313723010564844418e-01 -2.453800343024192140e-05 3.394267732089217282e-01
4.313677349712448650e-01 -2.554901681833698137e-05 3.394156201858957722e-01
4.313634335138554210e-01 -2.646582958123414657e-05 3.394052180886631964e-01
4.313593986674061354e-01 -2.729322043727744497e-05 3.393955322631859728e-01
4.313556294281338244e-01 -2.803523704048942178e-05 3.393865319677845105e-01
4.313521231139115231e-01 -2.869490741288300612e-05 3.393781908433018968e-01
4.313488646897528089e-01 -2.927805579885842645e-05 3.393704590651458464e-01
4.313458441859700510e-01 -2.978855028322231299e-05 3.393633032723348819e-01
4.313430489542623980e-01 -3.023048950270718093e-05 3.393566870494951204e-01
4.313404645384233960e-01 -3.060834518416661909e-05 3.393505719261136755e-01
4.313380751343046104e-01 -3.092703754807076954e-05 3.393449177958261509e-01
4.313358718883305576e-01 -3.118897870106952151e-05 3.393397023395728906e-01
4.313338370003735878e-01 -3.139955755125112822e-05 3.393348826499333337e-01
4.313319603349639042e-01 -3.156177572379263317e-05 3.393304345239748221e-01
4.313302310991903310e-01 -3.167862945972092293e-05 3.393263326214119857e-01
4.313286342782443605e-01 -3.175493039307027268e-05 3.393225416125836280e-01
4.313271626948829707e-01 -3.179270205496675657e-05 3.393190449559250199e-01
4.313258048384306931e-01 -3.179550949165417767e-05 3.393158158677471170e-01
4.313245531821129908e-01 -3.176556188015713244e-05 3.393128370011729289e-01
4.313233961041842979e-01 -3.170688381097411072e-05 3.393100811974674169e-01
4.313223299113411735e-01 -3.162023169799093811e-05 3.393075401685253234e-01
4.313213467323380179e-01 -3.150796724541926543e-05 3.393051956782155432e-01
4.313204388420805446e-01 -3.137278810412468216e-05 3.393030296787767353e-01
4.313196023980999105e-01 -3.121555484667829856e-05 3.393010333611017337e-01
4.313188295929665239e-01 -3.103911846697896226e-05 3.392991884106492662e-01
4.313181166220833584e-01 -3.084454974005133068e-05 3.392974859693147494e-01
4.313174557735653392e-01 -3.063513044523722702e-05 3.392959078261523209e-01
4.313168470830363588e-01 -3.040983371521778001e-05 3.392944542256710605e-01
4.313162865455515416e-01 -3.016953048263441156e-05 3.392931158307315731e-01
4.313157666106968713e-01 -2.991804104899430607e-05 3.392918746762539906e-01
4.313152873243364938e-01 -2.965441476033932517e-05 3.392907309090314460e-01
4.313148447932252938e-01 -2.937990802628148579e-05 3.392896753543078181e-01
4.313144353085462956e-01 -2.909618323037217329e-05 3.392886991724163304e-01
4.313140552241301329e-01 -2.880515541866035938e-05 3.392877936559659524e-01
4.313137044628527761e-01 -2.850570262165149938e-05 3.392869586381002667e-01
4.313133793299515073e-01 -2.819967223568914405e-05 3.392861853371758607e-01
4.313130797213600709e-01 -2.788590581859987110e-05 3.392854734920795479e-01
4.313128020404919383e-01 -2.756654208829967056e-05 3.392848145315318087e-01
4.313125461602542732e-01 -2.724047933414846720e-05 3.392842081196498771e-01
4.313123086164866171e-01 -2.691023167735076386e-05 3.392836459852818787e-01
4.313120892757614788e-01 -2.657482652897140085e-05 3.392831277648294952e-01
4.313118878115350108e-01 -2.623283081897325567e-05 3.392826526970221801e-01
4.313117009537479896e-01 -2.588724575536408880e-05 3.392822129584475710e-01
4.313115257498789101e-01 -2.554195538653359618e-05 3.392818014174635022e-01
4.313113647874882162e-01 -2.519161483009231149e-05 3.392814242213784137e-01
4.313112149825221731e-01 -2.483944954231480156e-05 3.392810740488338417e-01
4.313110761450790753e-01 -2.448485753396873209e-05 3.392807503863581320e-01
4.313109479277908442e-01 -2.412682532375081131e-05 3.392804524028257274e-01
4.313108299323271666e-01 -2.376430300676000767e-05 3.392801791426360292e-01
4.313107196244787556e-01 -2.340178696941055495e-05 3.392799245331715730e-01
4.313106168247672345e-01 -2.303909404636604952e-05 3.392796880879554444e-01
4.313105212341247774e-01 -2.267556629815842707e-05 3.392794690887848130e-01
4.313104325309498055e-01 -2.231052534101022751e-05 3.392792667607112955e-01
4.313103503727447885e-01 -2.194332715870860159e-05 3.392790802794399263e-01
4.313102744022250246e-01 -2.157337085872637982e-05 3.392789087853100294e-01
4.313102042652678936e-01 -2.120010214166790299e-05 3.392787514047810316e-01
4.313101382557825159e-01 -2.082911925749563969e-05 3.392786040403467096e-01
4.313100774931644676e-01 -2.045457280966771411e-05 3.392784693240947225e-01
4.313100203903328933e-01 -2.008167514502882484e-05 3.392783434963873024e-01
4.313099668075814908e-01 -1.971074730345409286e-05 3.392782261829516144e-01
4.313099175517518535e-01 -1.933533272971054101e-05 3.392781193040503296e-01
4.313098713127874184e-01 -1.896079226255594234e-05 3.392780197604550740e-01
4.313098279552111114e-01 -1.858753222481378470e-05 3.392779271906893324e-01
4.313097880925938488e-01 -1.820908660098606447e-05 3.392778430498974984e-01
4.313097506637831313e-01 -1.783096751338573312e-05 3.392777648307484517e-01
4.313097155460436927e-01 -1.745365271950570025e-05 3.392776922075630974e-01
4.313096825847531623e-01 -1.707709763100583852e-05 3.392776248058386179e-01
4.313096516336480390e-01 -1.670121312050859799e-05 3.392775622717288941e-01
4.313096225548399554e-01 -1.632591618065436649e-05 3.392775042716703049e-01
4.313095956983760693e-01 -1.594467561655335948e-05 3.392774516286439779e-01
4.313095703951050353e-01 -1.556317338398397873e-05 3.392774027709027918e-01
4.313095465595382372e-01 -1.518196918940699892e-05 3.392773574691291261e-01
4.313095240855248647e-01 -1.480108315446597837e-05 3.392773154655498447e-01
4.313095028737640169e-01 -1.442048223109888841e-05 3.392772765196577778e-01
4.313094828317700635e-01 -1.404013239740903998e-05 3.392772404075304338e-01
4.313094638735501807e-01 -1.366000366342397803e-05 3.392772069209630814e-01
4.313094459192079455e-01 -1.328007004209068132e-05 3.392771758664980264e-01
4.313094288945508725e-01 -1.290030904704344121e-05 3.392771470644813103e-01
4.313094127307164904e-01 -1.252070121160430346e-05 3.392771203481556030e-01
4.313093973638137957e-01 -1.214122966629270382e-05 3.392770955627995577e-01
4.313093827345879649e-01 -1.176187977447172673e-05 3.392770725649108532e-01
4.313093687880988902e-01 -1.138263881925549687e-05 3.392770512214344225e-01
4.313093554734220292e-01 -1.100349573503832069e-05 3.392770314090386430e-01
4.313093427433679072e-01 -1.062444087390896102e-05 3.392770130134280526e-01
4.313093305542141098e-01 -1.024546580889412972e-05 3.392769959287105785e-01
4.313093188654619214e-01 -9.866563161755713683e-06 3.392769800567946858e-01
4.313093076396017911e-01 -9.487726457387254532e-06 3.392769653068315461e-01
4.313092968419010020e-01 -9.108949997909797385e-06 3.392769515946938430e-01
4.313092864402002791e-01 -8.730228754472113914e-06 3.392769388424891064e-01
4.313092764047290473e-01 -8.351558275501762152e-06 3.392769269781062413e-01
4.313092667079295173e-01 -7.972934607535225933e-06 3.392769159347945873e-01
4.313092573242942041e-01 -7.594354226814625734e-06 3.392769056507734526e-01
4.313092482302188779e-01 -7.215813981318938624e-06 3.392768960688654079e-01
4.313092394038594013e-01 -6.837311041364725064e-06 3.392768871361585004e-01
4.313092308250030538e-01 -6.458842856677416639e-06 3.392768788036941707e-01
4.313092224749489612e-01 -6.080407119346037882e-06 3.392768710261735987e-01
4.313092143363951303e-01 -5.702001732839962480e-06 3.392768637616877525e-01
4.313092063933364750e-01 -5.323624785291650981e-06 3.392768569714664229e-01
4.313091986309667281e-01 -4.945274526295174072e-06 3.392768506196457978e-01
4.313091910355911218e-01 -4.566949346475763496e-06 3.392768446730528020e-01
4.313091835945432329e-01 -4.188647761810504592e-06 3.392768391010043127e-01
4.313091762961075437e-01 -3.810368397241370087e-06 3.392768338751233625e-01
4.313091691294502206e-01 -3.432109976084715906e-06 3.392768289691661665e-01
4.313091620845524998e-01 -3.053871307491089683e-06 3.392768243588630828e-01
4.313091551521489042e-01 -2.675651278106651756e-06 3.392768200217732844e-01
4.313091483236743962e-01 -2.297448843953293291e-06 3.392768159371444825e-01
4.313091415575520116e-01 -1.912717719517190193e-06 3.392768119903728508e-01
4.313091349034677835e-01 -1.533833453493373130e-06 3.392768083419180347e-01
4.313091283398862719e-01 -1.155587103420392947e-06 3.392768049023345278e-01
4.313091218527417281e-01 -7.774228670023478760e-07 3.392768016475191661e-01
4.313091153937444466e-01 -3.927330154095423640e-07 3.392767984477996213e-01
4.313091090309171260e-01 -1.388942626057665942e-08 3.392767955075676189e-01
4.313091027359581275e-01 3.643186105403046976e-07 3.392767927215397661e-01
4.313090964967972729e-01 7.424469205095388421e-07 3.392767900702789996e-01
4.313090903084414451e-01 1.120556401047469676e-06 3.392767875426760393e-01
4.313090841180995949e-01 1.505202537324414039e-06 3.392767849974951400e-01
4.313090780100303778e-01 1.884004513564450099e-06 3.392767826778024798e-01
4.313090719500120018e-01 2.262173601737260839e-06 3.392767804644465923e-01
4.313090659277185046e-01 2.640265514179246144e-06 3.392767783420745920e-01
4.313090598867412861e-01 3.024890285293133385e-06 3.392767761617026534e-01
4.313090539202902307e-01 3.403671006820398612e-06 3.392767741878319754e-01
4.313090479908242014e-01 3.781820340949637471e-06 3.392767722935701724e-01
4.313090420889920118e-01 4.159894046738932460e-06 3.392767704658452566e-01
4.313090361562657016e-01 4.544502924329009072e-06 3.392767685506493658e-01
4.313090302924292851e-01 4.923268436420671505e-06 3.392767668281402305e-01
4.313090244575306098e-01 5.301403896451104676e-06 3.392767651658008532e-01
4.313090186429278106e-01 5.679465044464772314e-06 3.392767635522200842e-01
4.313090128463167860e-01 6.057512563928090575e-06 3.392767619828120362e-01
4.313090070080181082e-01 6.442104449137652231e-06 3.392767603000063081e-01
4.313090012336716628e-01 6.820854466005440482e-06 3.392767587977793542e-01
4.313089954812118210e-01 7.198976042536194026e-06 3.392767573386908930e-01
4.313089897426176655e-01 7.577024826675737155e-06 3.392767559127819466e-01
4.313089839564461236e-01 7.961613000332200257e-06 3.392767543591790891e-01
4.313089782314916687e-01 8.340359056587425327e-06 3.392767529794170622e-01
4.313089725244962924e-01 8.718477503296840012e-06 3.392767516332995115e-01
4.313089668277820254e-01 9.096524044285259986e-06 3.392767503116784766e-01
4.313089611398034373e-01 9.474559275454462468e-06 3.392767490118075435e-01
4.313089553989120084e-01 9.859142315827752412e-06 3.392767475715086634e-01
4.313089497168282049e-01 1.023788451336315595e-05 3.392767462991226890e-01
4.313089440492556270e-01 1.061600027256575767e-05 3.392767450520493000e-01
4.313089383888190631e-01 1.099404520989131000e-05 3.392767438218525222e-01
4.313089327342114476e-01 1.137207987406403186e-05 3.392767426063639791e-01
4.313089270231528216e-01 1.175666388015998999e-05 3.392767412419556705e-01
4.313089213692976598e-01 1.213540750794667464e-05 3.392767400414836709e-01
4.313089157276377983e-01 1.251352559290471441e-05 3.392767388607260126e-01
4.313089100910000862e-01 1.289157373516193456e-05 3.392767376917240618e-01
4.313089043960289803e-01 1.327616549222921200e-05 3.392767363691902016e-01
4.313088987573849287e-01 1.365491640749369085e-05 3.392767352083976840e-01
4.313088931296534256e-01 1.403304218127124172e-05 3.392767340642161566e-01
4.313088875057725646e-01 1.441109847480775533e-05 3.392767329289498868e-01
4.313088818846845252e-01 1.478914579420909123e-05 3.392767318010357913e-01
4.313088762034307799e-01 1.517374436609579211e-05 3.392767305153301938e-01
4.313088705777214926e-01 1.555250314674461474e-05 3.392767293894082270e-01
4.313088649617909387e-01 1.593063750843592519e-05 3.392767282773554993e-01
4.313088593486762434e-01 1.630870302985475376e-05 3.392767271717103683e-01
4.313088536745141588e-01 1.669331378349111778e-05 3.392767259060817664e-01
4.313088480554852500e-01 1.707208419807648459e-05 3.392767247991767543e-01
4.313088424456127390e-01 1.745023042633568706e-05 3.392767237046331874e-01
4.313088368379868198e-01 1.782830811050858233e-05 3.392767226151170989e-01
4.313088312316707418e-01 1.820637772137656104e-05 3.392767215293601146e-01
4.313088255633512613e-01 1.859099989767300782e-05 3.392767202814757077e-01
4.313088199497873698e-01 1.896978269651826215e-05 3.392767191913504399e-01
4.313088143448244316e-01 1.934794185513639663e-05 3.392767181122402498e-01
4.313088087416003247e-01 1.972603293651537608e-05 3.392767170369271890e-01
4.313088031392165456e-01 2.010411638635014846e-05 3.392767159642355868e-01
4.313087974742361719e-01 2.048875304110613709e-05 3.392767147280422724e-01
4.313087918637718565e-01 2.086755052598001278e-05 3.392767136489691637e-01
4.313087862615375134e-01 2.124572475130329395e-05 3.392767125800069117e-01
4.313087806607001640e-01 2.162383127174171118e-05 3.392767115140156720e-01
4.313087750603887272e-01 2.200193051890138806e-05 3.392767104498826125e-01
4.313087693970730774e-01 2.238658348726268950e-05 3.392767092213234137e-01
4.313087637881212189e-01 2.276539745603904468e-05 3.392767081494554859e-01
4.313087581871501985e-01 2.314358847505714468e-05 3.392767070870934543e-01
4.313087525873479100e-01 2.352171209117192435e-05 3.392767060271464907e-01
4.313087469878588709e-01 2.389982872502170456e-05 3.392767049685449510e-01
4.313087413250841773e-01 2.428449949566199154e-05 3.392767037448953804e-01
4.313087357165782398e-01 2.466333140764659948e-05 3.392767026776505324e-01
4.313087301158864961e-01 2.504154062145615408e-05 3.392767016195044061e-01
4.313087245162105510e-01 2.541968267717998906e-05 3.392767005634012567e-01
4.313087188531842253e-01 2.580437239564581660e-05 3.392766993420334720e-01
4.313087132443947369e-01 2.618322257328046778e-05 3.392766982769388484e-01
4.313087076433379519e-01 2.656145002229947348e-05 3.392766972207383325e-01
4.313087020432189722e-01 2.693961035076212300e-05 3.392766961663928882e-01
4.313086964431995241e-01 2.731776397552200425e-05 3.392766951128746156e-01
4.313086907795881664e-01 2.770247212496737980e-05 3.392766938936758736e-01
4.313086851701687929e-01 2.808134155675953396e-05 3.392766928305967489e-01
4.313086795683985786e-01 2.845958853253768606e-05 3.392766917762051193e-01
4.313086739674878989e-01 2.883776858657224320e-05 3.392766907234807672e-01
4.313086683666051413e-01 2.921594212082586939e-05 3.392766896714100033e-01
4.313086627020173980e-01 2.960067043635786305e-05 3.392766884534442196e-01
4.313086570916055407e-01 2.997956012709954412e-05 3.392766873915039061e-01
4.313086514887874978e-01 3.035782752057409605e-05 3.392766863381140863e-01
4.313086458867778639e-01 3.073602814660904504e-05 3.392766852862649785e-01
4.313086402847478018e-01 3.111422240077485316e-05 3.392766842349528300e-01
4.313086346189280440e-01 3.149897164127661494e-05 3.392766830176009996e-01
4.313086290072811746e-01 3.187788233459881655e-05 3.392766819562125225e-01
4.313086234031921484e-01 3.225617085887140756e-05 3.392766809032822239e-01
4.313086177998768367e-01 3.263439274084244454e-05 3.392766798518082605e-01
4.313086121965091224e-01 3.301260837079323128e-05 3.392766788007930412e-01
4.313086065292855986e-01 3.339737915023755860e-05 3.392766775836399962e-01
4.313086009162409584e-01 3.377631144743331007e-05 3.392766765224092262e-01
4.313085953107310688e-01 3.415462168001610611e-05 3.392766754695756282e-01
4.313085897059716345e-01 3.453286537097236388e-05 3.392766744181414107e-01
4.313085841011382038e-01 3.491110290747710725e-05 3.392766733671142010e-01
4.313085784323959504e-01 3.529589572230383055e-05 3.392766721498805538e-01
4.313085728178446820e-01 3.567485011009374714e-05 3.392766710885444237e-01
4.313085672108138424e-01 3.605318251738950285e-05 3.392766700355640541e-01
4.313085616045175263e-01 3.643144846514497458e-05 3.392766689839451510e-01
4.313085559981327255e-01 3.680970833660883614e-05 3.392766679326978396e-01
4.313085503277946930e-01 3.719452358924640542e-05 3.392766667151976279e-01
4.313085447116638549e-01 3.757350046044467270e-05 3.392766656535793901e-01
4.313085391030443416e-01 3.795185542010066947e-05 3.392766646002889908e-01
4.313085334951489713e-01 3.833014398658729548e-05 3.392766635483350224e-01
4.313085278871549577e-01 3.870842654024837586e-05 3.392766624967294420e-01
4.313085222151699649e-01 3.909326455500135273e-05 3.392766612788374880e-01
4.313085165974107626e-01 3.947226422827495885e-05 3.392766602168184042e-01
4.313085109871568901e-01 3.985064204508513363e-05 3.392766591631097839e-01
4.313085053776209432e-01 4.022895352280918106e-05 3.392766581107199420e-01
4.313084997679798027e-01 4.060725903930185559e-05 3.392766570586628894e-01
4.313084941581366571e-01 4.098556527947451651e-05 3.392766560068110615e-01
4.313084884842389721e-01 4.137042796169770827e-05 3.392766547886053585e-01
4.313084828645853963e-01 4.174945248368284274e-05 3.392766537262507098e-01
4.313084772524253263e-01 4.212785532590826996e-05 3.392766526721731624e-01
4.313084716409709141e-01 4.250619199306982155e-05 3.392766516193830295e-01
4.313084660293994843e-01 4.288452285562731553e-05 3.392766505668970423e-01
4.313084603537556405e-01 4.326940945662602328e-05 3.392766493480615653e-01
4.313084547323800533e-01 4.364845783722436974e-05 3.392766482850813059e-01
4.313084491185008584e-01 4.402688454323228160e-05 3.392766472303776482e-01
4.313084435053263221e-01 4.440524508507023220e-05 3.392766461769612385e-01
4.313084378920348794e-01 4.478359983382552832e-05 3.392766451238478087e-01
4.313084322146436000e-01 4.516851032422458846e-05 3.392766439043783389e-01
4.313084265915452797e-01 4.554758261029590011e-05 3.392766428407691937e-01
4.313084209759449061e-01 4.592603323241528738e-05 3.392766417854355399e-01
4.313084153610495797e-01 4.630441770048875609e-05 3.392766407313889121e-01
4.313084097460359589e-01 4.668279638514586966e-05 3.392766396776447091e-01
4.313084040668961339e-01 4.706773081159845425e-05 3.392766384575390259e-01
4.313083984420726380e-01 4.744682704814099050e-05 3.392766373932973312e-01
4.313083928247493093e-01 4.782530163035400507e-05 3.392766363373316274e-01
4.313083872081314718e-01 4.820371006654784279e-05 3.392766352826518395e-01
4.313083815913951735e-01 4.858211272703606281e-05 3.392766342282747538e-01
4.313083759744452683e-01 4.896051628922106375e-05 3.392766331740747487e-01
4.313083702933140362e-01 4.934547649813703860e-05 3.392766319534665787e-01
4.313083646665218929e-01 4.972459867552254763e-05 3.392766308887109616e-01
4.313083590472236439e-01 5.010309933069838172e-05 3.392766298322114626e-01
4.313083534286237253e-01 5.048153396077305116e-05 3.392766287769802269e-01
4.313083478098983514e-01 5.085996293074862220e-05 3.392766277220344295e-01
4.313083421269788831e-01 5.124494779373531316e-05 3.392766265006957882e-01
4.313083364984249268e-01 5.162409454950843971e-05 3.392766254352201916e-01
4.313083308773707492e-01 5.200261975867942276e-05 3.392766243780077629e-01
4.313083252570171222e-01 5.238107892581543302e-05 3.392766233220693151e-01
4.313083196365409266e-01 5.275953241647647396e-05 3.392766222664214681e-01
4.313083139518453235e-01 5.314454176378103126e-05 3.392766210443828867e-01
4.313083083215420444e-01 5.352371300641266223e-05 3.392766199782142889e-01
4.313083026987420410e-01 5.390226268980398443e-05 3.392766189203147986e-01
4.313082970766438651e-01 5.428074631836505415e-05 3.392766178636928975e-01
4.313082914544250634e-01 5.465922425814894966e-05 3.392766168073648170e-01
4.313082858319886026e-01 5.503770318312904307e-05 3.392766157512077108e-01
4.313082801452813309e-01 5.542273883400650658e-05 3.392766145286179036e-01
4.313082745129885320e-01 5.580193652717918156e-05 3.392766134618895868e-01
4.313082688881958449e-01 5.618051277318412366e-05 3.392766124034140018e-01
4.313082632640986569e-01 5.655902306511231169e-05 3.392766113462017952e-01
4.313082576398752366e-01 5.693752776413373322e-05 3.392766102892690316e-01
4.313082519513680158e-01 5.732258841278763535e-05 3.392766090659231071e-01
4.313082463173037451e-01 5.770181102013090398e-05 3.392766079984505523e-01
4.313082406907444710e-01 5.808041214241397362e-05 3.392766069392395556e-01
4.313082350648854146e-01 5.845894728022125927e-05 3.392766058812988761e-01
4.313082294389017357e-01 5.883747679699621202e-05 3.392766048236460774e-01
4.313082238126981771e-01 5.921600736358564952e-05 3.392766037661572587e-01
4.313082181221609690e-01 5.960109472164843331e-05 3.392766025422178644e-01
4.313082124860911915e-01 5.998034417650060493e-05 3.392766014741458447e-01
4.313082068575236905e-01 6.035897224242082207e-05 3.392766004143223935e-01
4.313082012296506340e-01 6.073753440900914261e-05 3.392765993557578796e-01
4.313081956016491803e-01 6.111609103540687632e-05 3.392765982974695893e-01
4.313081899093030303e-01 6.150120365868417508e-05 3.392765970727515956e-01
4.313081842714523995e-01 6.188047828975405857e-05 3.392765960039140216e-01
4.313081786411104845e-01 6.225913148260978113e-05 3.392765949433362294e-01
4.313081730114671775e-01 6.263771873610820358e-05 3.392765938840258122e-01
4.313081673816988593e-01 6.301630041087267228e-05 3.392765928250005558e-01
4.313081617517093291e-01 6.339488317673902702e-05 3.392765917661366148e-01
4.313081560573255313e-01 6.378002276407642021e-05 3.392765905408084981e-01
4.313081504174617886e-01 6.415932449154677160e-05 3.392765894713559716e-01
4.313081447851046524e-01 6.453800486716912475e-05 3.392765884101508478e-01
4.313081391534419051e-01 6.491661937842842852e-05 3.392765873502023855e-01
4.313081335216500944e-01 6.529522838303050897e-05 3.392765862905289254e-01
4.313081278896327975e-01 6.567383854697800912e-05 3.392765852310077324e-01
4.313081221931846509e-01 6.605900561761420149e-05 3.392765840050054327e-01
4.313081165512832049e-01 6.643833487435889099e-05 3.392765829348785012e-01
4.313081109168883653e-01 6.681704283956209193e-05 3.392765818729914784e-01
4.313081052831849727e-01 6.719568499833745393e-05 3.392765808123549554e-01
4.313080996493499075e-01 6.757432170584151850e-05 3.392765797519873838e-01
4.313080940152872467e-01 6.795295962586075163e-05 3.392765786917664728e-01
4.313080883167588753e-01 6.833815451462834159e-05 3.392765774650511323e-01
4.313080826728044048e-01 6.871751162870997883e-05 3.392765763942122148e-01
4.313080770363578731e-01 6.909624749799657482e-05 3.392765753316107080e-01
4.313080714006014005e-01 6.947491760606820232e-05 3.392765742702553156e-01
4.313080657647114791e-01 6.985358230570743376e-05 3.392765732091647668e-01
4.313080600643469098e-01 7.023880313338442356e-05 3.392765719816084324e-01
4.313080544185867171e-01 7.061818608265244088e-05 3.392765709099455074e-01
4.313080487803429564e-01 7.099694771185989886e-05 3.392765698465349256e-01
4.313080431427949168e-01 7.137564351309455047e-05 3.392765687843836697e-01
4.313080375051183135e-01 7.175433384242027894e-05 3.392765677225101917e-01
4.313080318672173341e-01 7.213302536503791908e-05 3.392765666607915898e-01
4.313080261647948555e-01 7.251827379749816848e-05 3.392765654325770597e-01
4.313080205170022885e-01 7.289768446961515885e-05 3.392765643602537184e-01
4.313080148767246547e-01 7.327647388273419505e-05 3.392765632961748934e-01
4.313080092371406327e-01 7.365519751849343530e-05 3.392765622333481779e-01
4.313080035974247162e-01 7.403391573039147272e-05 3.392765611707915241e-01
4.313079979574819256e-01 7.441263518144074782e-05 3.392765601083830851e-01
4.313079922529817201e-01 7.479791159428362938e-05 3.392765588794654508e-01
4.313079866031387377e-01 7.517735028172952739e-05 3.392765578064400600e-01
4.313079809608120208e-01 7.555616775047966477e-05 3.392765567416543560e-01
4.313079753191770283e-01 7.593491948077890511e-05 3.392765556781164316e-01
4.313079696774079208e-01 7.631366582487467218e-05 3.392765546148441280e-01
4.313079640354103850e-01 7.669241344376733058e-05 3.392765535517161535e-01
4.313079583288215724e-01 7.707771806032872046e-05 3.392765523220683810e-01
4.313079526769183492e-01 7.745718498165626820e-05 3.392765512483159607e-01
4.313079470325324460e-01 7.783603071646457371e-05 3.392765501827999519e-01
4.313079413888367686e-01 7.821481074318796425e-05 3.392765491185288362e-01
4.313079357450068096e-01 7.859358541233771713e-05 3.392765480545213985e-01
4.313079301009463129e-01 7.897236138392839963e-05 3.392765469906551257e-01
4.313079243922618433e-01 7.935769437789863784e-05 3.392765457602607282e-01
4.313079187382908852e-01 7.973718970298457548e-05 3.392765446857650691e-01
4.313079130918394677e-01 8.011606386654557331e-05 3.392765436195048223e-01
4.313079074460781093e-01 8.049487234573711502e-05 3.392765425544874702e-01
4.313079018001811371e-01 8.087367548958817026e-05 3.392765414897321308e-01
4.313078961540539602e-01 8.125247995772414550e-05 3.392765404251167904e-01
4.313078904432684491e-01 8.163784146363484585e-05 3.392765391939653874e-01
4.313078847872265920e-01 8.201736532400087936e-05 3.392765381187171081e-01
4.313078791387056632e-01 8.239626804263733631e-05 3.392765370517037415e-01
4.313078734908746825e-01 8.277510509509447133e-05 3.392765359859323815e-01
4.313078678429079771e-01 8.315393683014143857e-05 3.392765349204220349e-01
4.313078621947105118e-01 8.353276990606266260e-05 3.392765338550507437e-01
4.313078564818214056e-01 8.391816002839403810e-05 3.392765326231366174e-01
4.313078508237050968e-01 8.429771252587858635e-05 3.392765315471298893e-01
4.313078451731124363e-01 8.467664389753835669e-05 3.392765304793580738e-01
4.313078395232097795e-01 8.505550961730669237e-05 3.392765294128276543e-01
4.313078338731708428e-01 8.543437003347651175e-05 3.392765283465574155e-01
4.313078282229008686e-01 8.581323180359770597e-05 3.392765272804260657e-01
4.313078225723812054e-01 8.619209574963837897e-05 3.392765262144026295e-01
4.313078168571226056e-01 8.657751698292133794e-05 3.392765249818037177e-01
4.313078111966644479e-01 8.695710067502944419e-05 3.392765239051053205e-01
4.313078055437268299e-01 8.733606335059967388e-05 3.392765228366266261e-01
4.313077998914733868e-01 8.771496047906163511e-05 3.392765217693747282e-01
4.313077942390785569e-01 8.809385240369782273e-05 3.392765207023685781e-01
4.313077885864463612e-01 8.847274577865632159e-05 3.392765196354891599e-01
4.313077828690471405e-01 8.885819632543596536e-05 3.392765184020385405e-01
4.313077772064802251e-01 8.923780932917401776e-05 3.392765173244984278e-01
4.313077715514393451e-01 8.961680130333778734e-05 3.392765162551839020e-01
4.313077658970841943e-01 8.999572771808003150e-05 3.392765151871019458e-01
4.313077602425898216e-01 9.037464891742489357e-05 3.392765141192710665e-01
4.313077545878601371e-01 9.075357155503613175e-05 3.392765130515711380e-01
4.313077488683329519e-01 9.113905133200785416e-05 3.392765118172993977e-01
4.313077432036686032e-01 9.151869357326656847e-05 3.392765107389464352e-01
4.313077375465341756e-01 9.189771477629985266e-05 3.392765096688233895e-01
4.313077318900876422e-01 9.227667041077962048e-05 3.392765085999355223e-01
4.313077262335023865e-01 9.265562082064991982e-05 3.392765075313027845e-01
4.313077205766838729e-01 9.303457266061881243e-05 3.392765064628030514e-01
4.313077149196132831e-01 9.341352674931633346e-05 3.392765053944069575e-01
4.313077091976991184e-01 9.379903818134994195e-05 3.392765041594107411e-01
4.313077035306764340e-01 9.417871214928174347e-05 3.392765030803287507e-01
4.313076978711820053e-01 9.455776516653050141e-05 3.392765020094642425e-01
4.313076922123704193e-01 9.493675269914461743e-05 3.392765009398232556e-01
4.313076865534160587e-01 9.531573508752201227e-05 3.392764998704256296e-01
4.313076808942234996e-01 9.569471898249063205e-05 3.392764988011513494e-01
4.313076751701599432e-01 9.608026008157928089e-05 3.392764975652833859e-01
4.313076695010199524e-01 9.645996370635911824e-05 3.392764964853410836e-01
4.313076638394133244e-01 9.683904635425632916e-05 3.392764954136241462e-01
4.313076581784931474e-01 9.721806349147843549e-05 3.392764943431371139e-01
4.313076525174324716e-01 9.759707545934337132e-05 3.392764932729000482e-01
4.313076468561363175e-01 9.797608891062071265e-05 3.392764922027919350e-01
4.313076411945863109e-01 9.835510466088996987e-05 3.392764911327826871e-01
4.313076354681193436e-01 9.874067779445935898e-05 3.392764898961560527e-01
4.313076297966074724e-01 9.912041351650478338e-05 3.392764888154521929e-01
4.313076241326280202e-01 9.949952833458286083e-05 3.392764877429634285e-01
4.313076184693309112e-01 9.987857771124680978e-05 3.392764866716955763e-01
4.313076128058896952e-01 1.002576219845120574e-04 3.392764856006683649e-01
4.313076071422089486e-01 1.006366678045444817e-04 3.392764845297618348e-01
4.313076014782717960e-01 1.010157159847766830e-04 3.392764834589467871e-01
4.313075957493762713e-01 1.014013216185721746e-04 3.392764822214976439e-01
4.313075900754678726e-01 1.017810898861240770e-04 3.392764811399734959e-01
4.313075844090924482e-01 1.021602373033092163e-04 3.392764800666586145e-01
4.313075787433974240e-01 1.025393193301658140e-04 3.392764789945592052e-01
4.313075730775564054e-01 1.029183963031030520e-04 3.392764779226950522e-01
4.313075674114734137e-01 1.032974748697976290e-04 3.392764768509478057e-01
4.313075616804079027e-01 1.036831107139949006e-04 3.392764756125783432e-01
4.313075560043623247e-01 1.040629091693549482e-04 3.392764745301473650e-01
4.313075503358571594e-01 1.044420867265539039e-04 3.392764734559375883e-01
4.313075446680364466e-01 1.048211988465343360e-04 3.392764723829533313e-01
4.313075390000732923e-01 1.052003058678679622e-04 3.392764713102140450e-01
4.313075333318724391e-01 1.055794144398781271e-04 3.392764702375993258e-01
4.313075276634159017e-01 1.059585253759514880e-04 3.392764691650800857e-01
4.313075219299332130e-01 1.063441937360857105e-04 3.392764679259178684e-01
4.313075162515013772e-01 1.067240247594541610e-04 3.392764668426940800e-01
4.313075105806098986e-01 1.071032349384923473e-04 3.392764657676838880e-01
4.313075049104003744e-01 1.074823797312911961e-04 3.392764646938919992e-01
4.313074992400455776e-01 1.078615194737624435e-04 3.392764636203376982e-01
4.313074935694498624e-01 1.082406608133704070e-04 3.392764625469024131e-01
4.313074878985962424e-01 1.086198045618720116e-04 3.392764614735553907e-01
4.313074821626756705e-01 1.090055057805792879e-04 3.392764602335535118e-01
4.313074764818387030e-01 1.093853696994781001e-04 3.392764591494908388e-01
4.313074708085437026e-01 1.097646128136272643e-04 3.392764580736387647e-01
4.313074651359288803e-01 1.101437905792585582e-04 3.392764569990003864e-01
4.313074594631671199e-01 1.105229633308325811e-04 3.392764559245960432e-01
4.313074537901633310e-01 1.109021377137478249e-04 3.392764548503069411e-01
4.313074481169000274e-01 1.112813145389207549e-04 3.392764537761031596e-01
4.313074423785304701e-01 1.116670488641902006e-04 3.392764525352329197e-01
4.313074366952779348e-01 1.120469459207911085e-04 3.392764514503073259e-01
4.313074310195690320e-01 1.124262222025639767e-04 3.392764503735893333e-01
4.313074253445398076e-01 1.128054331641176677e-04 3.392764492980827051e-01
4.313074196693630347e-01 1.131846391380897897e-04 3.392764482228083911e-01
4.313074139939426788e-01 1.135638467696460972e-04 3.392764471476467092e-01
4.313074083182624752e-01 1.139430568681228578e-04 3.392764460725687936e-01
4.313074025774368825e-01 1.143288244841599613e-04 3.392764448308156489e-01
4.313073968917622292e-01 1.147087548580430841e-04 3.392764437450113135e-01
4.313073912136334287e-01 1.150880644804014937e-04 3.392764426674141354e-01
4.313073855361849729e-01 1.154673088032359229e-04 3.392764415910278220e-01
4.313073798585876362e-01 1.158465481587254981e-04 3.392764405148719908e-01
4.313073741807466610e-01 1.162257891911242273e-04 3.392764394388275151e-01
4.313073685026448389e-01 1.166050327089438425e-04 3.392764383628667502e-01
4.313073628242749535e-01 1.169842788828289566e-04 3.392764372869702116e-01
4.313073570807083312e-01 1.173700827268179864e-04 3.392764360443695226e-01
4.313073513923262881e-01 1.177500494014048038e-04 3.392764349577142013e-01
4.313073457114890985e-01 1.181293954223423917e-04 3.392764338792526591e-01
4.313073400313267025e-01 1.185086762387477764e-04 3.392764328019893250e-01
4.313073343510110957e-01 1.188879521785096656e-04 3.392764317249449824e-01
4.313073286704474096e-01 1.192672298820346812e-04 3.392764306480015035e-01
4.313073229896185468e-01 1.196465101539396266e-04 3.392764295711311329e-01
4.313073172435585856e-01 1.200323480530755425e-04 3.392764283275572779e-01
4.313073115527193968e-01 1.204123487923503878e-04 3.392764272399391712e-01
4.313073058694298911e-01 1.207917288702366161e-04 3.392764261605206166e-01
4.313073001868177880e-01 1.211710437351199728e-04 3.392764250823047112e-01
4.313072945040538619e-01 1.215503537149656427e-04 3.392764240043124602e-01
4.313072888210436329e-01 1.219296654505608296e-04 3.392764229264254028e-01
4.313072831377699479e-01 1.223089797472422203e-04 3.392764218486151173e-01
4.313072773892286937e-01 1.226948516405719351e-04 3.392764206040991271e-01
4.313072716959438502e-01 1.230748863854331588e-04 3.392764195155467122e-01
4.313072660102131306e-01 1.234543004640934393e-04 3.392764184351978463e-01
4.313072603251610349e-01 1.238336493230607382e-04 3.392764173560546270e-01
4.313072546399578377e-01 1.242129932915234504e-04 3.392764162771376713e-01
4.313072489545088928e-01 1.245923390100606132e-04 3.392764151983279630e-01
4.313072432687978797e-01 1.249716872842419760e-04 3.392764141195971916e-01
4.313072375828166383e-01 1.253510382821560365e-04 3.392764130409275936e-01
4.313072318315176457e-01 1.257369469894224431e-04 3.392764117955281433e-01
4.313072261355099246e-01 1.261170186075104695e-04 3.392764107060904921e-01
4.313072204470563276e-01 1.264964696346534349e-04 3.392764096248452876e-01
4.313072147592771355e-01 1.268758555146275451e-04 3.392764085447960154e-01
4.313072090713433449e-01 1.272552365729719874e-04 3.392764074649636807e-01
4.313072033831599761e-01 1.276346194476818744e-04 3.392764063852302669e-01
4.313071976947111530e-01 1.280140049413846202e-04 3.392764053055676854e-01
4.313071920059887709e-01 1.283933932197647485e-04 3.392764042259590052e-01
4.313071862519021193e-01 1.287793392757929879e-04 3.392764029796029868e-01
4.313071805531443204e-01 1.291594482895611269e-04 3.392764018892120981e-01
4.313071748619417001e-01 1.295389367659240598e-04 3.392764008070091597e-01
4.313071691714114309e-01 1.299183601471237107e-04 3.392763997259967135e-01
4.313071634807248977e-01 1.302977787558112506e-04 3.392763986451958758e-01
4.313071577897867881e-01 1.306771992279777525e-04 3.392763975644891294e-01
4.313071520985812812e-01 1.310566223643168480e-04 3.392763964838501067e-01
4.313071464071008276e-01 1.314360483289945809e-04 3.392763954032608775e-01
4.313071406502111960e-01 1.318220321132656863e-04 3.392763941559120977e-01
4.313071349486884420e-01 1.322021788939061100e-04 3.392763930645327219e-01
4.313071292547231428e-01 1.325817051765583920e-04 3.392763919813388540e-01
4.313071235614294174e-01 1.329611664002822418e-04 3.392763908993327582e-01
4.313071178679781514e-01 1.333406228866744437e-04 3.392763898175363280e-01
4.313071121742745873e-01 1.337200812702362416e-04 3.392763887358317687e-01
4.313071064803024601e-01 1.340995423504504568e-04 3.392763876541922685e-01
4.313071007860545536e-01 1.344790062899211506e-04 3.392763865726010630e-01
4.313070950263535597e-01 1.348650280728115895e-04 3.392763853242402594e-01
4.313070893220572466e-01 1.352452128847307959e-04 3.392763842318541334e-01
4.313070836253220519e-01 1.356247772268573783e-04 3.392763831476527381e-01
4.313070779292579315e-01 1.360042765363746718e-04 3.392763820646380601e-01
4.313070722330364926e-01 1.363837711338656774e-04 3.392763809818313825e-01
4.313070665365614786e-01 1.367632676526305327e-04 3.392763798991160762e-01
4.313070608398176797e-01 1.371427668911321502e-04 3.392763788164637750e-01
4.313070551427976573e-01 1.375222690106950156e-04 3.392763777338594910e-01
4.313070493802805272e-01 1.379083289850216605e-04 3.392763764844762830e-01
4.313070436732070467e-01 1.382885520165068338e-04 3.392763753910743585e-01
4.313070379736975712e-01 1.386681545986828083e-04 3.392763743058569426e-01
4.313070322748600027e-01 1.390476921673643575e-04 3.392763732218260220e-01
4.313070265758638944e-01 1.394272250418973267e-04 3.392763721380023245e-01
4.313070208766144331e-01 1.398067598550654207e-04 3.392763710542688882e-01
4.313070151770959093e-01 1.401862974045988211e-04 3.392763699705986236e-01
4.313070094773003293e-01 1.405658378514060595e-04 3.392763688869753769e-01
4.313070037119648426e-01 1.409519361541485038e-04 3.392763676365651015e-01
4.313069980021118632e-01 1.413321975393459187e-04 3.392763665421425490e-01
4.313069922998262751e-01 1.417118384904483375e-04 3.392763654559047826e-01
4.313069865982128714e-01 1.420914144417696453e-04 3.392763643708531229e-01
4.313069808964402063e-01 1.424709857120665319e-04 3.392763632860087974e-01
4.313069751944144103e-01 1.428505589336207437e-04 3.392763622012541780e-01
4.313069694921189412e-01 1.432301349032782955e-04 3.392763611165626192e-01
4.313069637895468600e-01 1.436097137815551563e-04 3.392763600319174122e-01
4.313069580866922270e-01 1.439892956569246627e-04 3.392763589473054564e-01
4.313069523182418430e-01 1.443754354992684826e-04 3.392763576958806038e-01
4.313069466053144896e-01 1.447557384872867495e-04 3.392763566004425302e-01
4.313069408999540277e-01 1.451354211217017857e-04 3.392763555131795838e-01
4.313069351952626418e-01 1.455150388333729917e-04 3.392763544270921972e-01
4.313069294904075535e-01 1.458946519376313035e-04 3.392763533412028742e-01
4.313069237852960591e-01 1.462742670635354598e-04 3.392763522553946531e-01
4.313069180799115054e-01 1.466538850054024924e-04 3.392763511696414436e-01
4.313069123742472866e-01 1.470335059209332935e-04 3.392763500839277580e-01
4.313069066029469600e-01 1.474196847590793062e-04 3.392763488314014531e-01
4.313069008872096877e-01 1.478000267531197267e-04 3.392763477348729739e-01
4.313068951790466898e-01 1.481797483821242756e-04 3.392763466465250621e-01
4.313068894715535451e-01 1.485594050763593761e-04 3.392763455593579280e-01
4.313068837638994180e-01 1.489390571514056562e-04 3.392763444723927435e-01
4.313068780559896620e-01 1.493187112369933278e-04 3.392763433855128796e-01
4.313068723478082900e-01 1.496983681280584480e-04 3.392763422986919686e-01
4.313068666393486406e-01 1.500780279822389171e-04 3.392763412119138011e-01
4.313068609306051626e-01 1.504576908857749133e-04 3.392763401251647215e-01
4.313068551561716202e-01 1.508439117873771327e-04 3.392763388715819284e-01
4.313068494373435979e-01 1.512242958962295436e-04 3.392763377739988484e-01
4.313068437260894061e-01 1.516040597002025255e-04 3.392763366845895079e-01
4.313068380155033466e-01 1.519837586259084421e-04 3.392763355963531180e-01
4.313068323047531405e-01 1.523634529870019445e-04 3.392763345083124604e-01
4.313068265937449186e-01 1.527431494105065341e-04 3.392763334203511283e-01
4.313068208824627492e-01 1.531228486894121792e-04 3.392763323324424762e-01
4.313068151708998599e-01 1.535025509794366852e-04 3.392763312445712942e-01
4.313068094590504220e-01 1.538822563646584666e-04 3.392763301567247591e-01
4.313068036814610151e-01 1.542685197912067342e-04 3.392763289020299666e-01
4.313067979595193724e-01 1.546489464663965358e-04 3.392763278033396057e-01
4.313067922451541136e-01 1.550287528780208929e-04 3.392763267128197646e-01
4.313067865314561544e-01 1.554084944504425039e-04 3.392763256234698765e-01
4.313067808175928275e-01 1.557882314951440379e-04 3.392763245343122791e-01
4.313067751034696529e-01 1.561679706382344173e-04 3.392763234452311205e-01
4.313067693890720866e-01 1.565477126707499054e-04 3.392763223562003660e-01
4.313067636743921351e-01 1.569274577474514989e-04 3.392763212672045836e-01
4.313067579594251910e-01 1.573072059503252652e-04 3.392763201782306726e-01
4.313067522441659807e-01 1.576869573523054843e-04 3.392763190892669201e-01
4.313067464631055725e-01 1.580732669193255662e-04 3.392763178334281537e-01
4.313067407377385032e-01 1.584537398068365283e-04 3.392763167335938745e-01
4.313067350199480399e-01 1.588335925203954212e-04 3.392763156419197901e-01
4.313067293028206017e-01 1.592133804816134280e-04 3.392763145514053891e-01
4.313067235855236881e-01 1.595931639977586527e-04 3.392763134610741749e-01
4.313067178679648728e-01 1.599729496916815297e-04 3.392763123708106843e-01
4.313067121501265588e-01 1.603527383507110824e-04 3.392763112805896597e-01
4.313067064320039723e-01 1.607325301269234166e-04 3.392763101903962797e-01
4.313067007135906739e-01 1.611123250997110524e-04 3.392763091002181097e-01
4.313066949293302699e-01 1.614986782111422668e-04 3.392763078431622059e-01
4.313066892008081132e-01 1.618791946622740114e-04 3.392763067421214473e-01
4.313066834798683913e-01 1.622590909404355132e-04 3.392763056492458240e-01
4.313066777595943591e-01 1.626389224653107589e-04 3.392763045575340475e-01
4.313066720391517950e-01 1.630187495444890202e-04 3.392763034660087884e-01
4.313066663184479954e-01 1.633985788007045320e-04 3.392763023745544171e-01
4.313066605974661405e-01 1.637784110215217254e-04 3.392763012831451208e-01
4.313066548762006791e-01 1.641582463588862493e-04 3.392763001917661891e-01
4.313066491546459491e-01 1.645380848920754817e-04 3.392762991004050765e-01
4.313066434327971765e-01 1.649179266904458624e-04 3.392762980090497926e-01
4.313066376450429007e-01 1.653043267001716237e-04 3.392762967507969019e-01
4.313066319130736126e-01 1.656848901038729404e-04 3.392762956485615988e-01
4.313066261886881470e-01 1.660648333950398017e-04 3.392762945544853803e-01
4.313066204649661506e-01 1.664447119900618727e-04 3.392762934615667914e-01
4.313066147410728468e-01 1.668245861941944634e-04 3.392762923688283916e-01
4.313066090169164202e-01 1.672044626275689375e-04 3.392762912761555505e-01
4.313066032924798843e-01 1.675843420760670169e-04 3.392762901835226219e-01
4.313065975677572994e-01 1.679642246891131742e-04 3.392762890909152285e-01
4.313065918427433920e-01 1.683441105443756955e-04 3.392762879983217683e-01
4.313065861174347759e-01 1.687239997091689804e-04 3.392762869057299735e-01
4.313065803261635911e-01 1.691104471235043848e-04 3.392762856462255838e-01
4.313065745907254667e-01 1.694910579747894866e-04 3.392762845427458318e-01
4.313065688628751060e-01 1.698710487535190039e-04 3.392762834474225553e-01
4.313065631356864937e-01 1.702509748743134279e-04 3.392762823532534666e-01
4.313065574083266296e-01 1.706308966396182230e-04 3.392762812592627353e-01
4.313065516807012001e-01 1.710108206686770623e-04 3.392762801653350091e-01
4.313065459527957168e-01 1.713907477460179874e-04 3.392762790714448085e-01
4.313065402246031854e-01 1.717706780195264185e-04 3.392762779775785331e-01
4.313065344961182768e-01 1.721506115655549083e-04 3.392762768837234710e-01
4.313065287673372161e-01 1.725305484501763636e-04 3.392762757898690751e-01
4.313065229725397964e-01 1.729170436001735726e-04 3.392762745290902049e-01
4.313065172336231212e-01 1.732977022228184591e-04 3.392762734243431888e-01
4.313065115022982621e-01 1.736777408001309662e-04 3.392762723277521486e-01
4.313065057716354289e-01 1.740577147435536532e-04 3.392762712323149077e-01
4.313065000408005112e-01 1.744376843558650243e-04 3.392762701370541922e-01
4.313064943096998616e-01 1.748176562546180748e-04 3.392762690418554272e-01
4.313064885783185476e-01 1.751976312231854390e-04 3.392762679466936881e-01
4.313064828466491862e-01 1.755776094088672308e-04 3.392762668515548197e-01
4.313064771146873921e-01 1.759575908871816551e-04 3.392762657564264983e-01
4.313064713824290020e-01 1.763375757236150380e-04 3.392762646612975663e-01
4.313064656498701299e-01 1.767175639795430888e-04 3.392762635661579207e-01
4.313064598512294512e-01 1.771041105900071806e-04 3.392762623040705416e-01
4.313064541085211423e-01 1.774848207358660122e-04 3.392762611980179033e-01
4.313064483734055932e-01 1.778649109081153654e-04 3.392762601001141909e-01
4.313064426389497386e-01 1.782449365152190897e-04 3.392762590033551739e-01
4.313064369043187463e-01 1.786249578562379328e-04 3.392762579067667428e-01
4.313064311694194686e-01 1.790049815462550775e-04 3.392762568102328791e-01
4.313064254342356962e-01 1.793850083662437104e-04 3.392762557137302126e-01
4.313064196987633769e-01 1.797650384608033059e-04 3.392762546172447546e-01
4.313064139629955718e-01 1.801450719034149346e-04 3.392762535207641816e-01
4.313064082269291721e-01 1.805251087567159916e-04 3.392762524242787237e-01
4.313064024905596816e-01 1.809051490806619627e-04 3.392762513277786107e-01
4.313063966880477107e-01 1.812917478036838673e-04 3.392762500643139445e-01
4.313063909415200126e-01 1.816725101108392212e-04 3.392762489568913464e-01
4.313063852025895151e-01 1.820526524899661758e-04 3.392762478576143437e-01
4.313063794643172688e-01 1.824327303470387916e-04 3.392762467594800935e-01
4.313063737258694963e-01 1.828128039790615997e-04 3.392762456615132649e-01
4.313063679871511624e-01 1.831928799997931860e-04 3.392762445635978397e-01
4.313063622481485559e-01 1.835729591878651045e-04 3.392762434657110027e-01
4.313063565088549600e-01 1.839530416870879641e-04 3.392762423678396533e-01
4.313063507692658782e-01 1.843331275687797434e-04 3.392762412699712460e-01
4.313063450293766476e-01 1.847132168945945206e-04 3.392762401720960108e-01
4.313063392891840486e-01 1.850933097227684806e-04 3.392762390742041223e-01
4.313063335486843619e-01 1.854734061092420917e-04 3.392762379762862546e-01
4.313063277419717512e-01 1.858600609915843273e-04 3.392762367113796862e-01
4.313063219912997570e-01 1.862408795263262599e-04 3.392762356025187387e-01
4.313063162482266288e-01 1.866210782111383723e-04 3.392762345017968362e-01
4.313063105058094204e-01 1.870012124475935959e-04 3.392762334022099702e-01
4.313063047632134106e-01 1.873813425300044149e-04 3.392762323027826432e-01
4.313062990203450076e-01 1.877614750685819602e-04 3.392762312034016126e-01
4.313062932771891123e-01 1.881416108400112629e-04 3.392762301040427864e-01
4.313062875337395630e-01 1.885217499844115492e-04 3.392762290046936191e-01
4.313062817899930845e-01 1.889018925713205376e-04 3.392762279053425090e-01
4.313062760459444034e-01 1.892820386594962125e-04 3.392762268059797970e-01
4.313062703015904664e-01 1.896621883054773320e-04 3.392762257065961018e-01
4.313062645569270548e-01 1.900423415621084792e-04 3.392762246071832077e-01
4.313062587459846609e-01 1.904290533594652456e-04 3.392762233407647376e-01
4.313062529911400600e-01 1.908099288615206944e-04 3.392762222303993824e-01
4.313062472438990436e-01 1.911901845609940281e-04 3.392762211281709628e-01
4.313062414973135028e-01 1.915703758570691658e-04 3.392762200270751927e-01
4.313062357505479949e-01 1.919505630417108063e-04 3.392762189261368522e-01
4.313062300035085950e-01 1.923307527232276577e-04 3.392762178252418659e-01
4.313062242561809811e-01 1.927109456763752510e-04 3.392762167243674742e-01
4.313062185085593248e-01 1.930911420409510751e-04 3.392762156234999660e-01
4.313062127606387963e-01 1.934713418835911443e-04 3.392762145226293491e-01
4.313062070124161762e-01 1.938515452622152733e-04 3.392762134217447434e-01
4.313062012638865239e-01 1.942317522314856559e-04 3.392762123208382108e-01
4.313061955150472304e-01 1.946119628434830006e-04 3.392762112199003144e-01
4.313061896998632849e-01 1.949987320104489658e-04 3.392762099519440189e-01
4.313061839408353637e-01 1.953796649234053177e-04 3.392762088400504417e-01
4.313061781894168001e-01 1.957599780635831338e-04 3.392762077362933004e-01
4.313061724386529350e-01 1.961402268275110137e-04 3.392762066336679760e-01
4.313061666877088807e-01 1.965204715056962173e-04 3.392762055311989711e-01
4.313061609364908788e-01 1.969007187058000757e-04 3.392762044287727097e-01
4.313061551849838859e-01 1.972809692014276188e-04 3.392762033263661547e-01
4.313061494331824064e-01 1.976612231308623013e-04 3.392762022239661501e-01
4.313061436810815552e-01 1.980414805604508994e-04 3.392762011215615936e-01
4.313061379286778907e-01 1.984217415472125812e-04 3.392762000191434923e-01
4.313061321759677491e-01 1.988020061444378621e-04 3.392761989167020209e-01
4.313061264229474112e-01 1.991822744036973606e-04 3.392761978142291301e-01
4.313061206696138794e-01 1.995625463744446547e-04 3.392761967117169930e-01
4.313061148498609776e-01 1.999493769652562576e-04 3.392761954421635862e-01
4.313061090863263836e-01 2.003303713635476891e-04 3.392761943286792814e-01
4.313061033304038117e-01 2.007107460502665893e-04 3.392761932233263611e-01
4.313060975751343840e-01 2.010910564188281898e-04 3.392761921190991514e-01
4.313060918196822691e-01 2.014713627570645089e-04 3.392761910150232652e-01
4.313060860639542637e-01 2.018516716702000249e-04 3.392761899109847934e-01
4.313060803079354355e-01 2.022319839298390351e-04 3.392761888069614762e-01
4.313060745516199557e-01 2.026122996718557074e-04 3.392761877029403794e-01
4.313060687950036054e-01 2.029926189610152922e-04 3.392761865989112890e-01
4.313060630380832206e-01 2.033729418521896138e-04 3.392761854948643796e-01
4.313060572808540272e-01 2.037532683967292790e-04 3.392761843907913244e-01
4.313060515233139158e-01 2.041335986449815466e-04 3.392761832866834082e-01
4.313060457654592228e-01 2.045139326437207415e-04 3.392761821825333035e-01
4.313060400072872280e-01 2.048942704386980812e-04 3.392761810783342935e-01
4.313060341826154831e-01 2.052811669413151302e-04 3.392761798070690893e-01
4.313060284142279377e-01 2.056622273225437746e-04 3.392761786918790934e-01
4.313060226534560226e-01 2.060426680683543027e-04 3.392761775848140426e-01
4.313060168933353089e-01 2.064230445678645750e-04 3.392761764788678192e-01
4.313060111330290214e-01 2.068034171056448147e-04 3.392761753730664243e-01
4.313060053724439569e-01 2.071837922842133316e-04 3.392761742672971148e-01
4.313059996115665151e-01 2.075641708724847341e-04 3.392761731615366316e-01
4.313059938503893131e-01 2.079445530035737601e-04 3.392761720557742056e-01
4.313059880889098530e-01 2.083249387397946312e-04 3.392761709499987344e-01
4.313059823271247484e-01 2.087053281333537151e-04 3.392761698442009477e-01
4.313059765650286148e-01 2.090857212343206876e-04 3.392761687383734626e-01
4.313059708026199535e-01 2.094661180893921636e-04 3.392761676325076747e-01
4.313059650398954892e-01 2.098465187445185554e-04 3.392761665265962567e-01
4.313059592768524464e-01 2.102269232427039292e-04 3.392761654206333799e-01
4.313059534472326595e-01 2.106138864796237408e-04 3.392761641475861012e-01
4.313059476739642406e-01 2.109950136483090539e-04 3.392761630306242449e-01
4.313059419083168922e-01 2.113755212247261960e-04 3.392761619217868896e-01
4.313059361433209116e-01 2.117559645948598732e-04 3.392761608140657525e-01
4.313059303781386911e-01 2.121364040417390612e-04 3.392761597064877233e-01
4.313059246126768609e-01 2.125168461654030412e-04 3.392761585989394479e-01
4.313059188469204330e-01 2.128972917339759031e-04 3.392761574913992217e-01
4.313059130808654107e-01 2.132777408791389337e-04 3.392761563838548877e-01
4.313059073145064648e-01 2.136581936614613856e-04 3.392761552762962873e-01
4.313059015478406533e-01 2.140386501325856243e-04 3.392761541687144833e-01
4.313058957808639238e-01 2.144191103399179833e-04 3.392761530611010379e-01
4.313058900135741669e-01 2.147995743303661171e-04 3.392761519534486236e-01
4.313058842459677744e-01 2.151800421479055641e-04 3.392761508457493025e-01
4.313058784780421373e-01 2.155605138348003951e-04 3.392761497379972457e-01
4.313058727097949241e-01 2.159409894317901302e-04 3.392761486301862917e-01
4.313058669412240809e-01 2.163214689777086686e-04 3.392761475223105005e-01
4.313058611059840675e-01 2.167085073745255309e-04 3.392761462473208312e-01
4.313058553271708062e-01 2.170897097888079507e-04 3.392761451284220242e-01
4.313058495559819461e-01 2.174702927050149736e-04 3.392761440176392806e-01
4.313058437854411231e-01 2.178508115040004006e-04 3.392761429079645952e-01
4.313058380147105075e-01 2.182313264648506955e-04 3.392761417984243577e-01
4.313058322436973957e-01 2.186118441845345166e-04 3.392761406889063802e-01
4.313058264723872437e-01 2.189923654274422596e-04 3.392761395793895685e-01
4.313058207007751665e-01 2.193728903216949895e-04 3.392761384698620986e-01
4.313058149288566678e-01 2.197534189255684648e-04 3.392761373603142561e-01
4.313058091566289720e-01 2.201339512869955075e-04 3.392761362507378808e-01
4.313058033840886929e-01 2.205144874510086986e-04 3.392761351411250903e-01
4.313057976112330549e-01 2.208950274615049177e-04 3.392761340314675023e-01
4.313057918380586719e-01 2.212755713600521236e-04 3.392761329217601762e-01
4.313057860645632680e-01 2.216561191863964904e-04 3.392761318119958402e-01
4.313057802907449556e-01 2.220366709784957193e-04 3.392761307021685546e-01
4.313057745166018475e-01 2.224172267734905110e-04 3.392761295922738229e-01
4.313057686757011955e-01 2.228043414545637102e-04 3.392761283152448959e-01
4.313057628913045116e-01 2.231856202139604153e-04 3.392761271943183221e-01
4.313057571145386682e-01 2.235662795241410235e-04 3.392761260815073121e-01
4.313057513384210839e-01 2.239468747632417014e-04 3.392761249698020842e-01
4.313057455621124303e-01 2.243274662073399268e-04 3.392761238582285843e-01
4.313057397855202812e-01 2.247080604520268791e-04 3.392761227466760676e-01
4.313057340086298708e-01 2.250886582599117452e-04 3.392761216351224407e-01
4.313057282314369800e-01 2.254692597576000383e-04 3.392761205235563793e-01
4.313057224539370016e-01 2.258498650013690881e-04 3.392761194119686685e-01
4.313057166761271599e-01 2.262304740379528602e-04 3.392761183003505931e-01
4.313057108980037913e-01 2.266110869109542254e-04 3.392761171886951033e-01
4.313057051195641201e-01 2.269917036631468839e-04 3.392761160769943163e-01
4.313056993408059814e-01 2.273723243341105847e-04 3.392761149652417929e-01
4.313056935617260446e-01 2.277529489626983089e-04 3.392761138534307608e-01
4.313056877823220892e-01 2.281335775859233905e-04 3.392761127415568900e-01
4.313056820025928384e-01 2.285142102392344159e-04 3.392761116296140744e-01
4.313056762225353502e-01 2.288948469567060433e-04 3.392761105175975400e-01
4.313056704421488474e-01 2.292754877707507948e-04 3.392761094055032900e-01
4.313056646614311096e-01 2.296561327126646270e-04 3.392761082933266059e-01
4.313056588138467484e-01 2.300433366729435992e-04 3.392761070139808655e-01
4.313056530228560059e-01 2.304247048138664377e-04 3.392761058907458604e-01
4.313056472395008778e-01 2.308054536169403394e-04 3.392761047756162052e-01
4.313056414567892904e-01 2.311861384538780608e-04 3.392761036615820069e-01
4.313056356738842467e-01 2.315668195974488809e-04 3.392761025476714321e-01
4.313056298906915997e-01 2.319475036381606428e-04 3.392761014337723480e-01
4.313056241071976937e-01 2.323281913346242128e-04 3.392761003198642156e-01
4.313056183233978658e-01 2.327088828100200280e-04 3.392760992059370428e-01
4.313056125392880635e-01 2.330895781166329522e-04 3.392760980919810043e-01
4.313056067548655670e-01 2.334702772974872446e-04 3.392760969779891611e-01
4.313056009701278226e-01 2.338509803935831760e-04 3.392760958639534086e-01
4.313055951850710001e-01 2.342316874434758971e-04 3.392760947498673074e-01
4.313055893996929346e-01 2.346123984843678269e-04 3.392760936357246959e-01
4.313055836139917942e-01 2.349931135519540179e-04 3.392760925215198564e-01
4.313055778279655250e-01 2.353738326803143325e-04 3.392760914072470158e-01
4.313055720416114625e-01 2.357545559022266419e-04 3.392760902929020661e-01
4.313055662549281077e-01 2.361352832489181641e-04 3.392760891784799560e-01
4.313055604679139621e-01 2.365160147507602752e-04 3.392760880639767995e-01
4.313055546805669715e-01 2.368967504363275300e-04 3.392760869493884890e-01
4.313055488928866366e-01 2.372774903331537034e-04 3.392760858347118047e-01
4.313055430382286004e-01 2.376647893170400936e-04 3.392760845528384195e-01
4.313055372402596621e-01 2.380462525658273059e-04 3.392760834270890924e-01
4.313055314499340542e-01 2.384270965520483517e-04 3.392760823094417844e-01
4.313055578740971341e-01 2.604081956073298174e-04 3.392761340299900175e-01
4.313055395465301700e-01 2.890828572975326816e-04 3.392761398928140770e-01
4.313057050670800474e-01 3.881474042710906527e-04 3.392763207131703762e-01
4.313058165172620750e-01 5.192353715103394714e-04 3.392764150565492076e-01
4.313059248268477641e-01 6.670912495759734676e-04 3.392764908562567738e-01
4.313060833606053857e-01 8.401548276190894376e-04 3.392766048207551122e-01
4.313064701253435662e-01 1.070238479141547884e-03 3.392768257577211122e-01
4.313069872795917137e-01 1.350300278303570318e-03 3.392770634540620556e-01
4.313078029076373165e-01 1.693723791205233118e-03 3.392773941149691552e-01
4.313087922925439299e-01 2.091426221832878851e-03 3.392777689974277866e-01
4.313099843934826150e-01 2.532246456547049447e-03 3.392781701358821289e-01
4.313110052223501079e-01 2.980696104653693824e-03 3.392785109313032899e-01
4.313119429006413430e-01 3.429588420776188539e-03 3.392788576301842829e-01
4.313128058518242436e-01 3.878488341485485536e-03 3.392792213905910237e-01
4.313135941341096347e-01 4.327372543459397612e-03 3.392796019847802436e-01
4.313143079416808523e-01 4.776242783737185381e-03 3.392799996546822516e-01
4.313149472885137725e-01 5.225099794224458312e-03 3.392804143915044146e-01
4.313155121036972295e-01 5.673942932558150021e-03 3.392808460731804865e-01
4.313160025068205616e-01 6.122775294738364363e-03 3.392812947890873065e-01
4.313164183993306033e-01 6.571593484624654348e-03 3.392817603957088979e-01
4.313167596408581383e-01 7.020396051888123934e-03 3.392822424355882438e-01
4.313170265696578132e-01 7.469189300007146072e-03 3.392827415957817561e-01
4.313172194179642482e-01 7.917971156084536999e-03 3.392832582048930234e-01
4.313173378604468478e-01 8.366743588562243483e-03 3.392837917669735415e-01
4.313173819608566162e-01 8.815508126033284181e-03 3.392843423603371655e-01
4.313173517315102568e-01 9.264264838680950562e-03 3.392849100031590792e-01
4.313172471654204698e-01 9.713013341409655263e-03 3.392854946439853303e-01
4.313170683012648166e-01 1.016175523033521072e-02 3.392860963024579846e-01
4.313168146229240385e-01 1.061048163869899967e-02 3.392867140165685136e-01
4.313164869798571388e-01 1.105920296074953783e-02 3.392873494755508368e-01
4.313160845581828218e-01 1.150791240272487290e-02 3.392880009208798509e-01
4.313156078925978743e-01 1.195661486596397670e-02 3.392886694513830848e-01
4.313150568305323951e-01 1.240531046470782356e-02 3.392893548949523219e-01
4.313144315131992035e-01 1.285399897736140551e-02 3.392900574432041183e-01
4.313137319157806515e-01 1.330268074859392372e-02 3.392907770609794871e-01
4.313129578652909468e-01 1.375135467732161755e-02 3.392915133974163666e-01
4.313121095111954184e-01 1.420002094862575504e-02 3.392922667160706007e-01
4.313111869864806880e-01 1.464868049253943358e-02 3.392930372536469563e-01
4.313101901010755190e-01 1.509733308077497969e-02 3.392938247337834445e-01
4.313091187672031812e-01 1.554597625483560355e-02 3.392946288663948873e-01
4.313079726943515602e-01 1.599460735393928509e-02 3.392954488866415930e-01
4.313067528412173890e-01 1.644323582292938485e-02 3.392962871534887515e-01
4.313054581070733251e-01 1.689185292880310621e-02 3.392971410874023874e-01
4.313040891754170714e-01 1.734046173210344530e-02 3.392980121822880557e-01
4.313026460130260920e-01 1.778906409389079124e-02 3.392989003781888280e-01
4.313011284764985409e-01 1.823765700413739962e-02 3.392998055114198608e-01
4.312995360906249909e-01 1.868623760844686024e-02 3.393007262598741192e-01
4.312978699173321551e-01 1.913481400112878802e-02 3.393016651168078157e-01
4.312961293566159315e-01 1.958338294069653443e-02 3.393026209351017730e-01
4.312943139166586226e-01 2.003193958905673949e-02 3.393035922903405721e-01
4.312924242689872290e-01 2.048048816961172899e-02 3.393045808303405408e-01
4.312904602220050676e-01 2.092902734906904733e-02 3.393055863285573404e-01
4.312887876557858213e-01 2.137876194321060297e-02 3.393065388564683316e-01
4.312870058525093975e-01 2.182852495338049453e-02 3.393075076924489397e-01
4.312851590583627326e-01 2.227828124838206539e-02 3.393084934879541659e-01
4.312832426040419942e-01 2.272802123237485303e-02 3.393094933034693228e-01
4.312812578584670486e-01 2.317774944804373849e-02 3.393105092773389675e-01
4.312792042596655939e-01 2.362746262258573829e-02 3.393115404315623640e-01
4.312770820634219127e-01 2.407716269095408132e-02 3.393125873757528721e-01
4.312748914362051766e-01 2.452685161395722763e-02 3.393136502893285278e-01
4.312726314933795213e-01 2.497652287368319624e-02 3.393147270291239082e-01
4.312703032021660832e-01 2.542618353341379728e-02 3.393158197259404929e-01
4.312679062498134264e-01 2.587583161295019599e-02 3.393169280050374326e-01
4.312654408771908754e-01 2.632546894637325177e-02 3.393180522261164400e-01
4.312629067039143171e-01 2.677509330722110253e-02 3.393191914962022659e-01
4.312360282020040736e-01 2.722364524628775873e-02 3.393197941278033314e-01
4.311675187766737527e-01 2.767358549967408390e-02 3.393193850524398036e-01
4.310598857368757586e-01 2.812440579752970363e-02 3.393177739320256681e-01
4.309284059196244465e-01 2.857670214666189687e-02 3.393157791336844920e-01
4.307754028437679183e-01 2.902944197135918711e-02 3.393137153019246122e-01
4.305915076525765328e-01 2.948278846649495313e-02 3.393106149398842919e-01
4.303788048410293055e-01 2.993691990537281425e-02 3.393069700834291380e-01
4.301554454066500721e-01 3.039140352494734687e-02 3.393035104343943842e-01
4.299224219405137215e-01 3.084617164767157124e-02 3.392998160388936424e-01
4.296763548716702741e-01 3.130123048241430922e-02 3.392958518965922265e-01
4.294127722641106204e-01 3.175678688000770772e-02 3.392915073659329428e-01
4.291334982298335432e-01 3.221277031507414901e-02 3.392868423181836790e-01
4.288478695585731248e-01 3.266905511636650911e-02 3.392820429750317834e-01
4.285579278436462136e-01 3.312553952249541050e-02 3.392771393775125821e-01
4.282625634912720636e-01 3.358218383098464377e-02 3.392721069309906357e-01
4.279594961995388247e-01 3.403902499668441661e-02 3.392668858046846148e-01
4.276460773072798816e-01 3.449612807387918145e-02 3.392614231149256310e-01
4.273032507817139947e-01 3.495395124260573805e-02 3.392549262129763710e-01
4.269607661725178249e-01 3.541211408545195255e-02 3.392488495483352295e-01
4.266162263544407418e-01 3.587033911146834952e-02 3.392426438202074679e-01
4.262712994410856049e-01 3.632865003281104954e-02 3.392363914056112373e-01
4.259248900364411283e-01 3.678702658509777623e-02 3.392300610853686837e-01
4.255780501336721700e-01 3.724547738572396571e-02 3.392236775637380575e-01
4.252249906317681627e-01 3.769942450824181890e-02 3.392170790373204570e-01
4.248695821694072894e-01 3.815289586783075088e-02 3.392104021212831721e-01
4.245114332732360385e-01 3.859952623304754166e-02 3.392035624895718415e-01
4.241497027102311690e-01 3.903807931874388182e-02 3.391965543832269891e-01
4.237806849767436490e-01 3.946974395023699483e-02 3.391892943814958095e-01
4.234089698064573692e-01 3.989979444337402731e-02 3.391819300548843397e-01
4.230350484819108692e-01 4.032235268319062788e-02 3.391744054117977192e-01
4.226603870614011327e-01 4.074377841078392209e-02 3.391668227904447996e-01
4.222857326264090050e-01 4.116057499940610487e-02 3.391591416733987785e-01
4.219077518362538415e-01 4.157274231585254137e-02 3.391512943186549278e-01
4.215305191533356699e-01 4.198322703582571536e-02 3.391434151480896553e-01
4.211503470553786266e-01 4.239317145451098473e-02 3.391353874520741107e-01
4.207708545148863832e-01 4.280318905040855076e-02 3.391273230877989708e-01
4.203907864317332765e-01 4.321323775936548872e-02 3.391191758202693474e-01
4.200107217842805052e-01 4.362333092091452008e-02 3.391109641082659110e-01
4.196324966996848316e-01 4.403343349009800067e-02 3.391027316362517641e-01
4.192521903989027687e-01 4.444356806678707167e-02 3.390943743927438137e-01
4.188715477911854057e-01 4.484019922934617125e-02 3.390858323811650754e-01
4.184910385565704938e-01 4.522101128419894756e-02 3.390771373762819230e-01
4.181120588661474402e-01 4.560076517741455671e-02 3.390684614389615215e-01
4.177310327295126746e-01 4.597936394404250615e-02 3.390596378115822151e-01
4.173501633417913137e-01 4.635684941748779292e-02 3.390507462943979644e-01
4.169673800567353927e-01 4.673440429638613808e-02 3.390417329035495531e-01
4.165875692185856960e-01 4.711257099218938565e-02 3.390327440818190485e-01
4.162070044623932263e-01 4.749131117297850785e-02 3.390236577619371028e-01
4.158259898594968140e-01 4.786890273833076248e-02 3.390144749402210778e-01
4.154445289470303782e-01 4.824716004439608130e-02 3.390052210838861435e-01
4.150616612291458951e-01 4.862546611896315790e-02 3.389958487822943289e-01
4.146812564574492987e-01 4.900317700414663635e-02 3.389864757072906798e-01
4.143001447567843387e-01 4.938090516488594789e-02 3.389770079984236739e-01
4.139171853843489624e-01 4.975870618177275634e-02 3.389674088685561415e-01
4.135357704466236517e-01 5.013653478227850929e-02 3.389577889566843805e-01
4.131537341771294725e-01 5.051438186689377607e-02 3.389480739392947140e-01
4.127716171218772101e-01 5.092168274983454451e-02 3.389385471808839534e-01
4.123900852510919424e-01 5.133931334317717171e-02 3.389288892935434783e-01
4.120074316605238929e-01 5.176762608120380471e-02 3.389192428587119998e-01
4.116266400555500526e-01 5.219716007619585457e-02 3.389096266435083216e-01
4.112456454749643386e-01 5.262668582386096500e-02 3.388999274426086061e-01
4.108777766104652618e-01 5.307524704290061263e-02 3.388907800293332606e-01
4.105141445068927197e-01 5.353522858056791733e-02 3.388815973432059425e-01
4.101600346303100886e-01 5.399500774615784149e-02 3.388728090694065886e-01
4.098140448002632885e-01 5.445449994421690254e-02 3.388642133795541911e-01
4.094782057700584454e-01 5.491366832500522988e-02 3.388559133026030068e-01
4.091433690766082543e-01 5.537270684481540584e-02 3.388475816684988762e-01
4.088291887286003568e-01 5.583124583221668602e-02 3.388399418768752724e-01
4.085203305720242484e-01 5.628940923071586167e-02 3.388324084925701252e-01
4.082157018796741532e-01 5.674742038507167574e-02 3.388249879362573713e-01
4.079177676695949772e-01 5.720522342523530479e-02 3.388177721797793196e-01
4.076248973956322352e-01 5.766282815632905318e-02 3.388106999439898792e-01
4.073395904914004495e-01 5.812018716602514873e-02 3.388038728225858387e-01
4.070715476958354784e-01 5.857701481401365179e-02 3.387976484205266758e-01
4.068322483268735357e-01 5.903289120583581073e-02 3.387924564097578028e-01
4.066117482075092826e-01 5.948793920819571424e-02 3.387879009931351049e-01
4.063967264508929755e-01 5.994262335912029643e-02 3.387835084138793862e-01
4.061939516729787258e-01 6.039691806373539973e-02 3.387795852774876937e-01
4.059901068872343588e-01 6.085109195503823204e-02 3.387755835994537557e-01
4.057971709409936567e-01 6.130498295994894764e-02 3.387720248194719952e-01
4.056268982245908039e-01 6.175812987042581664e-02 3.387693428957502251e-01
4.054782915631117146e-01 6.221042836085610012e-02 3.387674702005694094e-01
4.053401073953047384e-01 6.266218293033307130e-02 3.387659730543546299e-01
4.052076292799597357e-01 6.311365199441375251e-02 3.387646944777351066e-01
4.050746288592061428e-01 6.356505089674188702e-02 3.387633948360004865e-01
4.049576724541891770e-01 6.401600843960619791e-02 3.387627732949233805e-01
4.048539774785249734e-01 6.446639974130283224e-02 3.387626650099410108e-01
4.047491270731292112e-01 6.491665060596547854e-02 3.387624869149448159e-01
4.046599034742186518e-01 6.536647156080142851e-02 3.387629879756456908e-01
4.046099522446569563e-01 6.581502553595552918e-02 3.387651094514742556e-01
4.045774580631863460e-01 6.626262544809025101e-02 3.387678637257546810e-01
4.045704014286636285e-01 6.670932526432442333e-02 3.387716775004165348e-01
4.045611855316939565e-01 6.715574688440920093e-02 3.387753307352139309e-01
4.045521114334864055e-01 6.760216589810874588e-02 3.387790207166169187e-01
4.045429798030657498e-01 6.804854806951418644e-02 3.387827208162436099e-01
4.045338056693781881e-01 6.849490199849907202e-02 3.387864375982259091e-01
4.045245853515124224e-01 6.894122845826335111e-02 3.387901722809688043e-01
4.045153150779225437e-01 6.938752246309076721e-02 3.387939209777153238e-01
4.045059952709771367e-01 6.983379305203227250e-02 3.387976905299338592e-01
4.044966219690387943e-01 7.028003129437906948e-02 3.388014754982932031e-01
4.044871949532071742e-01 7.072624452756648417e-02 3.388052799902788736e-01
4.044777116229753555e-01 7.117242939034268412e-02 3.388091023611658481e-01
4.044681703091930758e-01 7.161858300183218673e-02 3.388129407351103128e-01
4.044585710030303427e-01 7.206471117701969409e-02 3.388167993241257281e-01
4.044489106979856086e-01 7.251080570090481792e-02 3.388206727197414780e-01
4.044391906844921891e-01 7.295687604999510911e-02 3.388245674743129987e-01
4.044294089790554936e-01 7.340291808111121252e-02 3.388284810762062227e-01
4.044195642724752737e-01 7.384893053543445385e-02 3.388324121311897530e-01
4.044096571370268678e-01 7.429491782718167237e-02 3.388363640018250966e-01
4.043996846948569313e-01 7.474087226243868176e-02 3.388403315048801323e-01
4.043896486042507510e-01 7.518680031002303310e-02 3.388443201664045890e-01
4.043795482302198208e-01 7.563270343114558703e-02 3.388483301453688035e-01
4.043693818430141862e-01 7.607857626215963620e-02 3.388523590324609702e-01
4.043591492973879209e-01 7.652442122606076258e-02 3.388564060174714676e-01
4.043488508773857015e-01 7.697023721508217120e-02 3.388604736779963766e-01
4.043384862162617832e-01 7.741602675669025102e-02 3.388645621125838669e-01
4.043993850520529731e-01 7.785982864676330162e-02 3.388716983463513910e-01
4.044797801347924104e-01 7.830202077001101324e-02 3.388794433592602351e-01
4.045920280349724063e-01 7.874306946478193403e-02 3.388885268725090882e-01
4.047338856306348376e-01 7.918283799302194836e-02 3.388987931506191598e-01
4.049216714219476820e-01 7.962096037743840449e-02 3.389109631538412826e-01
4.051224171374838701e-01 8.005801393362761698e-02 3.389235263600937076e-01
4.053295379288338607e-01 8.049467374930234509e-02 3.389362954621756296e-01
4.055348831495144690e-01 8.093123305602327455e-02 3.389489298258118732e-01
4.057403590935656501e-01 8.136777834310829349e-02 3.389615423075373890e-01
4.059458001602864741e-01 8.180427290996263034e-02 3.389741086676499870e-01
4.061512212082929452e-01 8.224072688319622459e-02 3.389866406896362983e-01
4.063566153172513684e-01 8.267713534250184515e-02 3.389991328889568334e-01
4.065632220183150181e-01 8.311347022674579754e-02 3.390116383329485061e-01
4.067690843218835228e-01 8.354975628734315207e-02 3.390240752383557044e-01
4.069749714301856836e-01 8.398600812953369021e-02 3.390364763873892073e-01
4.071801940724848468e-01 8.442223060306060234e-02 3.390488185100773988e-01
4.073854314192783543e-01 8.485841922235427826e-02 3.390611265644038474e-01
4.075906263639573202e-01 8.529456131946830388e-02 3.390733975930227961e-01
4.077957853435504876e-01 8.573066221530549480e-02 3.390856386108578313e-01
4.080009032321876283e-01 8.616671733882590167e-02 3.390978424981545558e-01
4.082059794845236400e-01 8.660272666462075219e-02 3.391100115608828292e-01
4.084110123037377194e-01 8.703868943469328379e-02 3.391221428657354986e-01
4.086395871656163803e-01 8.747411306094331207e-02 3.391352014513613344e-01
4.088866941144167488e-01 8.790860748437730188e-02 3.391489039407680206e-01
4.091378545942580547e-01 8.834256906693079003e-02 3.391626641787764962e-01
4.093948703853508841e-01 8.877628405792678534e-02 3.391766066685024672e-01
4.096563477952759325e-01 8.920973245323468581e-02 3.391906552388429530e-01
4.099292184401425732e-01 8.964281351397086761e-02 3.392050867220967603e-01
4.102129461024853208e-01 9.007538466844802749e-02 3.392198652261367298e-01
4.105119136956449366e-01 9.050737812905398916e-02 3.392351552569338735e-01
4.108096369792461622e-01 9.093896908405746382e-02 3.392502688854244219e-01
4.111092978023495048e-01 9.137051172371131458e-02 3.392653960216812647e-01
4.114081631128495009e-01 9.180196956905996297e-02 3.392804118546205450e-01
4.117070633947033653e-01 9.223339757291570962e-02 3.392953563927537664e-01
4.120071552023223949e-01 9.266475430204865193e-02 3.393102671508385626e-01
4.123071183569596010e-01 9.309602856710159913e-02 3.393250918791773096e-01
4.126070588329291411e-01 9.352725645209877814e-02 3.393398427894487313e-01
4.129063509700980905e-01 9.395844238504230672e-02 3.393544942395154140e-01
4.132056580979615590e-01 9.438959615433172023e-02 3.393690767044061918e-01
4.135049248120381549e-01 9.482069787715241560e-02 3.393835834538998508e-01
