4.314094557798375251e-01 -4.489080949752533890e-12 3.396152352421258347e-01
4.314094557798375251e-01 -4.489080949752533890e-12 3.396152352421258347e-01
4.314008999490514529e-01 -2.243835845701875134e-06 3.395946800222144901e-01
4.314103247194858715e-01 -4.470491937302665720e-06 3.395902420579883230e-01
4.314146711977404069e-01 -6.646460008843979819e-06 3.395809210456454119e-01
4.314157761141708125e-01 -8.726025767560217377e-06 3.395687942781277502e-01
4.314145367119217589e-01 -1.071147735242366117e-05 3.395548597599926111e-01
4.314116587112052925e-01 -1.260105300094566328e-05 3.395398961846973762e-01
4.314076777486245962e-01 -1.439245739719335326e-05 3.395244783057125293e-01
4.314029958527124120e-01 -1.608361544025327952e-05 3.395090229533120896e-01
4.313979185163412944e-01 -1.767115892508109692e-05 3.394938436046295305e-01
4.313926604390171393e-01 -1.915501967312936235e-05 3.394791361592288670e-01
4.313873777362325357e-01 -2.053562639079111328e-05 3.394650334217864107e-01
4.313821888306960672e-01 -2.181184845597052550e-05 3.394516376897054877e-01
4.313771654958023505e-01 -2.298615099617271504e-05 3.394389853223866438e-01
4.313723554540949134e-01 -2.406150568264033235e-05 3.394270897101243634e-01
4.313677945655657875e-01 -2.503930450799414612e-05 3.394159623627064359e-01
4.313634941643781362e-01 -2.592411141904724128e-05 3.394055760766827579e-01
4.313594645243975512e-01 -2.671850135455994268e-05 3.393959159487736077e-01
4.313557003643062049e-01 -2.742751086707138043e-05 3.393869411275108883e-01
4.313521951331842907e-01 -2.805551967110667537e-05 3.393786158782147178e-01
4.313489379277135050e-01 -2.860722773712407298e-05 3.393709002199330471e-01
4.313459186462879069e-01 -2.908639190815570728e-05 3.393637605578109229e-01
4.313431246431444488e-01 -2.949709238752967305e-05 3.393571604813475640e-01
4.313405414621004907e-01 -2.984379586359228563e-05 3.393510615201468794e-01
4.313381572779387829e-01 -3.012999118436445259e-05 3.393454331209945218e-01
4.313359551522282231e-01 -3.036080787863770983e-05 3.393402336348741999e-01
4.313339215224433754e-01 -3.054046367316541019e-05 3.393354301646628324e-01
4.313320461192558519e-01 -3.067184302049780865e-05 3.393309982699361793e-01
4.313303181526145780e-01 -3.075792326700566465e-05 3.393269126160268212e-01
4.313287226085044668e-01 -3.080351920546162706e-05 3.393231378752026295e-01
4.313272523098460320e-01 -3.081064680638064983e-05 3.393196575063007203e-01
4.313258957467623333e-01 -3.078287268588745970e-05 3.393164447275364148e-01
4.313246453929249213e-01 -3.072240152495385142e-05 3.393134821931038658e-01
4.313234935354206545e-01 -3.063143498582756864e-05 3.393107521255989134e-01
4.313224285400570901e-01 -3.051420094418555616e-05 3.393082272592099491e-01
4.313214466991545093e-01 -3.037157183322811919e-05 3.393058991878882824e-01
4.313205401558366514e-01 -3.020610002300060237e-05 3.393037496305914003e-01
4.313197050704610791e-01 -3.001862046156779799e-05 3.393017697838279778e-01
4.313189336367825311e-01 -2.981198966338894870e-05 3.392999413359388816e-01
4.313182220507604803e-01 -2.958727413830822812e-05 3.392982554301630094e-01
4.313175663906224089e-01 -2.934540675732588843e-05 3.392967029496103404e-01
4.313169589915287760e-01 -2.908982900949752621e-05 3.392952657415888029e-01
4.313163998869908866e-01 -2.881949910688443950e-05 3.392939439990818040e-01
4.313158813975421779e-01 -2.853806183747880563e-05 3.392927195287037678e-01
4.313154035710202172e-01 -2.824452841475213254e-05 3.392915924809074002e-01
4.313149625146172617e-01 -2.794015671190537822e-05 3.392905536820511880e-01
4.313145545199374986e-01 -2.762661632974501815e-05 3.392895942934715525e-01
4.313141794785300132e-01 -2.730264428171071245e-05 3.392887140934139900e-01
4.313138301207859460e-01 -2.697314972992091329e-05 3.392878957389726668e-01
4.313135099523691118e-01 -2.663394927454226021e-05 3.392871475658408853e-01
4.313132117750624328e-01 -2.629019610301147500e-05 3.392864524505722623e-01
4.313129356501250178e-01 -2.594121964015243121e-05 3.392858104443080558e-01
4.313126813281841221e-01 -2.558561390167716706e-05 3.392852209935599550e-01
4.313124453443253348e-01 -2.522587863509524617e-05 3.392846758245443017e-01
4.313122275660516980e-01 -2.486103483558596883e-05 3.392841745759101468e-01
4.313120276694195621e-01 -2.448964643630285537e-05 3.392837164926757465e-01
4.313118423800167411e-01 -2.411473779359412574e-05 3.392832937410080185e-01
4.313116715084942543e-01 -2.373547559565485101e-05 3.392829058113979723e-01
4.313115120175945449e-01 -2.335546807766182112e-05 3.392825454342157654e-01
4.313113637776797016e-01 -2.297417162445930761e-05 3.392822122413097219e-01
4.313112264987854494e-01 -2.259058454793919619e-05 3.392819055432849118e-01
4.313110998407410634e-01 -2.220365101694039958e-05 3.392816245259498986e-01
4.313109834129769116e-01 -2.181231844315054192e-05 3.392813682525576136e-01
4.313108746641426960e-01 -2.142110778405528505e-05 3.392811306094531409e-01
4.313107754252241133e-01 -2.102417757464797977e-05 3.392809159229359661e-01
4.313106832131350932e-01 -2.062581976267143058e-05 3.392807182956903422e-01
4.313105977899788224e-01 -2.022588333906023716e-05 3.392805371013813964e-01
4.313105171320232301e-01 -1.982971563775003744e-05 3.392803674935583880e-01
4.313104427356000969e-01 -1.943150763453879910e-05 3.392802130036955965e-01
4.313103741832137739e-01 -1.903015017321204699e-05 3.392800726525011523e-01
4.313103097324192947e-01 -1.863120730340185989e-05 3.392799422555435318e-01
4.313102505574727963e-01 -1.822879296461693831e-05 3.392798245760197395e-01
4.313101950275228802e-01 -1.782814556480789085e-05 3.392797157502850935e-01
4.313101441416159476e-01 -1.742330594242356165e-05 3.392796181223894370e-01
4.313100964509731239e-01 -1.701965601304442123e-05 3.392795282615014285e-01
4.313100528040590964e-01 -1.661123102157716070e-05 3.392794481536200446e-01
4.313100119244060449e-01 -1.620353485267708824e-05 3.392793747768434454e-01
4.313099736836326636e-01 -1.579700475468091687e-05 3.392793077881089969e-01
4.313099379133820688e-01 -1.539155907023835181e-05 3.392792467801173384e-01
4.313099044533130755e-01 -1.498707509085636820e-05 3.392791913652241087e-01
4.313098738348968286e-01 -1.457697658091280728e-05 3.392791428018463451e-01
4.313098451476438666e-01 -1.416690952446199557e-05 3.392790989426061055e-01
4.313098182917001755e-01 -1.375739761179237868e-05 3.392790595191897962e-01
4.313097931393077844e-01 -1.334843201137108020e-05 3.392790242217642582e-01
4.313097695704321555e-01 -1.293995431154255738e-05 3.392789927597374966e-01
4.313097474726733105e-01 -1.253190812886902200e-05 3.392789648610672892e-01
4.313097267409995994e-01 -1.212424375161835766e-05 3.392789402715223335e-01
4.313097072773724450e-01 -1.171691780182280705e-05 3.392789187537744167e-01
4.313096889903623721e-01 -1.130989246006761196e-05 3.392789000864775417e-01
4.313096717947721981e-01 -1.090313473840800420e-05 3.392788840633556569e-01
4.313096556112642754e-01 -1.049661584055996531e-05 3.392788704923118126e-01
4.313096403660068301e-01 -1.009031060510899028e-05 3.392788591945652410e-01
4.313096262697106997e-01 -9.677632782561086493e-06 3.392788506596082221e-01
4.313096129386119193e-01 -9.264410205008295247e-06 3.392788439980303217e-01
4.313096003342863360e-01 -8.851247398933371276e-06 3.392788390987506730e-01
4.313095884024213400e-01 -8.438197706933726655e-06 3.392788358292853634e-01
4.313095768843412392e-01 -8.031831986797577765e-06 3.392788335823300194e-01
4.313095661668295833e-01 -7.619703198662784678e-06 3.392788332387285388e-01
4.313095559638472354e-01 -7.207040385380184863e-06 3.392788341584253575e-01
4.313095462519042633e-01 -6.794389810395410862e-06 3.392788362693869297e-01
4.313095368387701023e-01 -6.388388432460440409e-06 3.392788391233284018e-01
4.313095280175021085e-01 -5.976583864873410824e-06 3.392788433773524792e-01
4.313095195694004458e-01 -5.564215970853934714e-06 3.392788485512027163e-01
4.313095114798489171e-01 -5.151834969872249609e-06 3.392788545954323332e-01
4.313095036048918973e-01 -4.746086551188564138e-06 3.392788611777954877e-01
4.313094961690618900e-01 -4.334509707287925473e-06 3.392788687919103263e-01
4.313094890029338657e-01 -3.922351111512433043e-06 3.392788770744516458e-01
4.313094820984160194e-01 -3.510163273068065815e-06 3.392788859925784384e-01
4.313094753468641462e-01 -3.104597922619932164e-06 3.392788952989124196e-01
4.313094689227591760e-01 -2.693187157179669030e-06 3.392789053676869560e-01
4.313094626927052588e-01 -2.281182446008407995e-06 3.392789159210666261e-01
4.313094566533947627e-01 -1.869137693686918378e-06 3.392789269383851281e-01
4.313094507219968343e-01 -1.463709021672262169e-06 3.392789382342902837e-01
4.313094450364320376e-01 -1.052422903172599949e-06 3.392789500958374171e-01
4.313094394896359041e-01 -6.405343560578942300e-07 3.392789623076619687e-01
4.313094340818027783e-01 -2.285981688805418028e-07 3.392789748580054554e-01
4.313094287489667722e-01 1.767262091533498433e-07 3.392789876068338928e-01
4.313094236023405914e-01 5.879169512627495049e-07 3.392790007775433048e-01
4.313094185540992109e-01 9.997163069189335523e-07 3.392790142004027953e-01
4.313094136069985929e-01 1.411568899655501126e-06 3.392790278701688922e-01
4.313094087108576002e-01 1.816812675879244383e-06 3.392790416799091879e-01
4.313094039573758254e-01 2.227929679274664058e-06 3.392790558065332807e-01
4.313093992727843329e-01 2.639659987644511307e-06 3.392790701136407794e-01
4.313093946617110874e-01 3.051447817334565990e-06 3.392790846007500694e-01
4.313093900840486716e-01 3.456629024564156881e-06 3.392790991851026838e-01
4.313093856172374729e-01 3.867688895433770967e-06 3.392791140096635960e-01
4.313093811977776193e-01 4.279365743477544457e-06 3.392791289623737216e-01
4.313093768010226037e-01 4.684497764821564931e-06 3.392791439872129278e-01
4.313093724969659370e-01 5.095518647997105320e-06 3.392791592086161212e-01
4.313093682280261798e-01 5.507159654397305831e-06 3.392791745284540195e-01
4.313093640009841856e-01 5.918863887451439935e-06 3.392791899517039189e-01
4.313093597872851848e-01 6.323964261538428128e-06 3.392792054233026988e-01
4.313093556480041002e-01 6.734950682003994957e-06 3.392792210473111192e-01
4.313093515314146420e-01 7.146559006592342057e-06 3.392792367395522368e-01
4.313093474450804821e-01 7.558232792394141643e-06 3.392792525070029708e-01
4.313093433647045005e-01 7.963303814218528699e-06 3.392792683047931024e-01
4.313093393453290569e-01 8.374263975888387524e-06 3.392792842226733385e-01
4.313093353395659468e-01 8.785848089243648257e-06 3.392793001867305813e-01
4.313093313348120295e-01 9.190890648987739859e-06 3.392793161700191629e-01
4.313093273833492614e-01 9.601831146977497436e-06 3.392793322549432222e-01
4.313093234403377885e-01 1.001339778394157774e-05 3.392793483735171978e-01
4.313093195142564951e-01 1.042503324076843042e-05 3.392793645350254406e-01
4.313093155857011252e-01 1.083006747840002386e-05 3.392793807062773892e-01
4.313093117027756440e-01 1.124099530093248918e-05 3.392793969606212601e-01
4.313093078230705313e-01 1.165255000135931417e-05 3.392794132358965542e-01
4.313093039377146609e-01 1.205756448717427365e-05 3.392794295141231542e-01
4.313093000934955512e-01 1.246848080222322342e-05 3.392794458647445666e-01
4.313092962495151395e-01 1.288002581158544213e-05 3.392794622290647988e-01
4.313092924147758356e-01 1.329164203033234284e-05 3.392794786176966948e-01
4.313092885727142223e-01 1.369665813897092428e-05 3.392794950041929658e-01
4.313092847673981045e-01 1.410757109451441899e-05 3.392795114524277955e-01
4.313092809593044308e-01 1.451911306615913822e-05 3.392795279070277004e-01
4.313092771417357807e-01 1.492411579803149935e-05 3.392795443551905876e-01
4.313092733582756799e-01 1.533502322266278749e-05 3.392795608588730083e-01
4.313092695703132362e-01 1.574656121675767188e-05 3.392795773647430679e-01
4.313092657871564484e-01 1.615817217676903436e-05 3.392795938841803305e-01
4.313092619938986849e-01 1.656318384093304397e-05 3.392796103946355557e-01
4.313092582322445856e-01 1.697409475854609281e-05 3.392796269545041432e-01
4.313092544643516435e-01 1.738563626680731481e-05 3.392796435123353604e-01
4.313092506847954200e-01 1.779063925437295777e-05 3.392796600583197209e-01
4.313092469352768910e-01 1.820154904958739159e-05 3.392796766500824623e-01
4.313092431785198189e-01 1.861309079645638538e-05 3.392796932373929319e-01
4.313092394240104488e-01 1.902470680728237957e-05 3.392797098320729510e-01
4.313092356578148157e-01 1.942972412636873391e-05 3.392797264138273095e-01
4.313092319202405100e-01 1.984064247772128928e-05 3.392797430378806656e-01
4.313092281744297929e-01 2.025219258178015199e-05 3.392797596550485850e-01
4.313092244157109567e-01 2.065720470141492606e-05 3.392797762572563602e-01
4.313092206846662613e-01 2.106812519140791872e-05 3.392797928996179602e-01
4.313092169448028423e-01 2.147967865547093392e-05 3.392798095336964082e-01
4.313092131916821392e-01 2.188469444561185419e-05 3.392798261519276992e-01
4.313092094655532338e-01 2.229561929609410805e-05 3.392798428087011042e-01
4.313092057301537996e-01 2.270717756804351885e-05 3.392798594560968994e-01
4.313092019951039191e-01 2.311881148491945701e-05 3.392798761062653101e-01
4.313091982472228025e-01 2.352384735964737239e-05 3.392798927405961118e-01
4.313091945257248594e-01 2.393478615374953269e-05 3.392799094119376968e-01
4.313091907945056369e-01 2.434635793755272938e-05 3.392799260727971111e-01
4.313091870494852875e-01 2.475139231316117539e-05 3.392799427163998849e-01
4.313091833303585587e-01 2.516233671861043637e-05 3.392799593959736071e-01
4.313091796012392121e-01 2.557391518507953849e-05 3.392799760644218954e-01
4.313091758717963464e-01 2.598556989990954402e-05 3.392799927340137134e-01
4.313091721291373304e-01 2.639062686315034998e-05 3.392800093867434086e-01
4.313091684120486935e-01 2.680158756796061802e-05 3.392800260746015040e-01
4.313091646847109772e-01 2.721318180149385761e-05 3.392800427507033922e-01
4.313091609432768703e-01 2.761823888663772088e-05 3.392800594087417299e-01
4.313091572270855156e-01 2.802920672271460835e-05 3.392800761012607635e-01
4.313091535004839883e-01 2.844080909437561320e-05 3.392800927816478906e-01
4.313091497597071333e-01 2.884587453388794980e-05 3.392801094437429277e-01
4.313091460439821279e-01 2.925685112412797264e-05 3.392801261398908919e-01
4.313091423177269346e-01 2.966846250948685341e-05 3.392801428236197903e-01
4.313091385906496211e-01 3.008015083356378202e-05 3.392801595072844623e-01
4.313091348501014166e-01 3.048524174584801727e-05 3.392801761733382215e-01
4.313091311344932621e-01 3.089623733394800321e-05 3.392801928731153382e-01
4.313091274082423432e-01 3.130786706765636561e-05 3.392802095601910595e-01
4.313091236677060181e-01 3.171295995616615004e-05 3.392802262286168102e-01
4.313091199519035190e-01 3.212396441513568665e-05 3.392802429304082601e-01
4.313091162253783195e-01 3.253560395226035397e-05 3.392802596193204012e-01
4.313091124845417901e-01 3.294070682803505295e-05 3.392802762894823743e-01
4.313091087683421088e-01 3.335172157272923380e-05 3.392802929928117051e-01
4.313091050413649374e-01 3.376337158966659070e-05 3.392803096831311649e-01
4.313091013133384388e-01 3.417509899612083447e-05 3.392803263728351171e-01
4.313090975717577824e-01 3.458022922310015438e-05 3.392803430446014179e-01
4.313090938548007069e-01 3.499126472784988865e-05 3.392803597494382095e-01
4.313090901270175692e-01 3.540293477974179625e-05 3.392803764411421730e-01
4.313090863848973999e-01 3.580806819464264800e-05 3.392803931139423690e-01
4.313090826672474898e-01 3.621911370746017529e-05 3.392804098195873475e-01
4.313090789387298840e-01 3.663079465093186911e-05 3.392804265120125673e-01
4.313090751958720825e-01 3.703593912037377890e-05 3.392804431854915537e-01
4.313090714774326373e-01 3.744699591969470175e-05 3.392804598917218972e-01
4.313090677480999058e-01 3.785868830128086212e-05 3.392804765846727522e-01
4.313090640044291435e-01 3.826384428467991802e-05 3.392804932586467870e-01
4.313090602851311628e-01 3.867491279474930747e-05 3.392805099652970724e-01
4.313090565549197453e-01 3.908661701904134059e-05 3.392805266586205182e-01
4.313090528235353216e-01 3.949839905227199398e-05 3.392805433510348023e-01
4.313090490786015696e-01 3.990358413384153760e-05 3.392805600253541165e-01
4.313090453580775141e-01 4.031467504203993963e-05 3.392805767323768817e-01
4.313090416266273652e-01 4.072640086960745636e-05 3.392805934260358924e-01
4.313090378808580039e-01 4.113159026564646987e-05 3.392806101006732855e-01
4.313090341593752153e-01 4.154269223895500377e-05 3.392806268078596976e-01
4.313090304269437403e-01 4.195442997000635470e-05 3.392806435016433864e-01
4.313090266802043216e-01 4.235963141250184515e-05 3.392806601763940222e-01
4.313090229577211110e-01 4.277074560323037330e-05 3.392806768836563736e-01
4.313090192242791110e-01 4.318249566344317225e-05 3.392806935774945187e-01
4.313090154765420459e-01 4.358770949348992713e-05 3.392807102522933382e-01
4.313090117530348766e-01 4.399883621429170026e-05 3.392807269595727870e-01
4.313090080185599806e-01 4.441059890151736496e-05 3.392807436534110432e-01
4.313090042828693904e-01 4.482243963830649175e-05 3.392807603462338339e-01
4.313090005336814303e-01 4.522768357141510167e-05 3.392807770209246843e-01
4.313089968087792103e-01 4.563883363316577232e-05 3.392807937281686059e-01
4.313089930729100963e-01 4.605061882596432924e-05 3.392808104219642851e-01
4.313089893227806670e-01 4.645586772236515399e-05 3.392808270967159201e-01
4.313089855968234576e-01 4.686702945766423051e-05 3.392808438038907304e-01
4.313089818598848657e-01 4.727882713696306518e-05 3.392808604975962039e-01
4.313089781087002250e-01 4.768408865081347588e-05 3.392808771722582439e-01
4.313089743816672650e-01 4.809526313977893438e-05 3.392808938793253626e-01
4.313089706436479820e-01 4.850707366117046050e-05 3.392809105729160946e-01
4.313089668913994701e-01 4.891234806593164249e-05 3.392809272474649473e-01
4.313089631632819332e-01 4.932353555691834071e-05 3.392809439544048344e-01
4.313089594241742430e-01 4.973535915749296201e-05 3.392809606478613405e-01
4.313089556708539218e-01 5.014064668537590103e-05 3.392809773222806857e-01
4.313089519416453688e-01 5.055184739652085051e-05 3.392809940290764659e-01
4.313089482014430542e-01 5.096368428482648795e-05 3.392810107223845906e-01
4.313089444600062272e-01 5.137559942404137703e-05 3.392810274146343397e-01
4.313089407051606261e-01 5.178091790084477831e-05 3.392810440887638057e-01
4.313089369744894097e-01 5.219214274650303112e-05 3.392810607953602453e-01
4.313089332328299830e-01 5.260400289990105615e-05 3.392810774884744141e-01
4.313089294769998361e-01 5.300932688587115476e-05 3.392810941625616361e-01
4.313089257452353276e-01 5.342056391789152934e-05 3.392811108689968713e-01
4.313089220024707848e-01 5.383243704840997700e-05 3.392811275619351252e-01
4.313089182455518977e-01 5.423777413284971798e-05 3.392811442358507623e-01
4.313089145126806634e-01 5.464902436996588219e-05 3.392811609421048091e-01
4.313089107688067303e-01 5.506091077476917228e-05 3.392811776348604869e-01
4.313089070107968825e-01 5.546626117375261505e-05 3.392811943085993764e-01
4.313089032768168130e-01 5.587752481057156758e-05 3.392812110146677940e-01
4.329558433872895407e-01 6.990774875559981939e-05 3.393427425038922363e-01
4.371373279976696891e-01 9.321597946422475426e-05 3.395676086746090561e-01
4.411100762383970975e-01 9.534499432048720467e-04 3.397523029625198476e-01
4.451020142311014061e-01 2.040385882754263379e-03 3.399305830325018429e-01
4.490906127752680166e-01 3.148059919594475148e-03 3.400986543940197060e-01
4.530776853801350978e-01 4.258630272422186600e-03 3.402573824423329452e-01
4.570632872071033193e-01 5.369584417973643706e-03 3.404079100632190213e-01
4.610472161133437052e-01 6.508126448712800785e-03 3.405501374023493510e-01
4.650277026733641850e-01 7.642347237143791439e-03 3.406839649393006986e-01
4.690048419146705116e-01 8.776117782166375017e-03 3.408098159734004318e-01
4.729790049736333768e-01 9.939916424259124389e-03 3.409280868611613835e-01
4.769531489994530138e-01 1.124391809960614136e-02 3.410396857463294795e-01
4.809244720086840452e-01 1.268251901476229529e-02 3.411441178434881927e-01
4.848883529541974102e-01 1.415871730505799744e-02 3.412407986456759690e-01
4.888454258645898443e-01 1.564142465540880461e-02 3.413302551655771344e-01
4.927999052650787748e-01 1.721112563344903007e-02 3.414134701975231057e-01
4.967460497040974698e-01 1.882116515207126611e-02 3.414896202131991743e-01
5.007307020782626461e-01 2.112654767747266030e-02 3.415649863341652659e-01
5.047106791013518112e-01 2.391800960349771757e-02 3.416332196617749561e-01
5.087006618322413853e-01 2.719540394419498602e-02 3.416963838183602609e-01
5.126881249782322403e-01 3.085788937762037540e-02 3.417533440316032345e-01
5.166713199412219515e-01 3.483719448420784237e-02 3.418042285406742709e-01
5.206268171059912353e-01 3.893085309137560984e-02 3.418477743873289398e-01
5.245121086931210375e-01 4.306426710738558289e-02 3.418827665662110826e-01
5.283267580212228642e-01 4.721278547866898656e-02 3.419097093777270224e-01
5.321206678964375270e-01 5.136860061990631415e-02 3.419306273688206277e-01
5.358528729706053539e-01 5.552447136710509518e-02 3.419440116045712741e-01
5.395632044289960794e-01 5.968155397294387654e-02 3.419514952465821933e-01
5.432540241557664018e-01 6.383744476566609316e-02 3.419530227894621577e-01
5.469245737505057381e-01 6.799088330934667523e-02 3.419485697916738176e-01
5.504603043880572644e-01 7.213694585365260092e-02 3.419350991134262885e-01
5.537210785635293675e-01 7.627754650712059714e-02 3.419105286401460386e-01
5.563380239992210541e-01 8.041181825018174634e-02 3.418719404505400350e-01
5.588399006019559856e-01 8.459174337513329645e-02 3.418303924746261546e-01
5.613296137863845736e-01 8.879383776853402854e-02 3.417859410792276065e-01
5.622294158331452296e-01 9.294789406225012485e-02 3.417431814641431198e-01
5.630076483060758585e-01 9.722632060675885646e-02 3.417017993424534272e-01
5.637745942213787664e-01 1.015542676270193845e-01 3.416599447783607024e-01
5.645285556706695074e-01 1.058960186211397175e-01 3.416173917963363782e-01
5.652722419526040598e-01 1.102400889120064564e-01 3.415739215743971990e-01
5.660063345573266291e-01 1.145824213630232125e-01 3.415294452454948892e-01
5.667079043580868225e-01 1.189207232308870099e-01 3.414842738082325968e-01
5.673900901276947017e-01 1.232571044319157871e-01 3.414381796982256523e-01
5.680635041593857792e-01 1.275911020767737380e-01 3.413909826777268286e-01
5.687275578786548103e-01 1.319212594442291386e-01 3.413426582928463793e-01
5.693823583011663469e-01 1.362470893335663569e-01 3.412931555551887430e-01
5.700278911080792765e-01 1.405683241295345998e-01 3.412424477621119889e-01
5.706641194651504989e-01 1.448847748317828588e-01 3.411905001407724569e-01
5.712909931900669314e-01 1.491962769779063280e-01 3.411372721532855423e-01
5.719084614524192478e-01 1.535026809027412731e-01 3.410827465219273824e-01
5.725164609386763637e-01 1.578038375812719774e-01 3.410268848682328491e-01
5.748505129965736371e-01 1.621809794100594893e-01 3.409612497061115244e-01
5.780748983629738769e-01 1.664031750789170261e-01 3.408961350304369198e-01
5.814548875635797698e-01 1.702435176814796614e-01 3.408248237668642933e-01
5.847784785685644637e-01 1.732691905844604696e-01 3.407534547732652963e-01
5.880962870969136391e-01 1.750020636758201631e-01 3.406864288718660094e-01
5.915140262975171481e-01 1.763939674751535958e-01 3.405964217837693653e-01
5.949321271422137736e-01 1.776901512791577431e-01 3.404972897959340772e-01
5.983321537523734746e-01 1.789574219064211102e-01 3.403911698241345318e-01
6.017143296748632686e-01 1.804369998473207559e-01 3.402734033222404308e-01
6.050812377163017342e-01 1.829410518298681398e-01 3.401284756170022128e-01
6.083540296682903303e-01 1.864462571821921544e-01 3.399725440384837039e-01
6.115045195662404121e-01 1.902563593892681870e-01 3.398208392456234517e-01
6.145796007508806946e-01 1.941177329335396218e-01 3.396643761403275730e-01
6.175721297460046166e-01 1.979759167792424779e-01 3.395001963120413135e-01
6.204414499859578491e-01 2.018227726809604661e-01 3.393284125206801338e-01
6.232595251417952786e-01 2.056596531202897760e-01 3.391486727449337102e-01
6.260324464961767310e-01 2.094786043322823532e-01 3.389605131112383707e-01
6.287593817647038064e-01 2.132770069458513329e-01 3.387637177480457007e-01
6.314393540245951675e-01 2.170537795348008170e-01 3.385581557323342761e-01
6.340713088608911363e-01 2.208080736148018697e-01 3.383437427238905060e-01
6.366077723391149190e-01 2.245422003582850101e-01 3.381216185730742119e-01
6.389769350999460196e-01 2.282663854279082527e-01 3.378944823982893420e-01
6.407760952969085988e-01 2.320259596746836184e-01 3.376784717607875796e-01
6.418512496366108877e-01 2.358882808383416241e-01 3.374883151419076355e-01
6.422900892021201624e-01 2.398764927887472587e-01 3.373278531308928629e-01
6.421394427760815926e-01 2.439890539101211842e-01 3.371996852614543294e-01
6.419569033151827364e-01 2.481542324465607074e-01 3.370723391897175736e-01
6.414383958873138836e-01 2.523598756538116272e-01 3.369642227644561450e-01
6.408674768064968053e-01 2.565936092193434326e-01 3.368574882775594581e-01
6.402832723602004394e-01 2.608241403854991147e-01 3.367497799010485959e-01
6.389453028382006128e-01 2.651617583776375020e-01 3.366912766848575433e-01
6.376099532967970385e-01 2.695623690191002453e-01 3.366308932690071365e-01
6.362324153737881627e-01 2.739636506382069903e-01 3.365724461314900107e-01
6.343149806157359905e-01 2.784507613009916671e-01 3.365509689744248245e-01
6.322877601245020518e-01 2.830009233335140095e-01 3.365354726009981978e-01
6.302531991491557850e-01 2.875560924757976644e-01 3.365187785938489329e-01
6.282021297177544650e-01 2.921050994784657462e-01 3.365007584927979800e-01
6.261388895710037206e-01 2.966473048253694955e-01 3.364809473084506841e-01
6.239508285002276500e-01 3.012025251170837303e-01 3.364673259178432851e-01
6.217510840621065515e-01 3.057615921862623098e-01 3.364519065251506125e-01
6.195382313658974738e-01 3.103135223553583066e-01 3.364347536155046225e-01
6.173130522200398485e-01 3.148575768153331067e-01 3.364156249384525066e-01
6.152129786837403636e-01 3.193680385623068885e-01 3.363853576249667410e-01
6.149193273142149474e-01 3.199402015133472887e-01 3.364918266396663138e-01
6.148909209903267170e-01 3.199949953768284616e-01 3.364909255384557207e-01
6.148947597812960408e-01 3.199649055585580548e-01 3.364663592156106331e-01
6.149049884526223142e-01 3.199234663415384539e-01 3.364426759731874994e-01
6.149156397423946041e-01 3.198826373445665117e-01 3.364204757546478963e-01
6.149257914425366733e-01 3.198441811315195782e-01 3.363998562408356263e-01
6.149353375208540529e-01 3.198082227524811638e-01 3.363807328688416254e-01
6.149442985156068353e-01 3.197746298240632945e-01 3.363629984656164029e-01
6.149527137593628900e-01 3.197432365973975621e-01 3.363465477825158811e-01
6.149606223408294881e-01 3.197138864171396033e-01 3.363312855140663804e-01
6.149680610886218979e-01 3.196864310767766337e-01 3.363171215696387217e-01
6.149750633421121604e-01 3.196607380981228430e-01 3.363039763660281567e-01
6.138894977383874130e-01 3.222667400834335893e-01 3.361990008761358562e-01
6.110381088803634730e-01 3.266825366333342417e-01 3.361840400974703269e-01
6.080638619535472245e-01 3.313851648034380482e-01 3.362078166094922271e-01
6.054866002151545468e-01 3.360183303117157960e-01 3.362033425463104019e-01
6.030082957415535683e-01 3.405778542414733545e-01 3.361881615047515037e-01
6.005380910234676684e-01 3.451108285586311220e-01 3.361684792048830195e-01
5.980704539759902350e-01 3.496288596524643744e-01 3.361455951118159091e-01
5.957547398901249514e-01 3.541039096471597092e-01 3.361109582550925179e-01
5.934397977179141082e-01 3.585489310678628416e-01 3.360727817610983381e-01
5.911532522955702529e-01 3.629738718164453593e-01 3.360301672239009441e-01
5.891037355100804396e-01 3.673356060499572973e-01 3.359719733606710279e-01
5.880176680990329974e-01 3.714752322084163838e-01 3.358620557151974495e-01
5.871111516180940182e-01 3.754610158083190874e-01 3.357331827070814678e-01
5.863484570874416546e-01 3.793792888381682937e-01 3.355919845690910619e-01
5.858818755094324926e-01 3.832046592797354045e-01 3.354328376692066738e-01
5.862446198358309823e-01 3.868134881674153425e-01 3.352319597244295402e-01
5.884827368490470612e-01 3.898880240797464869e-01 3.349506174261581704e-01
5.908355270330757358e-01 3.920853725144107238e-01 3.346691324193781791e-01
5.932697494559476814e-01 3.937916360900888257e-01 3.343805377812190116e-01
5.957444793665783722e-01 3.951466562569292407e-01 3.340890442226036039e-01
5.983176257073348214e-01 3.958730290539601571e-01 3.338177086090209911e-01
6.009413602677783350e-01 3.963002157545769122e-01 3.335374138734795157e-01
6.035413418200124003e-01 3.966916098801448465e-01 3.332435985792118749e-01
6.060249159672271846e-01 3.973885141709598279e-01 3.329215465824199582e-01
6.069200423975249503e-01 3.990277799150215299e-01 3.326569207054766997e-01
6.062424042537816193e-01 4.018418558502908633e-01 3.324666155916269350e-01
6.052667487599600049e-01 4.053325470656028440e-01 3.322755026203079165e-01
6.040761076757587000e-01 4.090945338402461884e-01 3.320923428925343091e-01
6.028580710628829165e-01 4.128621970448714817e-01 3.319141607061942834e-01
6.018186400725675789e-01 4.165460463793738688e-01 3.317199580660156744e-01
6.007689680810599508e-01 4.201941675096578788e-01 3.315213395897764204e-01
5.999058214639551023e-01 4.237505757383187022e-01 3.313054089684915882e-01
5.991833133789624677e-01 4.272137836654020804e-01 3.310735352299981060e-01
5.984476567416818771e-01 4.306418049205574250e-01 3.308365779877115442e-01
5.981040281358159794e-01 4.338914268214287828e-01 3.305660715041568998e-01
5.983293667526194959e-01 4.368564077297334980e-01 3.302443335316184170e-01
5.992415334567435803e-01 4.394622952284170658e-01 3.298579321122485086e-01
6.007017264408452961e-01 4.417342588619795896e-01 3.294115877163706907e-01
6.022131565825961097e-01 4.438336069650410387e-01 3.289460412962467717e-01
6.036681649963036023e-01 4.458803473163013287e-01 3.284675176183391443e-01
6.050590788441955192e-01 4.478239351115303468e-01 3.279882163072140311e-01
6.062802364905910402e-01 4.493994327306155556e-01 3.275650352942682808e-01
6.061816906671968486e-01 4.493372234367239426e-01 3.276059356295164537e-01
6.061546201468774875e-01 4.493237415272938740e-01 3.275798706089432244e-01
6.061283995252717549e-01 4.493083626620589799e-01 3.275613778318583469e-01
6.068508339726260692e-01 4.482961533119353970e-01 3.274690354864882580e-01
6.068723109888183309e-01 4.482140313913671181e-01 3.274323373213881005e-01
6.068522462198852052e-01 4.482045901467923699e-01 3.274170083391133024e-01
6.075491914168763552e-01 4.472393116595518303e-01 3.273543601994141627e-01
6.075745218575016038e-01 4.471649647508379455e-01 3.273203044351814528e-01
6.075595630514926127e-01 4.471592461292452914e-01 3.273079180576276004e-01
6.079381170744178053e-01 4.453575619787106254e-01 3.275187874892515061e-01
6.087764980011153293e-01 4.419970624363592782e-01 3.278452062268289446e-01
6.096447307756359679e-01 4.385672168883021360e-01 3.281274487308786791e-01
6.105005595225457826e-01 4.351126950351976719e-01 3.284109923673672604e-01
6.111376441201669119e-01 4.322331403053485954e-01 3.286369535769402828e-01
6.112637055838781031e-01 4.321285817323579082e-01 3.285503784579154041e-01
6.112681397005580441e-01 4.321238322226182982e-01 3.285522728229410827e-01
6.117282857475005997e-01 4.314969137847615710e-01 3.285760195334071487e-01
6.117641725772970940e-01 4.314473200951429166e-01 3.285565513341697774e-01
6.122092680844720691e-01 4.308382782915157749e-01 3.285786893226605998e-01
6.113307669353038598e-01 4.337079580577177240e-01 3.282909638381134587e-01
6.101320458626804388e-01 4.371928851585585307e-01 3.280631714956110390e-01
6.088972764237987612e-01 4.406798319242974937e-01 3.278416007295570922e-01
6.076474369198318071e-01 4.441437120022986296e-01 3.276162339646750410e-01
6.063821932467098330e-01 4.475846966188753440e-01 3.273873287424006184e-01
6.051016201291871122e-01 4.510027854621389554e-01 3.271549254604554369e-01
6.038058605671916546e-01 4.543978486322754473e-01 3.269190670705934276e-01
6.024950589287256797e-01 4.577697566244798844e-01 3.266797927625750275e-01
6.023584236503145561e-01 4.578864737777877947e-01 3.267608748021078036e-01
6.023554184950957735e-01 4.578803050484742676e-01 3.267460600996526798e-01
6.031389760659342514e-01 4.568526597691968116e-01 3.267285683588392886e-01
6.031776649726169337e-01 4.567805105270900112e-01 3.266959461913384599e-01
6.031712925020861205e-01 4.567785461198460850e-01 3.266871943346640328e-01
6.039237630999981787e-01 4.557933238184295743e-01 3.266804879153643593e-01
6.039624084119977754e-01 4.557262074340851510e-01 3.266498293570715972e-01
6.039575410623159168e-01 4.557262359773543992e-01 3.266422956147135848e-01
6.046804150741942330e-01 4.547801641399374373e-01 3.266433121219816105e-01
6.047186792082509532e-01 4.547172245042923611e-01 3.266143979023563571e-01
6.047149497963486553e-01 4.547186493351056957e-01 3.266077959486280990e-01
6.054090685169691843e-01 4.538098193740999209e-01 3.266142892725860114e-01
6.054469334070619047e-01 4.537498054066098629e-01 3.265870657542692124e-01
6.054447079846644320e-01 4.537507562185968957e-01 3.265813823487970780e-01
6.061110456540254043e-01 4.528773474113046427e-01 3.265916435811089813e-01
6.061492179575909134e-01 4.528185880886384518e-01 3.265661983797573109e-01
6.061484155869359958e-01 4.528191409272638301e-01 3.265611784677168172e-01
6.067878487631479523e-01 4.519796659929607441e-01 3.265739665250237955e-01
6.068260974526022977e-01 4.519223381267373219e-01 3.265500996255771282e-01
6.068268163050877240e-01 4.519219831009997357e-01 3.265456850302377312e-01
6.074402913360281708e-01 4.511150113678210061e-01 3.265600690366196601e-01
6.074774984877806538e-01 4.510603283905473271e-01 3.265374188276298217e-01
6.074785728499585424e-01 4.510604072686833499e-01 3.265333212852024602e-01
6.080669509537908191e-01 4.502847454081714829e-01 3.265486506821786428e-01
6.081030383365658709e-01 4.502324414268398245e-01 3.265271197665824965e-01
6.081043566838356673e-01 4.502327890569886581e-01 3.265232601240626309e-01
6.086686097785646288e-01 4.494871623533442939e-01 3.265390346146866407e-01
6.087035352148791878e-01 4.494370178891519130e-01 3.265185370068406923e-01
6.092495571047324976e-01 4.487128707943596195e-01 3.265336059424622239e-01
6.092829781272577350e-01 4.486649046667538498e-01 3.265138448958427309e-01
6.098094170138538272e-01 4.479648795689379348e-01 3.265287102231651528e-01
6.098414177044207962e-01 4.479189496480265875e-01 3.265096660820319130e-01
6.103490120108427952e-01 4.472422231213235566e-01 3.265242517652691134e-01
6.107567989018395371e-01 4.476102417546071188e-01 3.216561691091721076e-01
6.110853728021589104e-01 4.478500936337872496e-01 3.171619536629498581e-01
6.114059876441494401e-01 4.480905260307756488e-01 3.126351614677011503e-01
6.117110029936484450e-01 4.483181824496191292e-01 3.081076416030218978e-01
6.120009790701065322e-01 4.485341985317506386e-01 3.035771382570101595e-01
6.122757639861848844e-01 4.487385034682077056e-01 2.990440903629706382e-01
6.125352736883278304e-01 4.489311165745197285e-01 2.945087195222811927e-01
6.127794321369233188e-01 4.491120505112860539e-01 2.899712771360202779e-01
6.130081755059531012e-01 4.492813200464872980e-01 2.854320228921980451e-01
6.132214435509921735e-01 4.494389372357822099e-01 2.808912067751318520e-01
6.134191806889504051e-01 4.495849119679961037e-01 2.763490700415524026e-01
6.136013456827021928e-01 4.497192585015164501e-01 2.718058803469400875e-01
6.137678969041323596e-01 4.498419875271688628e-01 2.672618908074237409e-01
6.139187954754752319e-01 4.499531389098684331e-01 2.627174254851176172e-01
6.140540205799459583e-01 4.500526945141770097e-01 2.581726842040235614e-01
6.141735389876504803e-01 4.501406629694112982e-01 2.536279174071749409e-01
6.142773296723256227e-01 4.502170540839116608e-01 2.490833928806231445e-01
6.143653750668743863e-01 4.502818752018721282e-01 2.445393755400075420e-01
6.144376554070319907e-01 4.503351313691961177e-01 2.399961198355221037e-01
6.144941572949939035e-01 4.503768349798076276e-01 2.354538980838638274e-01
6.145348661694395309e-01 4.504069861327916202e-01 2.309129616892066916e-01
6.145597688480032295e-01 4.504255886630953443e-01 2.263735676960550725e-01
6.145688560071069784e-01 4.504326466988037847e-01 2.218359782696538163e-01
6.145621209220056835e-01 4.504281662715517442e-01 2.173004663225391042e-01
6.145395540132125856e-01 4.504121480991136184e-01 2.127672814927032141e-01
6.145011495635495091e-01 4.503845938641140023e-01 2.082366878030470214e-01
6.144469021468518255e-01 4.503455049338821459e-01 2.037089493918756711e-01
6.143768047843789493e-01 4.502948810276833913e-01 1.991843239262968412e-01
6.142908500449654197e-01 4.502327190283443858e-01 1.946630645970879314e-01
6.141890352369947514e-01 4.501590183746972951e-01 1.901454322747096193e-01
6.140713578148115914e-01 4.500737795118081586e-01 1.856316951496854439e-01
6.139378117479316055e-01 4.499769972581135202e-01 1.811221071021825169e-01
6.137883932676143628e-01 4.498686686066358242e-01 1.766169259779865885e-01
6.136231017330235904e-01 4.497487920093762859e-01 1.721164216655114432e-01
6.134419278429171785e-01 4.496173590509834894e-01 1.676208395811224772e-01
6.132448735489179903e-01 4.494743682721795142e-01 1.631304459542181062e-01
6.130319332311258140e-01 4.493198132474177653e-01 1.586455007628063407e-01
6.128031032383318699e-01 4.491536875583316824e-01 1.541662615848055917e-01
6.125583801847248600e-01 4.489759852983751243e-01 1.496929876809913740e-01
6.130139496994212456e-01 4.467083760112608437e-01 1.450640200287355019e-01
6.140100191279249664e-01 4.429359215931484295e-01 1.407101177290951410e-01
6.149798467205233043e-01 4.392024746904502064e-01 1.367829181805483296e-01
6.159448160885170331e-01 4.354617393473443343e-01 1.332500656821211382e-01
6.171186049664840745e-01 4.316208551125916837e-01 1.301146221868277053e-01
6.182858535803708033e-01 4.277763468069943897e-01 1.272938123339225625e-01
6.193685750460501405e-01 4.239599276199347844e-01 1.247405158971386374e-01
6.200946636789321786e-01 4.202830149910483093e-01 1.223758284845778282e-01
6.198832420610410621e-01 4.202998698194608251e-01 1.206021194555858961e-01
6.197644302602297595e-01 4.202146174394862377e-01 1.190653664947647489e-01
6.196535271421732549e-01 4.201371707353974694e-01 1.176798832528532790e-01
6.195517242047248185e-01 4.200661097481836470e-01 1.164308292303148917e-01
6.194584740914053089e-01 4.200009747487065126e-01 1.153047763578039925e-01
6.193731835999368718e-01 4.199412981790814903e-01 1.142894905133697292e-01
6.193812966175780144e-01 4.199350926846024401e-01 1.143650381523580867e-01
6.194846569355807464e-01 4.198031642365763205e-01 1.143809256194218971e-01
6.194815640412931756e-01 4.198097587654278651e-01 1.143736137471041414e-01
6.195689443075197422e-01 4.196971935856487756e-01 1.143880263470272163e-01
6.195658918868068854e-01 4.197029522936577828e-01 1.143813316159793536e-01
6.196396984096625982e-01 4.196074414003955755e-01 1.143932565871609297e-01
6.196367451380960789e-01 4.196123748881412929e-01 1.143871807154900611e-01
6.196990532000520302e-01 4.195313453804769277e-01 1.143970149348451926e-01
6.196972592545313407e-01 4.195354325721156186e-01 1.143914521397831896e-01
6.197498284860111228e-01 4.194666990705201992e-01 1.143995335167614230e-01
6.197727508117757411e-01 4.193962811034930849e-01 1.143892917370566281e-01
6.209379081264676525e-01 4.155324975022960388e-01 1.140847785697073485e-01
6.219500603881286116e-01 4.118409112014290718e-01 1.137818846854288385e-01
6.229393861621935757e-01 4.081274277043148713e-01 1.134811823396446595e-01
6.237990499635714947e-01 4.044400655624532659e-01 1.131671484020249363e-01
6.246436320236880002e-01 4.007274355210027617e-01 1.128565055711862747e-01
6.253946012143725142e-01 3.970195447127000676e-01 1.125353739589576435e-01
6.249874965593467113e-01 3.959653758207301588e-01 1.123176922234531971e-01
6.250025756363980500e-01 3.960134452512474867e-01 1.123284760642344338e-01
6.250400863464489198e-01 3.960016174028936908e-01 1.123678773596097358e-01
6.250750886113582983e-01 3.959900996053846156e-01 1.124035907930683587e-01
6.251077762069648935e-01 3.959791443300972880e-01 1.124368166648228862e-01
6.251384148331968760e-01 3.959685643390895571e-01 1.124678163999810465e-01
6.251661943609460037e-01 3.959592798283482762e-01 1.124961769490762237e-01
6.251919672670396277e-01 3.959506889479093017e-01 1.125225424674014957e-01
6.252158450482793173e-01 3.959426222509490056e-01 1.125469121422901092e-01
6.252379464113783092e-01 3.959351333905128945e-01 1.125694879482870281e-01
6.252584214587395550e-01 3.959281406580258955e-01 1.125903942531937540e-01
6.252773864787457558e-01 3.959216067504808256e-01 1.126097484822621286e-01
6.252949519499222397e-01 3.959154966156266942e-01 1.126276626048433593e-01
6.252990189992163605e-01 3.959843319237116854e-01 1.126826785640816786e-01
6.253011853739011139e-01 3.960623664763948670e-01 1.127306777277220784e-01
6.253038111995288251e-01 3.961350045818516352e-01 1.127778416685430024e-01
6.252953175498200400e-01 3.962264441938617709e-01 1.128263531612031384e-01
6.252992964125893005e-01 3.962164203171658072e-01 1.128198250101691558e-01
6.253036653404989709e-01 3.963063232611061526e-01 1.128862194736983404e-01
6.253051364466991613e-01 3.962945561292874341e-01 1.128767952315062606e-01
6.253082619416712173e-01 3.962809656013865922e-01 1.128707472372019460e-01
6.253022285354786769e-01 3.963639030010733810e-01 1.129206412110763807e-01
6.253012444648385904e-01 3.963515021712038511e-01 1.129094000160785205e-01
6.252846027470886359e-01 3.964134677737524148e-01 1.129339724727751043e-01
6.252798201854496973e-01 3.964046114523362419e-01 1.129215676885416547e-01
6.252742310214758348e-01 3.963982239197029189e-01 1.129110688356542991e-01
6.252669851084994290e-01 3.963945457011603946e-01 1.129008376544374526e-01
6.252466490421357825e-01 3.964515230688577252e-01 1.129183779010771715e-01
6.252366836985323584e-01 3.964509422977917641e-01 1.129066774622459191e-01
6.252257797408877771e-01 3.964527185679092569e-01 1.128965244529921003e-01
6.256380152190603727e-01 3.966712291030495829e-01 1.172998305835116217e-01
6.260481997161743140e-01 3.969313423597625179e-01 1.217940411948741225e-01
6.264430098823666748e-01 3.971794054732012969e-01 1.262856975884695809e-01
6.268234000153108942e-01 3.974178170259663467e-01 1.307819189830875528e-01
6.271889430123329667e-01 3.976466517453484117e-01 1.352815902055565234e-01
6.275400032490850988e-01 3.978659361984489551e-01 1.397849128399794860e-01
6.278762476068330267e-01 3.980756977609051228e-01 1.442913408990665336e-01
6.281979836284529162e-01 3.982759496194632765e-01 1.488009647117967960e-01
6.285049361332285534e-01 3.984667264476975390e-01 1.533133000742360752e-01
6.287973585967878698e-01 3.986480214229869423e-01 1.578283727822285265e-01
6.290750319052372808e-01 3.988198757094283953e-01 1.623457542109381369e-01
6.293381529413162312e-01 3.989822655769664772e-01 1.668654077059289198e-01
6.295865612642120857e-01 3.991352393551981237e-01 1.713869642287200179e-01
6.298203915940178144e-01 3.992787568388209141e-01 1.759103187398332602e-01
6.300395459786105601e-01 3.994128749250298593e-01 1.804351692560151599e-01
6.302440931271724445e-01 3.995375376125942513e-01 1.849613382396519123e-01
6.304339995750786185e-01 3.996528109227771020e-01 1.894885954030907371e-01
6.306092654443734569e-01 3.997586236577336805e-01 1.940166874491057181e-01
6.307699351276638833e-01 3.998550478451173285e-01 1.985454688204033036e-01
6.309131176238703675e-01 3.999427255479452992e-01 2.030720327399815339e-01
6.310426883080377802e-01 4.000205484139936485e-01 2.075995632483533526e-01
6.311606813534406113e-01 4.000870577446703491e-01 2.121286785032847622e-01
6.312706949561821546e-01 4.001443015542854309e-01 2.166643666009078761e-01
6.313619689456541062e-01 4.001950855342621405e-01 2.211974750376695942e-01
6.314387236591779695e-01 4.002358680771531674e-01 2.257297912449302835e-01
6.315008265523196496e-01 4.002667742117897443e-01 2.302610182746833156e-01
6.315482422245304317e-01 4.002878257808519802e-01 2.347909216710716007e-01
6.315809386286032057e-01 4.002990357361034812e-01 2.393192601534905872e-01
6.315988831256148517e-01 4.003004145334955743e-01 2.438457928565520849e-01
6.315998446961305079e-01 4.002951225188212114e-01 2.483704304204315261e-01
6.321140793134991664e-01 3.984984180975666979e-01 2.530075289062570509e-01
6.332260232436089931e-01 3.947380645100332375e-01 2.577391219597255367e-01
6.343360374862353490e-01 3.908068244401245450e-01 2.624551751890369378e-01
6.354256247653492506e-01 3.868501722544411825e-01 2.671751581017615118e-01
6.364542500667809133e-01 3.828766102775413849e-01 2.719028987132918740e-01
6.374619649912328656e-01 3.788770037426212878e-01 2.766322890970291382e-01
6.384364242947526691e-01 3.748536029824803828e-01 2.813659034371228662e-01
6.393833851118061462e-01 3.708064351975962070e-01 2.861017188104421627e-01
6.403027795919524756e-01 3.667356738000754901e-01 2.908393629232265409e-01
6.411946391686192959e-01 3.626418461384194325e-01 2.955782851187090388e-01
6.420589984480570278e-01 3.585254660329220133e-01 3.003179615392056467e-01
6.429683474686442857e-01 3.543702548669466768e-01 3.050437221657820164e-01
6.438498866322802661e-01 3.501888036167906115e-01 3.097703387179193690e-01
6.447044041129796899e-01 3.459867908986883900e-01 3.144955112796744556e-01
6.455318137348602381e-01 3.417646575954309540e-01 3.192189940220630517e-01
6.463321758362178260e-01 3.375228905937556756e-01 3.239402747148802941e-01
6.471055394522293724e-01 3.332619737626795198e-01 3.286588730937831104e-01
6.478519541593503739e-01 3.289823874909901802e-01 3.333743121555933775e-01
6.485714688807753259e-01 3.246846071958835456e-01 3.380861206090940430e-01
6.492641311641585977e-01 3.203691034105685120e-01 3.427938324419533278e-01
6.499299864692442696e-01 3.160363418447814654e-01 3.474969867499517751e-01
6.505690775361843148e-01 3.116867834595174469e-01 3.521951275153739069e-01
6.511814438264295068e-01 3.073208845515002507e-01 3.568878033681870399e-01
6.517671210238304980e-01 3.029390968430563658e-01 3.615745673218346834e-01
6.523261406012611507e-01 2.985418675812607781e-01 3.662549765156991599e-01
6.528585294344709800e-01 2.941296396287018666e-01 3.709285919107113139e-01
6.533643094732402012e-01 2.897028515669653470e-01 3.755949780092435186e-01
6.538213227443704367e-01 2.853914354676511111e-01 3.802417479490037278e-01
6.542270507704192051e-01 2.811914349530873491e-01 3.848628936271561995e-01
6.559661441915688451e-01 2.788131991144193744e-01 3.843224293893204302e-01
6.586580051795730695e-01 2.759925571728938931e-01 3.840769727688859714e-01
6.617246718164305763e-01 2.731239982004193267e-01 3.837226919576067208e-01
6.647412323382012600e-01 2.702687000794708472e-01 3.833691658648898382e-01
6.677979750298328465e-01 2.669728642853934630e-01 3.830328215308479445e-01
6.708712412307881179e-01 2.633915174325783259e-01 3.826971396378324730e-01
6.710270643651222722e-01 2.627076649472646075e-01 3.826945789052884628e-01
6.710565202387820394e-01 2.626248990157186713e-01 3.826776911227788291e-01
6.710406351244005974e-01 2.626409604511121265e-01 3.826501230517582730e-01
6.710190376897672282e-01 2.626739252875180952e-01 3.826256813832757397e-01
6.709975656256853549e-01 2.627081869694881111e-01 3.826030940923273449e-01
6.709771493186256208e-01 2.627410834771163883e-01 3.825821088474036236e-01
6.708582196962081801e-01 2.626682676262231397e-01 3.836087335793931796e-01
6.703735218641784233e-01 2.623991336858781942e-01 3.882394281986392692e-01
6.699185196269616949e-01 2.622013141027272343e-01 3.925591117947599407e-01
6.694387699378524514e-01 2.619963571350975018e-01 3.968954635928100827e-01
6.689430457646596828e-01 2.617866114275754774e-01 4.012195033507249264e-01
6.684306455584270168e-01 2.615711812952860038e-01 4.055334936533024903e-01
6.679016277487415110e-01 2.613499944375758943e-01 4.098369673942530156e-01
6.679764164114048164e-01 2.614389393563815722e-01 4.094653084243383145e-01
6.682879363335478828e-01 2.582741058751407692e-01 4.097742032617905372e-01
6.688947557915554398e-01 2.541634193454183066e-01 4.100129810447665779e-01
6.694823504140360315e-01 2.499073281360844612e-01 4.102598740226662821e-01
6.700425647681440555e-01 2.456302177357441441e-01 4.105060054448917972e-01
6.705893963601299301e-01 2.413420476564157313e-01 4.107481191189497616e-01
6.711278065068090326e-01 2.370419583649509276e-01 4.109851196140295038e-01
6.716518789251779697e-01 2.327300466973663273e-01 4.112185631047632905e-01
6.721616693197506320e-01 2.284071549084125130e-01 4.114481236397476982e-01
6.726570635890599670e-01 2.240736276881409861e-01 4.116737396676636296e-01
6.731321476798695080e-01 2.197300595792021638e-01 4.118968576426552675e-01
6.735928572464335851e-01 2.153769955306721329e-01 4.121156727295094413e-01
6.740331659101888029e-01 2.110144251729160481e-01 4.123318618015173187e-01
6.744590453789640616e-01 2.066428749159652800e-01 4.125436347497274392e-01
6.748702903056038593e-01 2.022621045745660040e-01 4.127511853993937607e-01
6.752669453086167506e-01 1.978723373477649927e-01 4.129544479551738867e-01
6.756490279377563857e-01 1.934738338501276744e-01 4.131533947475045099e-01
6.760165638290217549e-01 1.890668588636706671e-01 4.133480010183351872e-01
6.763695851117876856e-01 1.846516744685643696e-01 4.135382474253826990e-01
6.767081298992256855e-01 1.802285393666673285e-01 4.137241191939450280e-01
6.770322414799984090e-01 1.757977088435599133e-01 4.139056056622807955e-01
6.773419677549157303e-01 1.713594348792072120e-01 4.140826999333988012e-01
6.776373605907757280e-01 1.669139662297598470e-01 4.142553984793375110e-01
6.779184750908866519e-01 1.624615484755288497e-01 4.144237007576354603e-01
6.781853691300664400e-01 1.580024241197088841e-01 4.145876089092238592e-01
6.784381028822411563e-01 1.535368326686571139e-01 4.147471274783261497e-01
6.786767384001224368e-01 1.490650107112228839e-01 4.149022631630643887e-01
6.789013392332089447e-01 1.445871919949274775e-01 4.150530245658502482e-01
6.791119700913730295e-01 1.401036075125485503e-01 4.151994219921511520e-01
6.793086965421553103e-01 1.356144855732317189e-01 4.153414672572555699e-01
6.794327923440769412e-01 1.311185394369249746e-01 4.154929780748746193e-01
6.794557673219182581e-01 1.266184029083415874e-01 4.156591583909727827e-01
6.793969361551529529e-01 1.221164109614473609e-01 4.158347784245459144e-01
6.792859970323220642e-01 1.176122690090834338e-01 4.160132659944918432e-01
6.787255449645490657e-01 1.130895855570574482e-01 4.162892451372189884e-01
6.780462739306590825e-01 1.085783880237749521e-01 4.165739092834594426e-01
6.773593719353800946e-01 1.040685061373835679e-01 4.168492358400909259e-01
6.764649319801528948e-01 9.954300771054595820e-02 4.171645146363370249e-01
6.754237311318795900e-01 9.501103452589887421e-02 4.174997003434469112e-01
6.743549190514134262e-01 9.047606639378787119e-02 4.178279828777216043e-01
6.732070393110740625e-01 8.595109416147023174e-02 4.181634811480652858e-01
6.720259104470294176e-01 8.144038659516501799e-02 4.184940160091312755e-01
6.708270929517541337e-01 7.691443244676363089e-02 4.188178574703959600e-01
6.696090138860352203e-01 7.235245114453189852e-02 4.191366080784040271e-01
6.686464188299839906e-01 6.779075753944044380e-02 4.193891086954040226e-01
6.676551307592086815e-01 6.321237104438995336e-02 4.196445574819741564e-01
6.669206664390366912e-01 5.864232522626483535e-02 4.198361270982216564e-01
6.663718665577640365e-01 5.407340486788161926e-02 4.199875701949274953e-01
6.661070853387034418e-01 4.951391604674014457e-02 4.200790983157486336e-01
6.659707038675751756e-01 4.495504483496850362e-02 4.201446832197541781e-01
6.658132820354258907e-01 4.039119149690123534e-02 4.202099055429339702e-01
6.656378570602355937e-01 3.582542714371009240e-02 4.202717333054748483e-01
6.652797504043338472e-01 3.124827867283566304e-02 4.203616513812930000e-01
6.649309957993185805e-01 2.667214551204039052e-02 4.204401321234170208e-01
6.645032891451276846e-01 2.209102530452659516e-02 4.205277367871920191e-01
6.640125184114537005e-01 1.750560486792393511e-02 4.206194602362065549e-01
6.631033770818941520e-01 1.289299630195788957e-02 4.207838952169339342e-01
6.620674065384266616e-01 8.267733042351526132e-03 4.209581131687364919e-01
6.610168243033044400e-01 3.637584317801274576e-03 4.211261090874475199e-01
6.599055277486381987e-01 -9.989841899585892929e-04 4.212983647486763794e-01
6.587645518145641699e-01 -5.640344332213949319e-03 4.214677966846896995e-01
6.575186774224067721e-01 -1.025585202911209401e-02 4.216498636799428379e-01
6.561226952511558519e-01 -1.483541495679656895e-02 4.218516210657453636e-01
6.544932585079060727e-01 -1.927757088869682181e-02 4.220901344869132377e-01
6.526726874915053100e-01 -2.356097159658475382e-02 4.223554350123790435e-01
6.506194473900023256e-01 -2.753212553623259409e-02 4.226597928006762817e-01
6.481293671263691492e-01 -3.108339209089724248e-02 4.230450399827439534e-01
6.449821371051680519e-01 -3.348032461478950977e-02 4.235688299513581390e-01
6.416930165205501080e-01 -3.499070546303229001e-02 4.241068324415062651e-01
6.383990320123469342e-01 -3.558920115191470390e-02 4.246438089239866764e-01
6.351019797752046614e-01 -3.588796055582024747e-02 4.251710351451858938e-01
6.317849500937222640e-01 -3.609381464898474279e-02 4.256931354536956369e-01
6.320025019668598087e-01 -3.626784405250069176e-02 4.256181030375699725e-01
6.319728386111359564e-01 -3.633076359357610696e-02 4.256326643655856667e-01
6.319839828463614806e-01 -3.631223861859559504e-02 4.256870863249799242e-01
6.319965070826398801e-01 -3.626081465446365226e-02 4.257359470908638754e-01
6.320089584342352129e-01 -3.619925997881489471e-02 4.257810680361491240e-01
6.320207989955550776e-01 -3.613632622441063230e-02 4.258227515709694377e-01
6.310950671941251144e-01 -3.611723923311487006e-02 4.259538257682041196e-01
6.278929329700213557e-01 -3.667368750464102684e-02 4.264687441667436296e-01
6.245171580819678381e-01 -3.754691402709153802e-02 4.269700393332352406e-01
6.211175709367491304e-01 -3.853213829284442976e-02 4.274679671864039521e-01
6.176952775293813591e-01 -3.969541853261715492e-02 4.279589797634656967e-01
6.142430803080706214e-01 -4.092728858123186042e-02 4.284472105201806991e-01
6.107665004275822929e-01 -4.219937579575108039e-02 4.289309936445436788e-01
6.072659702119186376e-01 -4.348832976025917424e-02 4.294107091320892300e-01
6.037428506391362415e-01 -4.478542276148701762e-02 4.298861326073103450e-01
6.001979308770092336e-01 -4.608745419373891372e-02 4.303572513880204453e-01
5.966318415178343271e-01 -4.739320666145734051e-02 4.308240332933164773e-01
5.930438781807901849e-01 -4.867875739104449845e-02 4.312871366397780237e-01
5.894284802515029620e-01 -4.979795525825791991e-02 4.317499273880766597e-01
5.857941175275994672e-01 -5.069284916566737381e-02 4.322108188573067222e-01
5.821449211110710786e-01 -5.135917205742229069e-02 4.326691470995063793e-01
5.784865032554877828e-01 -5.190304493619687237e-02 4.331224877725079470e-01
5.748149597084936113e-01 -5.238898034392754088e-02 4.335714117601472961e-01
5.711258921338927541e-01 -5.279478645360997924e-02 4.340172646199528250e-01
5.674235197666100960e-01 -5.315949734517774056e-02 4.344586695625324291e-01
5.637064348137387215e-01 -5.350643890122476487e-02 4.348959272542799459e-01
5.599752068363933466e-01 -5.386871195995889677e-02 4.353286557943185642e-01
5.562298297099630418e-01 -5.428382356256898633e-02 4.357566099418795358e-01
5.524667597285571885e-01 -5.472133842293019912e-02 4.361809040111255253e-01
5.487131463414894883e-01 -5.560399093242681529e-02 4.365923917034213453e-01
5.449212035579225066e-01 -5.666814105469560048e-02 4.370030084057282549e-01
5.411092587725356839e-01 -5.782383107087393781e-02 4.374092638651231324e-01
5.372799424323972950e-01 -5.901866532457414327e-02 4.378116113324571068e-01
5.334376842907172511e-01 -6.025605277553032491e-02 4.382093056407552201e-01
5.295815443561806557e-01 -6.152255238280299188e-02 4.386027217671681910e-01
5.257120509398309771e-01 -6.280195172577821006e-02 4.389919377343707851e-01
5.218274497071336837e-01 -6.403502463042060056e-02 4.393778086378051784e-01
5.179234401207829519e-01 -6.503342252447232019e-02 4.397627715818033245e-01
5.140168804819972292e-01 -6.586440210659683103e-02 4.401438475891696900e-01
5.101050022753043089e-01 -6.657648368353510926e-02 4.405213235577297159e-01
5.061875437503503550e-01 -6.722722434359147681e-02 4.408946901587307288e-01
5.022600234226043403e-01 -6.774883491842992322e-02 4.412652354037553404e-01
4.983261763996060800e-01 -6.810438003677807273e-02 4.416328288208090092e-01
4.943898850946853996e-01 -6.840935814734391829e-02 4.419959207550875346e-01
4.904468088275731330e-01 -6.870131755597956580e-02 4.423547808681325133e-01
4.864962482161414581e-01 -6.898972965557478854e-02 4.427093511644075718e-01
4.825383491196211794e-01 -6.927685871913059901e-02 4.430595905186504591e-01
4.785734699410168491e-01 -6.956322568460472644e-02 4.434054417118286073e-01
4.746020205828395122e-01 -6.984897159452879700e-02 4.437468570090664644e-01
4.706244216911333322e-01 -7.013416327792076910e-02 4.440837774084551159e-01
4.666407612932036986e-01 -7.051062266917806909e-02 4.444152408985284630e-01
4.626497018164988928e-01 -7.095421984783149838e-02 4.447416798692251927e-01
4.586523952768560286e-01 -7.145252054280784582e-02 4.450630246265460666e-01
4.546491884740520573e-01 -7.205080238608468912e-02 4.453787422002541962e-01
4.506393292310830190e-01 -7.286696595289401945e-02 4.456877908386104870e-01
4.466229509182969570e-01 -7.373859152719491883e-02 4.459917464572874524e-01
4.426018766109708902e-01 -7.477929828076272656e-02 4.462891452025448125e-01
4.385752216238758550e-01 -7.610810455046713996e-02 4.465791362836989964e-01
4.345432407511041761e-01 -7.766113840679657321e-02 4.468623311542261889e-01
4.305071527799089748e-01 -7.928149565960040945e-02 4.471397363047731610e-01
4.264684876778123135e-01 -8.089050030329371366e-02 4.474116989718129322e-01
4.224279319150392453e-01 -8.251746964721833055e-02 4.476778169228634585e-01
4.184265040503407640e-01 -8.421009295504459924e-02 4.462827106980953307e-01
4.145898519736808119e-01 -8.601647063400588711e-02 4.420658788779965875e-01
4.107297179321768854e-01 -8.787027008287455476e-02 4.377555134548997695e-01
4.068552039551557309e-01 -8.972296259931038243e-02 4.334414642417099839e-01
4.029707959380859905e-01 -9.124764648778134479e-02 4.291141833491753377e-01
3.990775373352357103e-01 -9.253242663461758166e-02 4.247750994047749806e-01
3.951718550263529917e-01 -9.378967697372180001e-02 4.204252943964487677e-01
3.912528311706050532e-01 -9.506953377208678113e-02 4.160656005180649597e-01
3.873206288857466983e-01 -9.636665337776315066e-02 4.116966685398363301e-01
3.833753724340742686e-01 -9.767499085410169535e-02 4.073192076863166866e-01
3.794258231506607015e-01 -9.979917487937484122e-02 4.029447754515938507e-01
3.756588162703748401e-01 -1.023762714054174267e-01 3.985755089790413153e-01
3.720454992958805995e-01 -1.053442119908817171e-01 3.942173714353465197e-01
3.686941045076229662e-01 -1.088289079825984773e-01 3.898857078679089927e-01
3.653465163604198707e-01 -1.123399249024416013e-01 3.855599512909217430e-01
3.622435085332701976e-01 -1.160966104206410804e-01 3.812672336065068279e-01
3.591495331686482273e-01 -1.198491956835636557e-01 3.769856865896542564e-01
3.560288303137041921e-01 -1.235873247285225462e-01 3.727162325406903620e-01
3.528709636545447892e-01 -1.273373562046962171e-01 3.684608084028917485e-01
3.496903166515621386e-01 -1.310675059689608291e-01 3.642206973523882674e-01
3.465181800247950084e-01 -1.347769273102081000e-01 3.600005958843938147e-01
3.433182126667640999e-01 -1.383271764693741190e-01 3.557901463745109516e-01
3.401048398443389797e-01 -1.418743920724894469e-01 3.516022224663574725e-01
3.368444982244249153e-01 -1.454348232650066741e-01 3.474346686352796088e-01
3.336930775475529520e-01 -1.491551857663921954e-01 3.433194545161331046e-01
3.310235812171838377e-01 -1.532282321656480983e-01 3.393256075239001190e-01
3.290888012720505906e-01 -1.576387248681986042e-01 3.354948546825491928e-01
3.271430293422704638e-01 -1.619893459144671199e-01 3.316816704358324097e-01
3.253143203379523785e-01 -1.662664533313091275e-01 3.279182443765820132e-01
3.237818071741577763e-01 -1.704232642838413025e-01 3.242279378182293392e-01
3.222057537340179412e-01 -1.735584102799471728e-01 3.204608643724398687e-01
3.207129179598076640e-01 -1.734715158658650391e-01 3.164492827117953433e-01
3.200408589006137894e-01 -1.733051912042969378e-01 3.126230597467877792e-01
3.197853911424718976e-01 -1.730706896499941694e-01 3.088807614439956217e-01
3.194834912637916080e-01 -1.728350994162858589e-01 3.051533857306356068e-01
3.191749404804083978e-01 -1.725872915733018542e-01 3.014532601189873207e-01
3.188562059445172459e-01 -1.723284120736430503e-01 2.977795159620908461e-01
3.185275160958837559e-01 -1.720580780330202286e-01 2.941329064166401386e-01
3.181887450940069084e-01 -1.717760323272363443e-01 2.905140481485474213e-01
3.178397735646494304e-01 -1.714819669721321937e-01 2.869236155950045108e-01
3.174804549911391938e-01 -1.711755416916058148e-01 2.833623294012457827e-01
3.171106178657149277e-01 -1.708563837280707709e-01 2.798309656742150597e-01
3.167300655635124085e-01 -1.705240902047708285e-01 2.763303634164691602e-01
3.163385774544000273e-01 -1.701782311428649275e-01 2.728614321267247012e-01
3.159359110728354181e-01 -1.698183534377933623e-01 2.694251591427322401e-01
3.155218055132911759e-01 -1.694439860159818456e-01 2.660226165362618578e-01
3.150959859770406379e-01 -1.690546456572092904e-01 2.626549669826153122e-01
3.144164502373794634e-01 -1.686838472572461112e-01 2.592720240282635480e-01
3.124907425257666960e-01 -1.698166046102685400e-01 2.558528874469416792e-01
3.097781565514907132e-01 -1.717671619380566062e-01 2.524181356656664543e-01
3.081914216182602972e-01 -1.722366902941485367e-01 2.490980048098411226e-01
3.077616557841961753e-01 -1.717189173960053938e-01 2.459676185038287277e-01
3.072406821989113190e-01 -1.712186960441322015e-01 2.428625912449051683e-01
3.067118471893546250e-01 -1.706993764972668526e-01 2.398055378733857101e-01
3.061689899854648234e-01 -1.701617108300283454e-01 2.367959426227702613e-01
3.056125052468648962e-01 -1.696055988840617645e-01 2.338359642281573059e-01
3.050423965038180918e-01 -1.690309753448257235e-01 2.309275201858144722e-01
3.044588048704081062e-01 -1.684378902622015173e-01 2.280725605218671959e-01
3.038619780428687411e-01 -1.678265037693524586e-01 2.252730130723920865e-01
3.032522811815313579e-01 -1.671970936575432332e-01 2.225307584926058124e-01
3.026302014887736758e-01 -1.665500588927824877e-01 2.198476006689184525e-01
3.019963507638886435e-01 -1.658859204883895988e-01 2.172252375534857727e-01
3.013514648413502806e-01 -1.652053196984808736e-01 2.146652321096397253e-01
3.006964003836330446e-01 -1.645090133691134437e-01 2.121689857143302937e-01
3.000321286174325031e-01 -1.637978664723681865e-01 2.097377130469765538e-01
2.993597196437787766e-01 -1.630728397311011491e-01 2.073724147800161122e-01
2.986803455731492085e-01 -1.623349830108352654e-01 2.050738726368740439e-01
2.979952627953399991e-01 -1.615854202553251295e-01 2.028426323220209881e-01
2.973057971659377463e-01 -1.608253335627026215e-01 2.006789940367618708e-01
2.966133302388808679e-01 -1.600559486551621224e-01 1.985830091774771211e-01
2.959192851612132968e-01 -1.592785194218104827e-01 1.965544820618528310e-01
2.952343303564019528e-01 -1.620092921436518951e-01 1.953355905286857097e-01
2.940493694405392211e-01 -1.650144571755406409e-01 1.940753786233771483e-01
2.927495938544084075e-01 -1.680536906853633272e-01 1.928723383940621483e-01
2.914219877439356288e-01 -1.710867175478573421e-01 1.917357765140795811e-01
2.900942860028103421e-01 -1.741056544054035427e-01 1.906664562180560851e-01
2.887500037525312924e-01 -1.771104625934112609e-01 1.896579850761182517e-01
2.874186351744013601e-01 -1.801032187906113635e-01 1.887116792104936436e-01
2.861008619253457286e-01 -1.830833493079869478e-01 1.878234502460850996e-01
2.848393213025243176e-01 -1.860517884184000048e-01 1.869952190151115412e-01
2.835983594466944258e-01 -1.890073741898501969e-01 1.862173159030645342e-01
2.823673972315604574e-01 -1.919549854105704612e-01 1.854851296383106807e-01
2.811567851000902341e-01 -1.948972706331959237e-01 1.847964160734735239e-01
2.802698111004906512e-01 -1.942152174912974150e-01 1.834044878779969578e-01
2.802787317620848984e-01 -1.941286549366326442e-01 1.837899376382397809e-01
2.801293295671629102e-01 -1.940707924131916118e-01 1.840576886052322780e-01
2.799995127367896908e-01 -1.940297733377703282e-01 1.843071251813591660e-01
2.798798556535083137e-01 -1.939927939104512666e-01 1.845345871028653550e-01
2.797706257162665411e-01 -1.939592214049780106e-01 1.847421801807252462e-01
2.796709202851238030e-01 -1.939286569621409828e-01 1.849316329893597177e-01
2.795799208406337111e-01 -1.939008196664980532e-01 1.851045375697432382e-01
2.794968722203403089e-01 -1.938754579967129910e-01 1.852623436343849295e-01
2.794210842043317045e-01 -1.938523450001143345e-01 1.854063733907277411e-01
2.793519259153596224e-01 -1.938312752045477372e-01 1.855378326845479320e-01
2.792888208653837023e-01 -1.938120624622274024e-01 1.856578213333615335e-01
2.792312423453937598e-01 -1.937945380348979896e-01 1.857673425147224888e-01
2.791786772381099069e-01 -1.937785973620090862e-01 1.858673120657824973e-01
2.791306876776510904e-01 -1.937640987310105256e-01 1.859585647052341695e-01
2.790868585444724048e-01 -1.937509341365301618e-01 1.860418618134636604e-01
2.790887848652597869e-01 -1.937347618076673272e-01 1.860702330211040922e-01
2.790938692263612020e-01 -1.937125820010123511e-01 1.860974447375782770e-01
2.790989945722773813e-01 -1.936898470263823113e-01 1.861235189161686010e-01
2.791035190366327745e-01 -1.936675920004428675e-01 1.861485411347522378e-01
2.791074612551926459e-01 -1.936458553980958397e-01 1.861725708779291000e-01
2.791108670902913702e-01 -1.936246307377095521e-01 1.861956618239551109e-01
2.791137831730499119e-01 -1.936039048110279048e-01 1.862178639680512338e-01
2.791162530691694843e-01 -1.935836639240218482e-01 1.862392240238904539e-01
2.791183169155932453e-01 -1.935638948431396278e-01 1.862597856850758959e-01
2.791200115960856265e-01 -1.935445849062718826e-01 1.862795898388776850e-01
2.791213709849189040e-01 -1.935257220007912948e-01 1.862986747639758522e-01
2.791224261844301169e-01 -1.935072945211963602e-01 1.863170763168550403e-01
2.791232057457143090e-01 -1.934892913316977880e-01 1.863348280998876338e-01
2.791237358720874973e-01 -1.934717017312618803e-01 1.863519616184491079e-01
2.791240406063448809e-01 -1.934545154186005644e-01 1.863685064302599836e-01
