4.314094557798375251e-01 -4.489080949752533890e-12 3.396152352421258347e-01
4.314094557798375251e-01 -4.489080949752533890e-12 3.396152352421258347e-01
4.314008948116202502e-01 -2.276544671575009248e-06 3.395946543594534628e-01
4.314103146740388972e-01 -4.538790536944620499e-06 3.395901912975214376e-01
4.314146602412237685e-01 -6.749215088787186890e-06 3.395808548006858940e-01
4.314157600793503411e-01 -8.864079935298260765e-06 3.395687026109843187e-01
4.314145157140669706e-01 -1.088465430913957018e-05 3.395547428689540959e-01
4.314116327325447919e-01 -1.280910766136265593e-05 3.395397540326857699e-01
4.314076467753790722e-01 -1.463515219913709567e-05 3.395243108637566176e-01
4.314029639069459909e-01 -1.635970100144829215e-05 3.395088398951114916e-01
4.313978814229803560e-01 -1.798137553916118254e-05 3.394936349770980022e-01
4.313926183194138897e-01 -1.949926042352605735e-05 3.394789021739747503e-01
4.313873346075813853e-01 -2.091265817251578208e-05 3.394647837376283395e-01
4.313821405260056530e-01 -2.222249548209321912e-05 3.394513623752062892e-01
4.313771121390017615e-01 -2.343035410863007406e-05 3.394386845942220510e-01
4.313723010564844418e-01 -2.453800343024192140e-05 3.394267732089217282e-01
4.313677349712448650e-01 -2.554901681833698137e-05 3.394156201858957722e-01
4.313634335138554210e-01 -2.646582958123414657e-05 3.394052180886631964e-01
4.313593986674061354e-01 -2.729322043727744497e-05 3.393955322631859728e-01
4.313556294281338244e-01 -2.803523704048942178e-05 3.393865319677845105e-01
4.313521231139115231e-01 -2.869490741288300612e-05 3.393781908433018968e-01
4.313488646897528089e-01 -2.927805579885842645e-05 3.393704590651458464e-01
4.313458441859700510e-01 -2.978855028322231299e-05 3.393633032723348819e-01
4.313430489542623980e-01 -3.023048950270718093e-05 3.393566870494951204e-01
4.313404645384233960e-01 -3.060834518416661909e-05 3.393505719261136755e-01
4.313380751343046104e-01 -3.092703754807076954e-05 3.393449177958261509e-01
4.313358718883305576e-01 -3.118897870106952151e-05 3.393397023395728906e-01
4.313338370003735878e-01 -3.139955755125112822e-05 3.393348826499333337e-01
4.313319603349639042e-01 -3.156177572379263317e-05 3.393304345239748221e-01
4.313302310991903310e-01 -3.167862945972092293e-05 3.393263326214119857e-01
4.313286342782443605e-01 -3.175493039307027268e-05 3.393225416125836280e-01
4.313271626948829707e-01 -3.179270205496675657e-05 3.393190449559250199e-01
4.313258048384306931e-01 -3.179550949165417767e-05 3.393158158677471170e-01
4.313245531821129908e-01 -3.176556188015713244e-05 3.393128370011729289e-01
4.313233961041842979e-01 -3.170688381097411072e-05 3.393100811974674169e-01
4.313223299113411735e-01 -3.162023169799093811e-05 3.393075401685253234e-01
4.313213467323380179e-01 -3.150796724541926543e-05 3.393051956782155432e-01
4.313204388420805446e-01 -3.137278810412468216e-05 3.393030296787767353e-01
4.313196023980999105e-01 -3.121555484667829856e-05 3.393010333611017337e-01
4.313188295929665239e-01 -3.103911846697896226e-05 3.392991884106492662e-01
4.313181166220833584e-01 -3.084454974005133068e-05 3.392974859693147494e-01
4.313174557735653392e-01 -3.063513044523722702e-05 3.392959078261523209e-01
4.313168470830363588e-01 -3.040983371521778001e-05 3.392944542256710605e-01
4.313162865455515416e-01 -3.016953048263441156e-05 3.392931158307315731e-01
4.313157666106968713e-01 -2.991804104899430607e-05 3.392918746762539906e-01
4.313152873243364938e-01 -2.965441476033932517e-05 3.392907309090314460e-01
4.313148447932252938e-01 -2.937990802628148579e-05 3.392896753543078181e-01
4.313144353085462956e-01 -2.909618323037217329e-05 3.392886991724163304e-01
4.313140552241301329e-01 -2.880515541866035938e-05 3.392877936559659524e-01
4.313137044628527761e-01 -2.850570262165149938e-05 3.392869586381002667e-01
4.313133793299515073e-01 -2.819967223568914405e-05 3.392861853371758607e-01
4.313130797213600709e-01 -2.788590581859987110e-05 3.392854734920795479e-01
4.313128020404919383e-01 -2.756654208829967056e-05 3.392848145315318087e-01
4.313125461602542732e-01 -2.724047933414846720e-05 3.392842081196498771e-01
4.313123086164866171e-01 -2.691023167735076386e-05 3.392836459852818787e-01
4.313120892757614788e-01 -2.657482652897140085e-05 3.392831277648294952e-01
4.313118878115350108e-01 -2.623283081897325567e-05 3.392826526970221801e-01
4.313117009537479896e-01 -2.588724575536408880e-05 3.392822129584475710e-01
4.313115257498789101e-01 -2.554195538653359618e-05 3.392818014174635022e-01
4.313113647874882162e-01 -2.519161483009231149e-05 3.392814242213784137e-01
4.313112149825221731e-01 -2.483944954231480156e-05 3.392810740488338417e-01
4.313110761450790753e-01 -2.448485753396873209e-05 3.392807503863581320e-01
4.313109479277908442e-01 -2.412682532375081131e-05 3.392804524028257274e-01
4.313108299323271666e-01 -2.376430300676000767e-05 3.392801791426360292e-01
4.313107196244787556e-01 -2.340178696941055495e-05 3.392799245331715730e-01
4.313106168247672345e-01 -2.303909404636604952e-05 3.392796880879554444e-01
4.313105212341247774e-01 -2.267556629815842707e-05 3.392794690887848130e-01
4.313104325309498055e-01 -2.231052534101022751e-05 3.392792667607112955e-01
4.313103503727447885e-01 -2.194332715870860159e-05 3.392790802794399263e-01
4.313102744022250246e-01 -2.157337085872637982e-05 3.392789087853100294e-01
4.313102042652678936e-01 -2.120010214166790299e-05 3.392787514047810316e-01
4.313101382557825159e-01 -2.082911925749563969e-05 3.392786040403467096e-01
4.313100774931644676e-01 -2.045457280966771411e-05 3.392784693240947225e-01
4.313100203903328933e-01 -2.008167514502882484e-05 3.392783434963873024e-01
4.313099668075814908e-01 -1.971074730345409286e-05 3.392782261829516144e-01
4.313099175517518535e-01 -1.933533272971054101e-05 3.392781193040503296e-01
4.313098713127874184e-01 -1.896079226255594234e-05 3.392780197604550740e-01
4.313098279552111114e-01 -1.858753222481378470e-05 3.392779271906893324e-01
4.313097880925938488e-01 -1.820908660098606447e-05 3.392778430498974984e-01
4.313097506637831313e-01 -1.783096751338573312e-05 3.392777648307484517e-01
4.313097155460436927e-01 -1.745365271950570025e-05 3.392776922075630974e-01
4.313096825847531623e-01 -1.707709763100583852e-05 3.392776248058386179e-01
4.313096516336480390e-01 -1.670121312050859799e-05 3.392775622717288941e-01
4.313096225548399554e-01 -1.632591618065436649e-05 3.392775042716703049e-01
4.313095956983760693e-01 -1.594467561655335948e-05 3.392774516286439779e-01
4.313095703951050353e-01 -1.556317338398397873e-05 3.392774027709027918e-01
4.313095465595382372e-01 -1.518196918940699892e-05 3.392773574691291261e-01
4.313095240855248647e-01 -1.480108315446597837e-05 3.392773154655498447e-01
4.313095028737640169e-01 -1.442048223109888841e-05 3.392772765196577778e-01
4.313094828317700635e-01 -1.404013239740903998e-05 3.392772404075304338e-01
4.313094638735501807e-01 -1.366000366342397803e-05 3.392772069209630814e-01
4.313094459192079455e-01 -1.328007004209068132e-05 3.392771758664980264e-01
4.313094288945508725e-01 -1.290030904704344121e-05 3.392771470644813103e-01
4.313094127307164904e-01 -1.252070121160430346e-05 3.392771203481556030e-01
4.313093973638137957e-01 -1.214122966629270382e-05 3.392770955627995577e-01
4.313093827345879649e-01 -1.176187977447172673e-05 3.392770725649108532e-01
4.313093687880988902e-01 -1.138263881925549687e-05 3.392770512214344225e-01
4.313093554734220292e-01 -1.100349573503832069e-05 3.392770314090386430e-01
4.313093427433679072e-01 -1.062444087390896102e-05 3.392770130134280526e-01
4.313093305542141098e-01 -1.024546580889412972e-05 3.392769959287105785e-01
4.313093188654619214e-01 -9.866563161755713683e-06 3.392769800567946858e-01
4.313093076396017911e-01 -9.487726457387254532e-06 3.392769653068315461e-01
4.313092968419010020e-01 -9.108949997909797385e-06 3.392769515946938430e-01
4.313092864402002791e-01 -8.730228754472113914e-06 3.392769388424891064e-01
4.313092764047290473e-01 -8.351558275501762152e-06 3.392769269781062413e-01
4.313092667079295173e-01 -7.972934607535225933e-06 3.392769159347945873e-01
4.313092573242942041e-01 -7.594354226814625734e-06 3.392769056507734526e-01
4.313092482302188779e-01 -7.215813981318938624e-06 3.392768960688654079e-01
4.313092394038594013e-01 -6.837311041364725064e-06 3.392768871361585004e-01
4.313092308250030538e-01 -6.458842856677416639e-06 3.392768788036941707e-01
4.313092224749489612e-01 -6.080407119346037882e-06 3.392768710261735987e-01
4.313092143363951303e-01 -5.702001732839962480e-06 3.392768637616877525e-01
4.313092063933364750e-01 -5.323624785291650981e-06 3.392768569714664229e-01
4.313091986309667281e-01 -4.945274526295174072e-06 3.392768506196457978e-01
4.313091910355911218e-01 -4.566949346475763496e-06 3.392768446730528020e-01
4.313091835945432329e-01 -4.188647761810504592e-06 3.392768391010043127e-01
4.313091762961075437e-01 -3.810368397241370087e-06 3.392768338751233625e-01
4.313091691294502206e-01 -3.432109976084715906e-06 3.392768289691661665e-01
4.313091620845524998e-01 -3.053871307491089683e-06 3.392768243588630828e-01
4.313091551521489042e-01 -2.675651278106651756e-06 3.392768200217732844e-01
4.313091483236743962e-01 -2.297448843953293291e-06 3.392768159371444825e-01
4.313091415575520116e-01 -1.912717719517190193e-06 3.392768119903728508e-01
4.313091349034677835e-01 -1.533833453493373130e-06 3.392768083419180347e-01
4.313091283398862719e-01 -1.155587103420392947e-06 3.392768049023345278e-01
4.313091218527417281e-01 -7.774228670023478760e-07 3.392768016475191661e-01
4.313091153937444466e-01 -3.927330154095423640e-07 3.392767984477996213e-01
4.313091090309171260e-01 -1.388942626057665942e-08 3.392767955075676189e-01
4.313091027359581275e-01 3.643186105403046976e-07 3.392767927215397661e-01
4.313090964967972729e-01 7.424469205095388421e-07 3.392767900702789996e-01
4.313090903084414451e-01 1.120556401047469676e-06 3.392767875426760393e-01
4.313090841180995949e-01 1.505202537324414039e-06 3.392767849974951400e-01
4.313090780100303778e-01 1.884004513564450099e-06 3.392767826778024798e-01
4.313090719500120018e-01 2.262173601737260839e-06 3.392767804644465923e-01
4.313090659277185046e-01 2.640265514179246144e-06 3.392767783420745920e-01
4.313090598867412861e-01 3.024890285293133385e-06 3.392767761617026534e-01
4.313090539202902307e-01 3.403671006820398612e-06 3.392767741878319754e-01
4.313090479908242014e-01 3.781820340949637471e-06 3.392767722935701724e-01
4.313090420889920118e-01 4.159894046738932460e-06 3.392767704658452566e-01
4.313090361562657016e-01 4.544502924329009072e-06 3.392767685506493658e-01
4.313090302924292851e-01 4.923268436420671505e-06 3.392767668281402305e-01
4.313090244575306098e-01 5.301403896451104676e-06 3.392767651658008532e-01
4.313090186429278106e-01 5.679465044464772314e-06 3.392767635522200842e-01
4.313090128463167860e-01 6.057512563928090575e-06 3.392767619828120362e-01
4.313090070080181082e-01 6.442104449137652231e-06 3.392767603000063081e-01
4.313090012336716628e-01 6.820854466005440482e-06 3.392767587977793542e-01
4.313089954812118210e-01 7.198976042536194026e-06 3.392767573386908930e-01
4.313089897426176655e-01 7.577024826675737155e-06 3.392767559127819466e-01
4.313089839564461236e-01 7.961613000332200257e-06 3.392767543591790891e-01
4.313089782314916687e-01 8.340359056587425327e-06 3.392767529794170622e-01
4.313089725244962924e-01 8.718477503296840012e-06 3.392767516332995115e-01
4.313089668277820254e-01 9.096524044285259986e-06 3.392767503116784766e-01
4.313089611398034373e-01 9.474559275454462468e-06 3.392767490118075435e-01
4.313089553989120084e-01 9.859142315827752412e-06 3.392767475715086634e-01
4.313089497168282049e-01 1.023788451336315595e-05 3.392767462991226890e-01
4.313089440492556270e-01 1.061600027256575767e-05 3.392767450520493000e-01
4.313089383888190631e-01 1.099404520989131000e-05 3.392767438218525222e-01
4.313089327342114476e-01 1.137207987406403186e-05 3.392767426063639791e-01
4.313089270231528216e-01 1.175666388015998999e-05 3.392767412419556705e-01
4.313089213692976598e-01 1.213540750794667464e-05 3.392767400414836709e-01
4.313089157276377983e-01 1.251352559290471441e-05 3.392767388607260126e-01
4.313089100910000862e-01 1.289157373516193456e-05 3.392767376917240618e-01
4.313089043960289803e-01 1.327616549222921200e-05 3.392767363691902016e-01
4.313088987573849287e-01 1.365491640749369085e-05 3.392767352083976840e-01
4.313088931296534256e-01 1.403304218127124172e-05 3.392767340642161566e-01
4.313088875057725646e-01 1.441109847480775533e-05 3.392767329289498868e-01
4.313088818846845252e-01 1.478914579420909123e-05 3.392767318010357913e-01
4.313088762034307799e-01 1.517374436609579211e-05 3.392767305153301938e-01
4.313088705777214926e-01 1.555250314674461474e-05 3.392767293894082270e-01
4.313088649617909387e-01 1.593063750843592519e-05 3.392767282773554993e-01
4.313088593486762434e-01 1.630870302985475376e-05 3.392767271717103683e-01
4.313088536745141588e-01 1.669331378349111778e-05 3.392767259060817664e-01
4.313088480554852500e-01 1.707208419807648459e-05 3.392767247991767543e-01
4.313088424456127390e-01 1.745023042633568706e-05 3.392767237046331874e-01
4.313088368379868198e-01 1.782830811050858233e-05 3.392767226151170989e-01
4.313088312316707418e-01 1.820637772137656104e-05 3.392767215293601146e-01
4.313088255633512613e-01 1.859099989767300782e-05 3.392767202814757077e-01
4.313088199497873698e-01 1.896978269651826215e-05 3.392767191913504399e-01
4.313088143448244316e-01 1.934794185513639663e-05 3.392767181122402498e-01
4.313088087416003247e-01 1.972603293651537608e-05 3.392767170369271890e-01
4.313088031392165456e-01 2.010411638635014846e-05 3.392767159642355868e-01
4.313087974742361719e-01 2.048875304110613709e-05 3.392767147280422724e-01
4.313087918637718565e-01 2.086755052598001278e-05 3.392767136489691637e-01
4.313087862615375134e-01 2.124572475130329395e-05 3.392767125800069117e-01
4.313087806607001640e-01 2.162383127174171118e-05 3.392767115140156720e-01
4.313087750603887272e-01 2.200193051890138806e-05 3.392767104498826125e-01
4.313087693970730774e-01 2.238658348726268950e-05 3.392767092213234137e-01
4.313087637881212189e-01 2.276539745603904468e-05 3.392767081494554859e-01
4.313087581871501985e-01 2.314358847505714468e-05 3.392767070870934543e-01
4.313087525873479100e-01 2.352171209117192435e-05 3.392767060271464907e-01
4.313087469878588709e-01 2.389982872502170456e-05 3.392767049685449510e-01
4.313087413250841773e-01 2.428449949566199154e-05 3.392767037448953804e-01
4.313087357165782398e-01 2.466333140764659948e-05 3.392767026776505324e-01
4.313087301158864961e-01 2.504154062145615408e-05 3.392767016195044061e-01
4.313087245162105510e-01 2.541968267717998906e-05 3.392767005634012567e-01
4.313087188531842253e-01 2.580437239564581660e-05 3.392766993420334720e-01
4.313087132443947369e-01 2.618322257328046778e-05 3.392766982769388484e-01
4.313087076433379519e-01 2.656145002229947348e-05 3.392766972207383325e-01
4.313087020432189722e-01 2.693961035076212300e-05 3.392766961663928882e-01
4.313086964431995241e-01 2.731776397552200425e-05 3.392766951128746156e-01
4.313086907795881664e-01 2.770247212496737980e-05 3.392766938936758736e-01
4.313086851701687929e-01 2.808134155675953396e-05 3.392766928305967489e-01
4.313086795683985786e-01 2.845958853253768606e-05 3.392766917762051193e-01
4.313086739674878989e-01 2.883776858657224320e-05 3.392766907234807672e-01
4.313086683666051413e-01 2.921594212082586939e-05 3.392766896714100033e-01
4.313086627020173980e-01 2.960067043635786305e-05 3.392766884534442196e-01
4.313086570916055407e-01 2.997956012709954412e-05 3.392766873915039061e-01
4.313086514887874978e-01 3.035782752057409605e-05 3.392766863381140863e-01
4.313086458867778639e-01 3.073602814660904504e-05 3.392766852862649785e-01
4.313086402847478018e-01 3.111422240077485316e-05 3.392766842349528300e-01
4.313086346189280440e-01 3.149897164127661494e-05 3.392766830176009996e-01
4.313086290072811746e-01 3.187788233459881655e-05 3.392766819562125225e-01
4.313086234031921484e-01 3.225617085887140756e-05 3.392766809032822239e-01
4.313086177998768367e-01 3.263439274084244454e-05 3.392766798518082605e-01
4.313086121965091224e-01 3.301260837079323128e-05 3.392766788007930412e-01
4.313086065292855986e-01 3.339737915023755860e-05 3.392766775836399962e-01
4.313086009162409584e-01 3.377631144743331007e-05 3.392766765224092262e-01
4.313085953107310688e-01 3.415462168001610611e-05 3.392766754695756282e-01
4.313085897059716345e-01 3.453286537097236388e-05 3.392766744181414107e-01
4.313085841011382038e-01 3.491110290747710725e-05 3.392766733671142010e-01
4.313085784323959504e-01 3.529589572230383055e-05 3.392766721498805538e-01
4.313085728178446820e-01 3.567485011009374714e-05 3.392766710885444237e-01
4.313085672108138424e-01 3.605318251738950285e-05 3.392766700355640541e-01
4.313085616045175263e-01 3.643144846514497458e-05 3.392766689839451510e-01
4.313085559981327255e-01 3.680970833660883614e-05 3.392766679326978396e-01
4.313085503277946930e-01 3.719452358924640542e-05 3.392766667151976279e-01
4.313085447116638549e-01 3.757350046044467270e-05 3.392766656535793901e-01
4.313085391030443416e-01 3.795185542010066947e-05 3.392766646002889908e-01
4.313085334951489713e-01 3.833014398658729548e-05 3.392766635483350224e-01
4.313085278871549577e-01 3.870842654024837586e-05 3.392766624967294420e-01
4.313085222151699649e-01 3.909326455500135273e-05 3.392766612788374880e-01
4.313085165974107626e-01 3.947226422827495885e-05 3.392766602168184042e-01
4.313085109871568901e-01 3.985064204508513363e-05 3.392766591631097839e-01
4.313085053776209432e-01 4.022895352280918106e-05 3.392766581107199420e-01
4.313084997679798027e-01 4.060725903930185559e-05 3.392766570586628894e-01
4.313084941581366571e-01 4.098556527947451651e-05 3.392766560068110615e-01
4.313084884842389721e-01 4.137042796169770827e-05 3.392766547886053585e-01
4.313084828645853963e-01 4.174945248368284274e-05 3.392766537262507098e-01
4.313084772524253263e-01 4.212785532590826996e-05 3.392766526721731624e-01
4.313084716409709141e-01 4.250619199306982155e-05 3.392766516193830295e-01
4.313084660293994843e-01 4.288452285562731553e-05 3.392766505668970423e-01
4.313084603537556405e-01 4.326940945662602328e-05 3.392766493480615653e-01
4.313084547323800533e-01 4.364845783722436974e-05 3.392766482850813059e-01
4.313084491185008584e-01 4.402688454323228160e-05 3.392766472303776482e-01
4.313084435053263221e-01 4.440524508507023220e-05 3.392766461769612385e-01
4.313084378920348794e-01 4.478359983382552832e-05 3.392766451238478087e-01
4.313084322146436000e-01 4.516851032422458846e-05 3.392766439043783389e-01
4.313084265915452797e-01 4.554758261029590011e-05 3.392766428407691937e-01
4.313084209759449061e-01 4.592603323241528738e-05 3.392766417854355399e-01
4.313084153610495797e-01 4.630441770048875609e-05 3.392766407313889121e-01
4.313084097460359589e-01 4.668279638514586966e-05 3.392766396776447091e-01
4.313084040668961339e-01 4.706773081159845425e-05 3.392766384575390259e-01
4.313083984420726380e-01 4.744682704814099050e-05 3.392766373932973312e-01
4.313083928247493093e-01 4.782530163035400507e-05 3.392766363373316274e-01
4.313083872081314718e-01 4.820371006654784279e-05 3.392766352826518395e-01
4.313083815913951735e-01 4.858211272703606281e-05 3.392766342282747538e-01
4.313083759744452683e-01 4.896051628922106375e-05 3.392766331740747487e-01
4.313083702933140362e-01 4.934547649813703860e-05 3.392766319534665787e-01
4.313083646665218929e-01 4.972459867552254763e-05 3.392766308887109616e-01
4.313083590472236439e-01 5.010309933069838172e-05 3.392766298322114626e-01
4.313083534286237253e-01 5.048153396077305116e-05 3.392766287769802269e-01
4.313083478098983514e-01 5.085996293074862220e-05 3.392766277220344295e-01
4.313083421269788831e-01 5.124494779373531316e-05 3.392766265006957882e-01
4.313083364984249268e-01 5.162409454950843971e-05 3.392766254352201916e-01
4.313083308773707492e-01 5.200261975867942276e-05 3.392766243780077629e-01
4.313083252570171222e-01 5.238107892581543302e-05 3.392766233220693151e-01
4.313083196365409266e-01 5.275953241647647396e-05 3.392766222664214681e-01
4.313083139518453235e-01 5.314454176378103126e-05 3.392766210443828867e-01
4.313083083215420444e-01 5.352371300641266223e-05 3.392766199782142889e-01
4.313083026987420410e-01 5.390226268980398443e-05 3.392766189203147986e-01
4.313082970766438651e-01 5.428074631836505415e-05 3.392766178636928975e-01
4.313082914544250634e-01 5.465922425814894966e-05 3.392766168073648170e-01
4.313082858319886026e-01 5.503770318312904307e-05 3.392766157512077108e-01
4.313082801452813309e-01 5.542273883400650658e-05 3.392766145286179036e-01
4.313082745129885320e-01 5.580193652717918156e-05 3.392766134618895868e-01
4.313082688881958449e-01 5.618051277318412366e-05 3.392766124034140018e-01
4.313082632640986569e-01 5.655902306511231169e-05 3.392766113462017952e-01
4.313082576398752366e-01 5.693752776413373322e-05 3.392766102892690316e-01
4.313082519513680158e-01 5.732258841278763535e-05 3.392766090659231071e-01
4.313082463173037451e-01 5.770181102013090398e-05 3.392766079984505523e-01
4.313082610230646319e-01 7.056791297022164326e-05 3.392766367758227042e-01
4.313080130489410080e-01 8.804978348903650363e-05 3.392763371262627614e-01
4.313076991163306562e-01 1.108383287831491690e-04 3.392759906025773486e-01
4.313077317362331575e-01 1.355169230917645067e-04 3.392760882487544372e-01
4.313077274039200937e-01 1.610986571216017698e-04 3.392761507668839438e-01
4.313077103391451117e-01 1.934839893468396320e-04 3.392761923872004148e-01
4.313077049222791559e-01 2.274623812265708989e-04 3.392762394850260543e-01
4.313076989068956868e-01 2.629085241102864859e-04 3.392762844792925336e-01
4.313076823469002008e-01 2.969567039442962673e-04 3.392763224210412765e-01
4.313076672298946646e-01 3.309388825777545540e-04 3.392763602498424236e-01
4.313076517888099759e-01 3.653869510260084746e-04 3.392763963644126468e-01
4.313076334334889350e-01 3.993729514980364458e-04 3.392764277211671176e-01
4.313076148754945160e-01 4.333340719704551576e-04 3.392764579039411199e-01
4.313075943515020660e-01 4.668082181773047616e-04 3.392764848850469694e-01
4.313075728624127247e-01 4.997868377762282755e-04 3.392765099991077449e-01
4.313075503784586928e-01 5.322607882012601226e-04 3.392765333354355595e-01
4.313075164849328735e-01 5.563908273603049726e-04 3.392765391583574819e-01
4.313074922505635289e-01 5.751745921926489959e-04 3.392765527144772641e-01
4.313074731025074438e-01 5.911238801458185707e-04 3.392765693276998951e-01
4.313074577144554445e-01 6.050860846256979559e-04 3.392765880567295000e-01
4.313074427757880858e-01 6.170189655491048562e-04 3.392766045604453384e-01
4.313074295778562273e-01 6.259896225927452347e-04 3.392766191108786966e-01
4.313074181395301632e-01 6.291473788622551928e-04 3.392766250483000845e-01
4.313074158750265230e-01 6.310820020600770843e-04 3.392766401751576844e-01
4.313074147412285786e-01 6.325830342524037947e-04 3.392766554000012369e-01
4.313074128197533219e-01 6.331050509789336572e-04 3.392766677739116887e-01
4.313074117458509105e-01 6.330758842429687555e-04 3.392766800157080986e-01
4.313074111630983976e-01 6.330206716719917687e-04 3.392766922121443485e-01
4.313074102688909117e-01 6.329828213792860168e-04 3.392767035847612522e-01
4.313074089247816989e-01 6.329741874761650325e-04 3.392767138875829591e-01
4.313074072089704281e-01 6.329888149150257777e-04 3.392767233350894029e-01
4.313074052192780172e-01 6.330190723425135630e-04 3.392767321544013503e-01
4.313074028948446492e-01 6.330712314891796290e-04 3.392767401799342553e-01
4.313074002380701821e-01 6.331458092109230927e-04 3.392767474286409457e-01
4.313073973349481616e-01 6.332357800613613212e-04 3.392767541115330188e-01
4.313073942017572326e-01 6.333404860405364087e-04 3.392767602538455107e-01
4.313073907710139321e-01 6.334669269649181910e-04 3.392767656881037763e-01
4.313073871167825701e-01 6.336086808613668750e-04 3.392767706090604740e-01
4.313073833275996027e-01 6.337580978395075454e-04 3.392767752203703635e-01
4.313073793442547266e-01 6.339215974845908465e-04 3.392767793615524274e-01
4.313073751637578890e-01 6.340998118539461050e-04 3.392767830378510818e-01
4.313073708626915526e-01 6.342857377563405593e-04 3.392767864375796916e-01
4.313073671996168756e-01 6.370366314452118777e-04 3.392767856014940464e-01
4.313073698148391366e-01 6.491555652231681840e-04 3.392768146214922842e-01
4.313071106227975848e-01 6.651382084764485749e-04 3.392765132344509604e-01
4.313067827420319911e-01 6.851046411979393267e-04 3.392761627705184191e-01
4.313064646360432186e-01 7.096058005690621942e-04 3.392758596234389801e-01
4.313064957302810143e-01 7.498838889589701457e-04 3.392760129817611880e-01
4.313064911540228641e-01 8.167621296681988781e-04 3.392761368338206851e-01
4.313064618904712266e-01 8.967909059640553600e-04 3.392762250818879832e-01
4.313064453105517337e-01 9.922044367895849724e-04 3.392763176253715263e-01
4.313064239319375770e-01 1.099688808373964263e-03 3.392764058933140925e-01
4.313064303620417483e-01 1.224950086623714319e-03 3.392765098531756451e-01
4.313064186674587241e-01 1.360289985816772818e-03 3.392766004761231247e-01
4.313064353084593017e-01 1.509595841032413061e-03 3.392767046425168020e-01
4.313064677221103427e-01 1.676174073477028608e-03 3.392768280996359409e-01
4.313066173450871288e-01 1.880142417310605571e-03 3.392770209172170648e-01
4.313067253152885194e-01 2.102936597560083141e-03 3.392771843349752237e-01
4.313072731081855071e-01 2.403022460806498312e-03 3.392775503817974658e-01
4.313077209494163289e-01 2.734365533768054815e-03 3.392778323291589793e-01
4.313083737211939606e-01 3.103740546148240579e-03 3.392781811644963175e-01
4.313090934587645586e-01 3.506547046969677763e-03 3.392785696292652808e-01
4.313097616590852446e-01 3.926016026430145453e-03 3.392789526486498231e-01
4.313106523740449783e-01 4.373883404357189510e-03 3.392794028697104780e-01
4.313113458067964756e-01 4.822754706671517587e-03 3.392797983113129967e-01
4.313119740662327839e-01 5.271688614324647644e-03 3.392802145253696611e-01
4.313125278295681375e-01 5.720602442931333083e-03 3.392806463980261311e-01
4.313130082160675505e-01 6.169495785408609344e-03 3.392810949902026474e-01
4.313134150206593409e-01 6.618368315640082988e-03 3.392815601885913468e-01
4.313137483168849595e-01 7.067224427683174888e-03 3.392820422662309321e-01
4.313140079960424700e-01 7.516065140045576423e-03 3.392825411531593116e-01
4.313141939871009689e-01 7.964891743089654030e-03 3.392830568360051813e-01
4.313143061556907742e-01 8.413703708602521952e-03 3.392835892358164740e-01
4.313143446042470019e-01 8.862503944646651574e-03 3.392841385351528793e-01
4.313143093062553057e-01 9.311293406801490063e-03 3.392847048376189667e-01
4.313142004424773690e-01 9.760069119563247880e-03 3.392852884225514565e-01
4.313140176900719935e-01 1.020883253451356637e-02 3.392858889337090345e-01
4.313137609990727039e-01 1.065758631543236787e-02 3.392865063150753979e-01
4.313134302469858739e-01 1.110632785694516331e-02 3.392871403371961470e-01
4.313130251524942005e-01 1.155505505684626538e-02 3.392877904075769502e-01
4.313125464804806741e-01 1.200377858375093441e-02 3.392884583853901237e-01
4.313119932604456697e-01 1.245248838603102946e-02 3.392891421955046560e-01
4.313113660232665847e-01 1.290118879757676251e-02 3.392898430271537036e-01
4.313106647306702568e-01 1.334988186769900213e-02 3.392905608047240285e-01
4.313098894013517315e-01 1.379856564439645855e-02 3.392912956838938787e-01
4.313090398669170988e-01 1.424723975362745740e-02 3.392920473501423451e-01
4.313081162006384695e-01 1.469590669337921159e-02 3.392928159403837962e-01
4.313071184878314313e-01 1.514456619131591443e-02 3.392936016499509266e-01
4.313060464176932118e-01 1.559321530801172258e-02 3.392944039100566633e-01
4.313048997098957726e-01 1.604185161666986728e-02 3.392952219787715440e-01
4.313036789685244510e-01 1.649048039943718999e-02 3.392960572168304267e-01
4.313023838228648432e-01 1.693910014081114607e-02 3.392969090890568529e-01
4.313010145275564255e-01 1.738771199492361239e-02 3.392977779864671528e-01
4.312995709485181184e-01 1.783631499807777562e-02 3.392986638307837755e-01
4.312980532121163391e-01 1.828491066488694555e-02 3.392995667271931914e-01
4.312964614256737939e-01 1.873349843001995141e-02 3.393004869459581574e-01
4.312947951581938555e-01 1.918207608956863652e-02 3.393014235739232887e-01
4.312930547337551768e-01 1.963064611709661872e-02 3.393023773135956933e-01
4.312912394639573654e-01 2.007920355866684228e-02 3.393033465426568696e-01
4.312893500405291514e-01 2.052775273656361546e-02 3.393043329316828283e-01
4.312873863366866178e-01 2.097629309406917261e-02 3.393053362752346258e-01
4.312857141116703263e-01 2.142602803867124650e-02 3.393062867918237857e-01
4.312839326503495330e-01 2.187579094709530061e-02 3.393072535692103764e-01
4.312820858539481161e-01 2.232554495879859532e-02 3.393082362185581569e-01
4.312801697864073747e-01 2.277528355663252860e-02 3.393092337728840779e-01
4.312781854106358392e-01 2.322501089661382218e-02 3.393102476180761551e-01
4.312761321768656675e-01 2.367472295997154197e-02 3.393112765778912299e-01
4.312740104445667577e-01 2.412442210027794867e-02 3.393123212977707248e-01
4.312718202220052754e-01 2.457410901668595146e-02 3.393133818836051585e-01
4.312695616772168616e-01 2.502378475827260820e-02 3.393144585290911452e-01
4.312672339704218816e-01 2.547344437366102360e-02 3.393155491902081766e-01
4.312648375176422744e-01 2.592309038461211232e-02 3.393166549261889542e-01
4.312623725914284112e-01 2.637272391461654986e-02 3.393177764020873233e-01
4.312598395675149576e-01 2.682235006248168477e-02 3.393189144276349545e-01
4.312572374681776788e-01 2.727196033688612797e-02 3.393200672617533442e-01
4.312545672390390994e-01 2.772156017914253687e-02 3.393212364045398721e-01
4.312518285759523451e-01 2.817115000049050938e-02 3.393224213463679750e-01
4.312490204568571461e-01 2.862072292061067919e-02 3.393236196118399883e-01
4.312461441187577238e-01 2.907028543442545868e-02 3.393248340603700619e-01
4.312431988509196623e-01 2.951983425383324089e-02 3.393260633375718149e-01
4.312401851732213798e-01 2.996937122693123928e-02 3.393273086225142010e-01
4.312371032111648184e-01 3.041889798061890235e-02 3.393285700399884530e-01
4.312339519336372273e-01 3.086840907069536219e-02 3.393298451286002049e-01
4.312307322403627907e-01 3.131790823759320747e-02 3.393311359368669233e-01
4.312274436805349498e-01 3.176739287672796647e-02 3.393324418258913400e-01
4.312240866670815076e-01 3.221686611256495414e-02 3.393337635256497564e-01
4.312206615414180821e-01 3.266632910481420682e-02 3.393351016869919357e-01
4.312171669051901302e-01 3.311577634135376424e-02 3.393364531307320742e-01
4.312136040227401712e-01 3.356521176098780507e-02 3.393378206186693502e-01
4.312099719725929758e-01 3.401463175913162912e-02 3.393392028058156429e-01
4.312062716721209443e-01 3.446404021168705117e-02 3.393406010923455951e-01
4.312025030819299221e-01 3.491343811968277561e-02 3.393420155484691003e-01
4.311986650733215520e-01 3.536281986295255336e-02 3.393434434281871748e-01
4.311947596350843570e-01 3.581219326213089249e-02 3.393448897332853043e-01
4.311907845111003224e-01 3.626154886007441902e-02 3.393463491097876150e-01
4.311867408429440607e-01 3.671089051000166192e-02 3.393478239150163889e-01
4.311826291179244319e-01 3.716022113170631969e-02 3.393493152155633297e-01
4.311784474617675333e-01 3.760953288269707623e-02 3.393508191142826647e-01
4.311741975773202284e-01 3.805883294134584927e-02 3.393523392457449273e-01
4.311698788630261014e-01 3.850811718635929054e-02 3.393538743836128635e-01
4.311654918125634173e-01 3.895738998518410295e-02 3.393554256680485492e-01
4.311610352015637915e-01 3.940664414563731233e-02 3.393569904125598446e-01
4.311565102829125196e-01 3.985588451324496156e-02 3.393585712128613374e-01
4.311519162919416615e-01 4.030510911022654186e-02 3.393601666353399660e-01
4.311472539572336893e-01 4.075432116822336887e-02 3.393617783439839553e-01
4.311425231813881265e-01 4.120351916548484900e-02 3.393634059505534761e-01
4.311377241156065798e-01 4.165270449550889653e-02 3.393650498525560000e-01
4.311328560058564907e-01 4.210187320615409873e-02 3.393667085016966456e-01
4.311279184514206220e-01 4.255102380534263318e-02 3.393683804441111618e-01
4.311229127967722841e-01 4.300016098964856703e-02 3.393700690336421966e-01
4.311178385192218077e-01 4.344928398569949252e-02 3.393717731417831840e-01
4.311126946528625603e-01 4.389838774440754654e-02 3.393734903897691613e-01
4.311074820643190919e-01 4.434747493223560599e-02 3.393752229729923298e-01
4.311022013310377710e-01 4.479654838448567100e-02 3.393769721948635132e-01
4.310968518973883334e-01 4.524560664782006220e-02 3.393787370627132649e-01
4.310914327010511582e-01 4.569464554387000360e-02 3.393805145287821512e-01
4.310859448685365747e-01 4.614366725919640672e-02 3.393823074565695541e-01
4.310803884688530485e-01 4.659267356752051781e-02 3.393841162411667112e-01
4.310747634886684110e-01 4.704166442108736329e-02 3.393859409761577073e-01
4.310690698321102965e-01 4.749063864606457852e-02 3.393877811020897250e-01
4.310633062615801259e-01 4.793959168850119718e-02 3.393896337519467510e-01
4.310574749798162242e-01 4.838853037676919822e-02 3.393915038824294461e-01
4.310515747609309778e-01 4.883745320505405302e-02 3.393933892369248029e-01
4.310456044675545217e-01 4.928635351788222124e-02 3.393952866134499757e-01
4.310395663001371780e-01 4.973523913003011915e-02 3.393972008583596156e-01
4.310334589082704948e-01 5.018410640674656614e-02 3.393991301737998567e-01
4.310272831070223187e-01 5.063295628654345543e-02 3.394010752329123526e-01
4.310210374846264458e-01 5.108178517612343983e-02 3.394030332149417517e-01
4.310147234147271300e-01 5.153059736772185040e-02 3.394050071051242790e-01
4.310083411174188694e-01 5.197939359589109909e-02 3.394069975508167136e-01
4.310018896625570917e-01 5.242817057173973505e-02 3.394090029232800232e-01
4.309953681398182024e-01 5.287692534287173618e-02 3.394110203633410316e-01
4.309887787160323058e-01 5.332566343331650999e-02 3.394130548980383577e-01
4.309821201840092209e-01 5.377438190056600675e-02 3.394151043825205938e-01
4.309753931789369052e-01 5.422308289811653137e-02 3.394171697984033065e-01
4.309685963674410591e-01 5.467176137932285018e-02 3.394192482279839163e-01
4.309617313771674785e-01 5.512042294803898984e-02 3.394213432383589857e-01
4.309547960761251906e-01 5.556906090695721417e-02 3.394234497582430676e-01
4.309477923344482986e-01 5.601767948368958222e-02 3.394255724805930741e-01
4.309407200789617809e-01 5.646628068790592730e-02 3.394277115260871946e-01
4.309335791591748510e-01 5.691486271876777109e-02 3.394298661178328236e-01
4.309263682668413309e-01 5.736342209651985186e-02 3.394320332515670668e-01
4.309190891205329499e-01 5.781196232403919971e-02 3.394342168147734262e-01
4.309117407874585304e-01 5.826048270036479626e-02 3.394364152249227939e-01
4.309043223137481449e-01 5.870897752094125094e-02 3.394386257441340815e-01
4.308968358970297619e-01 5.915745488342430414e-02 3.394408534087238194e-01
4.308892800802610612e-01 5.960591045945137778e-02 3.394430956187701742e-01
4.308816545280560462e-01 6.005434326112508991e-02 3.394453507368815903e-01
4.308739608171423541e-01 6.050275653216886235e-02 3.394476226765361648e-01
4.308661980993800933e-01 6.095114919022836392e-02 3.394499096125558890e-01
4.308583664403099478e-01 6.139952036908624677e-02 3.394522120415550126e-01
4.308504651139939967e-01 6.184786852068402396e-02 3.394545275847080101e-01
4.308424949210720722e-01 6.229619434379248671e-02 3.394568583534885997e-01
4.308344560560342096e-01 6.274449979832795454e-02 3.394592050465017330e-01
4.308263474128181669e-01 6.319278160131505673e-02 3.394615648008644238e-01
4.308181699804281006e-01 6.364104060314292044e-02 3.394639399914132216e-01
4.308099235422128137e-01 6.408927915537046549e-02 3.394663304361303924e-01
4.308016069525523739e-01 6.453749062707672679e-02 3.394687328609137245e-01
4.307932222979999892e-01 6.498568226691496530e-02 3.394711521753937533e-01
4.307847686494933326e-01 6.543385180467843620e-02 3.394735874113754548e-01
4.307762450710490021e-01 6.588199713010420289e-02 3.394760350416856087e-01
4.307676530580729635e-01 6.633012008913795332e-02 3.394784991301096344e-01
4.307589905880846448e-01 6.677821594968696983e-02 3.394809745742996543e-01
4.307502599184782066e-01 6.722629078437374062e-02 3.394834671078186816e-01
4.307414599668249466e-01 6.767434293473946483e-02 3.394859743968195454e-01
4.307236299765244691e-01 6.812237768805749771e-02 3.394882900915176527e-01
4.306980000337187198e-01 6.857070354105813947e-02 3.394904585713339751e-01
4.306689341337651133e-01 6.901929418423180529e-02 3.394925745614729151e-01
4.306365786910550941e-01 6.946799945317705394e-02 3.394946368715676122e-01
4.306004285270425558e-01 6.991681011726857964e-02 3.394966371690660845e-01
4.305590324438925420e-01 7.036574142980245306e-02 3.394985417894996749e-01
4.305139827501963112e-01 7.081484346303164312e-02 3.395003882849393917e-01
4.304641700607599319e-01 7.126406990537849373e-02 3.395021512784980322e-01
4.304131608813896448e-01 7.171345102346531053e-02 3.395039113228625616e-01
4.303596767315879257e-01 7.216286768156404685e-02 3.395056364233782209e-01
4.303072990514177354e-01 7.261234912111555473e-02 3.395074070852932557e-01
4.302532584760830336e-01 7.306177277206293841e-02 3.395091566092813817e-01
4.301977802406454776e-01 7.351123504670772912e-02 3.395108967077948292e-01
4.301423336378445983e-01 7.396073132784795889e-02 3.395126580686897433e-01
4.300858088292720538e-01 7.441020614433976887e-02 3.395144131225357742e-01
4.300292883908277686e-01 7.485969364512991275e-02 3.395161868311337705e-01
4.299726863860645065e-01 7.530915896357973094e-02 3.395179770213200277e-01
4.299160116318767599e-01 7.575860552796614966e-02 3.395197850019800456e-01
4.298592631501217398e-01 7.620803127468887828e-02 3.395216101530924013e-01
4.298039309622903037e-01 7.665743230977394018e-02 3.395234849932085575e-01
4.297469180577124237e-01 7.710675448684656264e-02 3.395253370990596320e-01
4.296894649009405653e-01 7.755611341249024626e-02 3.395272006867687264e-01
4.296265058151204630e-01 7.800547151827649794e-02 3.395289597023485317e-01
4.295629081191350007e-01 7.845501668778656623e-02 3.395307297519401524e-01
4.294948088393444330e-01 7.890457903814755702e-02 3.395324173554706837e-01
4.294220192991315965e-01 7.935429725589530914e-02 3.395340254712374550e-01
4.293414459576513353e-01 7.980301686062186983e-02 3.395356181360481562e-01
4.292462575599727548e-01 8.025209824601027553e-02 3.395368768844653218e-01
4.291491773781055952e-01 8.070168330607056795e-02 3.395381318621550903e-01
4.290477397404971471e-01 8.115137799714865208e-02 3.395393025006470111e-01
4.289348099470598474e-01 8.160129059091865422e-02 3.395402238207840817e-01
4.288138747207538848e-01 8.205168885824985769e-02 3.395409891058169261e-01
4.286836795760275987e-01 8.250246538162317456e-02 3.395415611404796752e-01
4.285425361749790607e-01 8.295474742061634266e-02 3.395418917972962136e-01
4.283826148512719922e-01 8.340779311441581800e-02 3.395417245799988160e-01
4.282088068236004630e-01 8.386143160889052151e-02 3.395414338056225168e-01
4.280220642900099959e-01 8.431564700818210134e-02 3.395408853029981411e-01
4.278292782196192467e-01 8.477038147745731556e-02 3.395402385897252628e-01
4.276194372835218083e-01 8.522563991005938089e-02 3.395392285099699814e-01
4.274063830235786399e-01 8.568141184547091449e-02 3.395381984840776801e-01
4.271919749061552363e-01 8.613734150851122540e-02 3.395371505326892914e-01
4.269726116042725783e-01 8.659334439790097870e-02 3.395360122464629038e-01
4.267540280951260256e-01 8.704953372327943473e-02 3.395348997929763524e-01
4.265298311685575827e-01 8.750571803577293639e-02 3.395336793463564207e-01
4.263034936244838868e-01 8.796212828610591727e-02 3.395324233988089579e-01
4.260737507048993344e-01 8.841864481759847960e-02 3.395311028983085677e-01
4.258407064856603030e-01 8.887531136579900071e-02 3.395297268955042025e-01
4.256063314158632371e-01 8.933211716798593327e-02 3.395283258734384524e-01
4.253719642056612016e-01 8.978897308245149811e-02 3.395269339771825323e-01
