4.314094557798375251e-01 -4.489080949752533890e-12 3.396152352421258347e-01
4.314094557798375251e-01 -4.489080949752533890e-12 3.396152352421258347e-01
4.314008948116202502e-01 -2.276544671575009248e-06 3.395946543594534628e-01
4.314103146740388972e-01 -4.538790536944620499e-06 3.395901912975214376e-01
4.314146602412237685e-01 -6.749215088787186890e-06 3.395808548006858940e-01
4.314157600793503411e-01 -8.864079935298260765e-06 3.395687026109843187e-01
4.314145157140669706e-01 -1.088465430913957018e-05 3.395547428689540959e-01
4.314116327325447919e-01 -1.280910766136265593e-05 3.395397540326857699e-01
4.314076467753790722e-01 -1.463515219913709567e-05 3.395243108637566176e-01
4.314029639069459909e-01 -1.635970100144829215e-05 3.395088398951114916e-01
4.313978814229803560e-01 -1.798137553916118254e-05 3.394936349770980022e-01
4.313926183194138897e-01 -1.949926042352605735e-05 3.394789021739747503e-01
4.313873346075813853e-01 -2.091265817251578208e-05 3.394647837376283395e-01
4.313821405260056530e-01 -2.222249548209321912e-05 3.394513623752062892e-01
4.313771121390017615e-01 -2.343035410863007406e-05 3.394386845942220510e-01
4.313723010564844418e-01 -2.453800343024192140e-05 3.394267732089217282e-01
4.313677349712448650e-01 -2.554901681833698137e-05 3.394156201858957722e-01
4.313634335138554210e-01 -2.646582958123414657e-05 3.394052180886631964e-01
4.313593986674061354e-01 -2.729322043727744497e-05 3.393955322631859728e-01
4.313556294281338244e-01 -2.803523704048942178e-05 3.393865319677845105e-01
4.313521231139115231e-01 -2.869490741288300612e-05 3.393781908433018968e-01
4.313488646897528089e-01 -2.927805579885842645e-05 3.393704590651458464e-01
4.313458441859700510e-01 -2.978855028322231299e-05 3.393633032723348819e-01
4.313430489542623980e-01 -3.023048950270718093e-05 3.393566870494951204e-01
4.313404645384233960e-01 -3.060834518416661909e-05 3.393505719261136755e-01
4.313380751343046104e-01 -3.092703754807076954e-05 3.393449177958261509e-01
4.313358718883305576e-01 -3.118897870106952151e-05 3.393397023395728906e-01
4.313338370003735878e-01 -3.139955755125112822e-05 3.393348826499333337e-01
4.313319603349639042e-01 -3.156177572379263317e-05 3.393304345239748221e-01
4.313302310991903310e-01 -3.167862945972092293e-05 3.393263326214119857e-01
4.313286342782443605e-01 -3.175493039307027268e-05 3.393225416125836280e-01
4.313271626948829707e-01 -3.179270205496675657e-05 3.393190449559250199e-01
4.313258048384306931e-01 -3.179550949165417767e-05 3.393158158677471170e-01
4.313245531821129908e-01 -3.176556188015713244e-05 3.393128370011729289e-01
4.313233961041842979e-01 -3.170688381097411072e-05 3.393100811974674169e-01
4.313223299113411735e-01 -3.162023169799093811e-05 3.393075401685253234e-01
4.313213467323380179e-01 -3.150796724541926543e-05 3.393051956782155432e-01
4.313204388420805446e-01 -3.137278810412468216e-05 3.393030296787767353e-01
4.313196023980999105e-01 -3.121555484667829856e-05 3.393010333611017337e-01
4.313188295929665239e-01 -3.103911846697896226e-05 3.392991884106492662e-01
4.313181166220833584e-01 -3.084454974005133068e-05 3.392974859693147494e-01
4.313174557735653392e-01 -3.063513044523722702e-05 3.392959078261523209e-01
4.313168470830363588e-01 -3.040983371521778001e-05 3.392944542256710605e-01
4.313162865455515416e-01 -3.016953048263441156e-05 3.392931158307315731e-01
4.313157666106968713e-01 -2.991804104899430607e-05 3.392918746762539906e-01
4.313152873243364938e-01 -2.965441476033932517e-05 3.392907309090314460e-01
4.313148447932252938e-01 -2.937990802628148579e-05 3.392896753543078181e-01
4.313144353085462956e-01 -2.909618323037217329e-05 3.392886991724163304e-01
4.313140552241301329e-01 -2.880515541866035938e-05 3.392877936559659524e-01
4.313137044628527761e-01 -2.850570262165149938e-05 3.392869586381002667e-01
4.313133793299515073e-01 -2.819967223568914405e-05 3.392861853371758607e-01
4.313130797213600709e-01 -2.788590581859987110e-05 3.392854734920795479e-01
4.313128020404919383e-01 -2.756654208829967056e-05 3.392848145315318087e-01
4.313125461602542732e-01 -2.724047933414846720e-05 3.392842081196498771e-01
4.313123086164866171e-01 -2.691023167735076386e-05 3.392836459852818787e-01
4.313120892757614788e-01 -2.657482652897140085e-05 3.392831277648294952e-01
4.313118878115350108e-01 -2.623283081897325567e-05 3.392826526970221801e-01
4.313117009537479896e-01 -2.588724575536408880e-05 3.392822129584475710e-01
4.313115257498789101e-01 -2.554195538653359618e-05 3.392818014174635022e-01
4.313113647874882162e-01 -2.519161483009231149e-05 3.392814242213784137e-01
4.313112149825221731e-01 -2.483944954231480156e-05 3.392810740488338417e-01
4.313110761450790753e-01 -2.448485753396873209e-05 3.392807503863581320e-01
4.313109479277908442e-01 -2.412682532375081131e-05 3.392804524028257274e-01
4.313108299323271666e-01 -2.376430300676000767e-05 3.392801791426360292e-01
4.313107196244787556e-01 -2.340178696941055495e-05 3.392799245331715730e-01
4.313106168247672345e-01 -2.303909404636604952e-05 3.392796880879554444e-01
4.313105212341247774e-01 -2.267556629815842707e-05 3.392794690887848130e-01
4.313104325309498055e-01 -2.231052534101022751e-05 3.392792667607112955e-01
4.313103503727447885e-01 -2.194332715870860159e-05 3.392790802794399263e-01
4.313102744022250246e-01 -2.157337085872637982e-05 3.392789087853100294e-01
4.313102042652678936e-01 -2.120010214166790299e-05 3.392787514047810316e-01
4.313101382557825159e-01 -2.082911925749563969e-05 3.392786040403467096e-01
4.313100774931644676e-01 -2.045457280966771411e-05 3.392784693240947225e-01
4.313100203903328933e-01 -2.008167514502882484e-05 3.392783434963873024e-01
4.313099668075814908e-01 -1.971074730345409286e-05 3.392782261829516144e-01
4.313099175517518535e-01 -1.933533272971054101e-05 3.392781193040503296e-01
4.313098713127874184e-01 -1.896079226255594234e-05 3.392780197604550740e-01
4.313098279552111114e-01 -1.858753222481378470e-05 3.392779271906893324e-01
4.313097880925938488e-01 -1.820908660098606447e-05 3.392778430498974984e-01
4.313097506637831313e-01 -1.783096751338573312e-05 3.392777648307484517e-01
4.313097155460436927e-01 -1.745365271950570025e-05 3.392776922075630974e-01
4.313096825847531623e-01 -1.707709763100583852e-05 3.392776248058386179e-01
4.313096516336480390e-01 -1.670121312050859799e-05 3.392775622717288941e-01
4.313096225548399554e-01 -1.632591618065436649e-05 3.392775042716703049e-01
4.313095956983760693e-01 -1.594467561655335948e-05 3.392774516286439779e-01
4.313095703951050353e-01 -1.556317338398397873e-05 3.392774027709027918e-01
4.313095465595382372e-01 -1.518196918940699892e-05 3.392773574691291261e-01
4.313095240855248647e-01 -1.480108315446597837e-05 3.392773154655498447e-01
4.313095028737640169e-01 -1.442048223109888841e-05 3.392772765196577778e-01
4.313094828317700635e-01 -1.404013239740903998e-05 3.392772404075304338e-01
4.313094638735501807e-01 -1.366000366342397803e-05 3.392772069209630814e-01
4.313094459192079455e-01 -1.328007004209068132e-05 3.392771758664980264e-01
4.313094288945508725e-01 -1.290030904704344121e-05 3.392771470644813103e-01
4.313094127307164904e-01 -1.252070121160430346e-05 3.392771203481556030e-01
4.313093973638137957e-01 -1.214122966629270382e-05 3.392770955627995577e-01
4.313093827345879649e-01 -1.176187977447172673e-05 3.392770725649108532e-01
4.313093687880988902e-01 -1.138263881925549687e-05 3.392770512214344225e-01
4.313093554734220292e-01 -1.100349573503832069e-05 3.392770314090386430e-01
4.313093427433679072e-01 -1.062444087390896102e-05 3.392770130134280526e-01
4.313093305542141098e-01 -1.024546580889412972e-05 3.392769959287105785e-01
4.313093188654619214e-01 -9.866563161755713683e-06 3.392769800567946858e-01
4.313093076396017911e-01 -9.487726457387254532e-06 3.392769653068315461e-01
4.313092968419010020e-01 -9.108949997909797385e-06 3.392769515946938430e-01
4.313092864402002791e-01 -8.730228754472113914e-06 3.392769388424891064e-01
4.313092764047290473e-01 -8.351558275501762152e-06 3.392769269781062413e-01
4.313092667079295173e-01 -7.972934607535225933e-06 3.392769159347945873e-01
4.313092573242942041e-01 -7.594354226814625734e-06 3.392769056507734526e-01
4.313092482302188779e-01 -7.215813981318938624e-06 3.392768960688654079e-01
4.313092394038594013e-01 -6.837311041364725064e-06 3.392768871361585004e-01
4.313092308250030538e-01 -6.458842856677416639e-06 3.392768788036941707e-01
4.313092224749489612e-01 -6.080407119346037882e-06 3.392768710261735987e-01
4.313092143363951303e-01 -5.702001732839962480e-06 3.392768637616877525e-01
4.313092063933364750e-01 -5.323624785291650981e-06 3.392768569714664229e-01
4.313091986309667281e-01 -4.945274526295174072e-06 3.392768506196457978e-01
4.313091910355911218e-01 -4.566949346475763496e-06 3.392768446730528020e-01
4.313091835945432329e-01 -4.188647761810504592e-06 3.392768391010043127e-01
4.313091762961075437e-01 -3.810368397241370087e-06 3.392768338751233625e-01
4.313091691294502206e-01 -3.432109976084715906e-06 3.392768289691661665e-01
4.313091620845524998e-01 -3.053871307491089683e-06 3.392768243588630828e-01
4.313091551521489042e-01 -2.675651278106651756e-06 3.392768200217732844e-01
4.313091483236743962e-01 -2.297448843953293291e-06 3.392768159371444825e-01
4.313091415575520116e-01 -1.912717719517190193e-06 3.392768119903728508e-01
4.313091349034677835e-01 -1.533833453493373130e-06 3.392768083419180347e-01
4.313091283398862719e-01 -1.155587103420392947e-06 3.392768049023345278e-01
4.313091218527417281e-01 -7.774228670023478760e-07 3.392768016475191661e-01
4.313091153937444466e-01 -3.927330154095423640e-07 3.392767984477996213e-01
4.313091090309171260e-01 -1.388942626057665942e-08 3.392767955075676189e-01
4.313091027359581275e-01 3.643186105403046976e-07 3.392767927215397661e-01
4.313090964967972729e-01 7.424469205095388421e-07 3.392767900702789996e-01
4.313090903084414451e-01 1.120556401047469676e-06 3.392767875426760393e-01
4.313090841180995949e-01 1.505202537324414039e-06 3.392767849974951400e-01
4.313090780100303778e-01 1.884004513564450099e-06 3.392767826778024798e-01
4.313090719500120018e-01 2.262173601737260839e-06 3.392767804644465923e-01
4.313090659277185046e-01 2.640265514179246144e-06 3.392767783420745920e-01
4.313090598867412861e-01 3.024890285293133385e-06 3.392767761617026534e-01
4.313090539202902307e-01 3.403671006820398612e-06 3.392767741878319754e-01
4.313090479908242014e-01 3.781820340949637471e-06 3.392767722935701724e-01
4.313090420889920118e-01 4.159894046738932460e-06 3.392767704658452566e-01
4.313090361562657016e-01 4.544502924329009072e-06 3.392767685506493658e-01
4.313090302924292851e-01 4.923268436420671505e-06 3.392767668281402305e-01
4.313090244575306098e-01 5.301403896451104676e-06 3.392767651658008532e-01
4.313090186429278106e-01 5.679465044464772314e-06 3.392767635522200842e-01
4.313090128463167860e-01 6.057512563928090575e-06 3.392767619828120362e-01
4.313090070080181082e-01 6.442104449137652231e-06 3.392767603000063081e-01
4.313090012336716628e-01 6.820854466005440482e-06 3.392767587977793542e-01
4.313089954812118210e-01 7.198976042536194026e-06 3.392767573386908930e-01
4.313089897426176655e-01 7.577024826675737155e-06 3.392767559127819466e-01
4.313089839564461236e-01 7.961613000332200257e-06 3.392767543591790891e-01
4.313089782314916687e-01 8.340359056587425327e-06 3.392767529794170622e-01
4.313089725244962924e-01 8.718477503296840012e-06 3.392767516332995115e-01
4.313089668277820254e-01 9.096524044285259986e-06 3.392767503116784766e-01
4.313089611398034373e-01 9.474559275454462468e-06 3.392767490118075435e-01
4.313089553989120084e-01 9.859142315827752412e-06 3.392767475715086634e-01
4.313089497168282049e-01 1.023788451336315595e-05 3.392767462991226890e-01
4.313089440492556270e-01 1.061600027256575767e-05 3.392767450520493000e-01
4.313089383888190631e-01 1.099404520989131000e-05 3.392767438218525222e-01
4.313089327342114476e-01 1.137207987406403186e-05 3.392767426063639791e-01
4.313089270231528216e-01 1.175666388015998999e-05 3.392767412419556705e-01
4.313089213692976598e-01 1.213540750794667464e-05 3.392767400414836709e-01
4.313089157276377983e-01 1.251352559290471441e-05 3.392767388607260126e-01
4.313089100910000862e-01 1.289157373516193456e-05 3.392767376917240618e-01
4.313089043960289803e-01 1.327616549222921200e-05 3.392767363691902016e-01
4.313088987573849287e-01 1.365491640749369085e-05 3.392767352083976840e-01
4.313088931296534256e-01 1.403304218127124172e-05 3.392767340642161566e-01
4.313088875057725646e-01 1.441109847480775533e-05 3.392767329289498868e-01
4.313088818846845252e-01 1.478914579420909123e-05 3.392767318010357913e-01
4.313088762034307799e-01 1.517374436609579211e-05 3.392767305153301938e-01
4.313088705777214926e-01 1.555250314674461474e-05 3.392767293894082270e-01
4.313088649617909387e-01 1.593063750843592519e-05 3.392767282773554993e-01
4.313088593486762434e-01 1.630870302985475376e-05 3.392767271717103683e-01
4.313088536745141588e-01 1.669331378349111778e-05 3.392767259060817664e-01
4.313088480554852500e-01 1.707208419807648459e-05 3.392767247991767543e-01
4.313088424456127390e-01 1.745023042633568706e-05 3.392767237046331874e-01
4.313088368379868198e-01 1.782830811050858233e-05 3.392767226151170989e-01
4.313088312316707418e-01 1.820637772137656104e-05 3.392767215293601146e-01
4.313088255633512613e-01 1.859099989767300782e-05 3.392767202814757077e-01
4.313088199497873698e-01 1.896978269651826215e-05 3.392767191913504399e-01
4.313088143448244316e-01 1.934794185513639663e-05 3.392767181122402498e-01
4.313088087416003247e-01 1.972603293651537608e-05 3.392767170369271890e-01
4.313088031392165456e-01 2.010411638635014846e-05 3.392767159642355868e-01
4.313087974742361719e-01 2.048875304110613709e-05 3.392767147280422724e-01
4.313087918637718565e-01 2.086755052598001278e-05 3.392767136489691637e-01
4.313087862615375134e-01 2.124572475130329395e-05 3.392767125800069117e-01
4.313087806607001640e-01 2.162383127174171118e-05 3.392767115140156720e-01
4.313087750603887272e-01 2.200193051890138806e-05 3.392767104498826125e-01
4.313087693970730774e-01 2.238658348726268950e-05 3.392767092213234137e-01
4.313087637881212189e-01 2.276539745603904468e-05 3.392767081494554859e-01
4.313087581871501985e-01 2.314358847505714468e-05 3.392767070870934543e-01
4.313087525873479100e-01 2.352171209117192435e-05 3.392767060271464907e-01
4.313087469878588709e-01 2.389982872502170456e-05 3.392767049685449510e-01
4.313087413250841773e-01 2.428449949566199154e-05 3.392767037448953804e-01
4.313087357165782398e-01 2.466333140764659948e-05 3.392767026776505324e-01
4.313087301158864961e-01 2.504154062145615408e-05 3.392767016195044061e-01
4.313087245162105510e-01 2.541968267717998906e-05 3.392767005634012567e-01
4.313087188531842253e-01 2.580437239564581660e-05 3.392766993420334720e-01
4.313087132443947369e-01 2.618322257328046778e-05 3.392766982769388484e-01
4.313087076433379519e-01 2.656145002229947348e-05 3.392766972207383325e-01
4.313087020432189722e-01 2.693961035076212300e-05 3.392766961663928882e-01
4.313086964431995241e-01 2.731776397552200425e-05 3.392766951128746156e-01
4.313086907795881664e-01 2.770247212496737980e-05 3.392766938936758736e-01
4.313086851701687929e-01 2.808134155675953396e-05 3.392766928305967489e-01
4.313086795683985786e-01 2.845958853253768606e-05 3.392766917762051193e-01
4.313086739674878989e-01 2.883776858657224320e-05 3.392766907234807672e-01
4.313086683666051413e-01 2.921594212082586939e-05 3.392766896714100033e-01
4.313086627020173980e-01 2.960067043635786305e-05 3.392766884534442196e-01
4.313086570916055407e-01 2.997956012709954412e-05 3.392766873915039061e-01
4.313086514887874978e-01 3.035782752057409605e-05 3.392766863381140863e-01
4.313086458867778639e-01 3.073602814660904504e-05 3.392766852862649785e-01
4.313086402847478018e-01 3.111422240077485316e-05 3.392766842349528300e-01
4.313086346189280440e-01 3.149897164127661494e-05 3.392766830176009996e-01
4.313086290072811746e-01 3.187788233459881655e-05 3.392766819562125225e-01
4.313086234031921484e-01 3.225617085887140756e-05 3.392766809032822239e-01
4.313086177998768367e-01 3.263439274084244454e-05 3.392766798518082605e-01
4.313086121965091224e-01 3.301260837079323128e-05 3.392766788007930412e-01
4.313086065292855986e-01 3.339737915023755860e-05 3.392766775836399962e-01
4.313086009162409584e-01 3.377631144743331007e-05 3.392766765224092262e-01
4.313085953107310688e-01 3.415462168001610611e-05 3.392766754695756282e-01
4.313085897059716345e-01 3.453286537097236388e-05 3.392766744181414107e-01
4.313085841011382038e-01 3.491110290747710725e-05 3.392766733671142010e-01
4.313085784323959504e-01 3.529589572230383055e-05 3.392766721498805538e-01
4.313085728178446820e-01 3.567485011009374714e-05 3.392766710885444237e-01
4.313085672108138424e-01 3.605318251738950285e-05 3.392766700355640541e-01
4.313085616045175263e-01 3.643144846514497458e-05 3.392766689839451510e-01
4.313085559981327255e-01 3.680970833660883614e-05 3.392766679326978396e-01
4.313085503277946930e-01 3.719452358924640542e-05 3.392766667151976279e-01
4.313085447116638549e-01 3.757350046044467270e-05 3.392766656535793901e-01
4.313085391030443416e-01 3.795185542010066947e-05 3.392766646002889908e-01
4.313085334951489713e-01 3.833014398658729548e-05 3.392766635483350224e-01
4.313085278871549577e-01 3.870842654024837586e-05 3.392766624967294420e-01
4.313085222151699649e-01 3.909326455500135273e-05 3.392766612788374880e-01
4.313085165974107626e-01 3.947226422827495885e-05 3.392766602168184042e-01
4.313085109871568901e-01 3.985064204508513363e-05 3.392766591631097839e-01
4.313085053776209432e-01 4.022895352280918106e-05 3.392766581107199420e-01
4.313084997679798027e-01 4.060725903930185559e-05 3.392766570586628894e-01
4.313084941581366571e-01 4.098556527947451651e-05 3.392766560068110615e-01
4.313084884842389721e-01 4.137042796169770827e-05 3.392766547886053585e-01
4.313084828645853963e-01 4.174945248368284274e-05 3.392766537262507098e-01
4.313084772524253263e-01 4.212785532590826996e-05 3.392766526721731624e-01
4.313084716409709141e-01 4.250619199306982155e-05 3.392766516193830295e-01
4.313084660293994843e-01 4.288452285562731553e-05 3.392766505668970423e-01
4.313084603537556405e-01 4.326940945662602328e-05 3.392766493480615653e-01
4.313084547323800533e-01 4.364845783722436974e-05 3.392766482850813059e-01
4.313084491185008584e-01 4.402688454323228160e-05 3.392766472303776482e-01
4.313084435053263221e-01 4.440524508507023220e-05 3.392766461769612385e-01
4.313084378920348794e-01 4.478359983382552832e-05 3.392766451238478087e-01
4.313084322146436000e-01 4.516851032422458846e-05 3.392766439043783389e-01
4.313084265915452797e-01 4.554758261029590011e-05 3.392766428407691937e-01
4.313084209759449061e-01 4.592603323241528738e-05 3.392766417854355399e-01
4.313084153610495797e-01 4.630441770048875609e-05 3.392766407313889121e-01
4.313084097460359589e-01 4.668279638514586966e-05 3.392766396776447091e-01
4.313084040668961339e-01 4.706773081159845425e-05 3.392766384575390259e-01
4.313083984420726380e-01 4.744682704814099050e-05 3.392766373932973312e-01
4.313083928247493093e-01 4.782530163035400507e-05 3.392766363373316274e-01
4.313083872081314718e-01 4.820371006654784279e-05 3.392766352826518395e-01
4.313083815913951735e-01 4.858211272703606281e-05 3.392766342282747538e-01
4.313083759744452683e-01 4.896051628922106375e-05 3.392766331740747487e-01
4.313083702933140362e-01 4.934547649813703860e-05 3.392766319534665787e-01
4.313083646665218929e-01 4.972459867552254763e-05 3.392766308887109616e-01
4.313083590472236439e-01 5.010309933069838172e-05 3.392766298322114626e-01
4.313083534286237253e-01 5.048153396077305116e-05 3.392766287769802269e-01
4.313083478098983514e-01 5.085996293074862220e-05 3.392766277220344295e-01
4.313083421269788831e-01 5.124494779373531316e-05 3.392766265006957882e-01
4.313083364984249268e-01 5.162409454950843971e-05 3.392766254352201916e-01
4.313083308773707492e-01 5.200261975867942276e-05 3.392766243780077629e-01
4.313083252570171222e-01 5.238107892581543302e-05 3.392766233220693151e-01
4.313083196365409266e-01 5.275953241647647396e-05 3.392766222664214681e-01
4.313083139518453235e-01 5.314454176378103126e-05 3.392766210443828867e-01
4.313083083215420444e-01 5.352371300641266223e-05 3.392766199782142889e-01
4.313083026987420410e-01 5.390226268980398443e-05 3.392766189203147986e-01
4.313082970766438651e-01 5.428074631836505415e-05 3.392766178636928975e-01
4.313082914544250634e-01 5.465922425814894966e-05 3.392766168073648170e-01
4.313082858319886026e-01 5.503770318312904307e-05 3.392766157512077108e-01
4.313082801452813309e-01 5.542273883400650658e-05 3.392766145286179036e-01
4.313082745129885320e-01 5.580193652717918156e-05 3.392766134618895868e-01
4.313082688881958449e-01 5.618051277318412366e-05 3.392766124034140018e-01
4.313082632640986569e-01 5.655902306511231169e-05 3.392766113462017952e-01
4.313082576398752366e-01 5.693752776413373322e-05 3.392766102892690316e-01
4.313082519513680158e-01 5.732258841278763535e-05 3.392766090659231071e-01
4.313082463173037451e-01 5.770181102013090398e-05 3.392766079984505523e-01
4.313082406907444710e-01 5.808041214241397362e-05 3.392766069392395556e-01
4.313082350648854146e-01 5.845894728022125927e-05 3.392766058812988761e-01
4.313082294389017357e-01 5.883747679699621202e-05 3.392766048236460774e-01
4.313082238126981771e-01 5.921600736358564952e-05 3.392766037661572587e-01
4.313082181221609690e-01 5.960109472164843331e-05 3.392766025422178644e-01
4.313082124860911915e-01 5.998034417650060493e-05 3.392766014741458447e-01
4.313082068575236905e-01 6.035897224242082207e-05 3.392766004143223935e-01
4.313082012296506340e-01 6.073753440900914261e-05 3.392765993557578796e-01
4.313081956016491803e-01 6.111609103540687632e-05 3.392765982974695893e-01
4.313081899093030303e-01 6.150120365868417508e-05 3.392765970727515956e-01
4.313081842714523995e-01 6.188047828975405857e-05 3.392765960039140216e-01
4.313081786411104845e-01 6.225913148260978113e-05 3.392765949433362294e-01
4.313081730114671775e-01 6.263771873610820358e-05 3.392765938840258122e-01
4.313081673816988593e-01 6.301630041087267228e-05 3.392765928250005558e-01
4.313081617517093291e-01 6.339488317673902702e-05 3.392765917661366148e-01
4.313081560573255313e-01 6.378002276407642021e-05 3.392765905408084981e-01
4.313081504174617886e-01 6.415932449154677160e-05 3.392765894713559716e-01
4.313081447851046524e-01 6.453800486716912475e-05 3.392765884101508478e-01
4.313081391534419051e-01 6.491661937842842852e-05 3.392765873502023855e-01
4.313081335216500944e-01 6.529522838303050897e-05 3.392765862905289254e-01
4.313081278896327975e-01 6.567383854697800912e-05 3.392765852310077324e-01
4.313081221931846509e-01 6.605900561761420149e-05 3.392765840050054327e-01
4.313081165512832049e-01 6.643833487435889099e-05 3.392765829348785012e-01
4.313081109168883653e-01 6.681704283956209193e-05 3.392765818729914784e-01
4.313081052831849727e-01 6.719568499833745393e-05 3.392765808123549554e-01
4.313080996493499075e-01 6.757432170584151850e-05 3.392765797519873838e-01
4.313080940152872467e-01 6.795295962586075163e-05 3.392765786917664728e-01
4.313080883167588753e-01 6.833815451462834159e-05 3.392765774650511323e-01
4.313080826728044048e-01 6.871751162870997883e-05 3.392765763942122148e-01
4.313080770363578731e-01 6.909624749799657482e-05 3.392765753316107080e-01
4.313080714006014005e-01 6.947491760606820232e-05 3.392765742702553156e-01
4.313080657647114791e-01 6.985358230570743376e-05 3.392765732091647668e-01
4.313080600643469098e-01 7.023880313338442356e-05 3.392765719816084324e-01
4.313080544185867171e-01 7.061818608265244088e-05 3.392765709099455074e-01
4.313080487803429564e-01 7.099694771185989886e-05 3.392765698465349256e-01
4.313080431427949168e-01 7.137564351309455047e-05 3.392765687843836697e-01
4.313080375051183135e-01 7.175433384242027894e-05 3.392765677225101917e-01
4.313080318672173341e-01 7.213302536503791908e-05 3.392765666607915898e-01
4.313080261647948555e-01 7.251827379749816848e-05 3.392765654325770597e-01
4.313080205170022885e-01 7.289768446961515885e-05 3.392765643602537184e-01
4.313080148767246547e-01 7.327647388273419505e-05 3.392765632961748934e-01
4.313080092371406327e-01 7.365519751849343530e-05 3.392765622333481779e-01
4.313080035974247162e-01 7.403391573039147272e-05 3.392765611707915241e-01
4.313079979574819256e-01 7.441263518144074782e-05 3.392765601083830851e-01
4.313079922529817201e-01 7.479791159428362938e-05 3.392765588794654508e-01
4.313079866031387377e-01 7.517735028172952739e-05 3.392765578064400600e-01
4.313079809608120208e-01 7.555616775047966477e-05 3.392765567416543560e-01
4.313079753191770283e-01 7.593491948077890511e-05 3.392765556781164316e-01
4.313079696774079208e-01 7.631366582487467218e-05 3.392765546148441280e-01
4.313079640354103850e-01 7.669241344376733058e-05 3.392765535517161535e-01
4.313079583288215724e-01 7.707771806032872046e-05 3.392765523220683810e-01
4.313079526769183492e-01 7.745718498165626820e-05 3.392765512483159607e-01
4.313079470325324460e-01 7.783603071646457371e-05 3.392765501827999519e-01
4.313079413888367686e-01 7.821481074318796425e-05 3.392765491185288362e-01
4.313079357450068096e-01 7.859358541233771713e-05 3.392765480545213985e-01
4.313079301009463129e-01 7.897236138392839963e-05 3.392765469906551257e-01
4.313079243922618433e-01 7.935769437789863784e-05 3.392765457602607282e-01
4.313079187382908852e-01 7.973718970298457548e-05 3.392765446857650691e-01
4.313079130918394677e-01 8.011606386654557331e-05 3.392765436195048223e-01
4.313079074460781093e-01 8.049487234573711502e-05 3.392765425544874702e-01
4.313079018001811371e-01 8.087367548958817026e-05 3.392765414897321308e-01
4.313078961540539602e-01 8.125247995772414550e-05 3.392765404251167904e-01
4.313078904432684491e-01 8.163784146363484585e-05 3.392765391939653874e-01
4.313078847872265920e-01 8.201736532400087936e-05 3.392765381187171081e-01
4.313078791387056632e-01 8.239626804263733631e-05 3.392765370517037415e-01
4.313078734908746825e-01 8.277510509509447133e-05 3.392765359859323815e-01
4.313078678429079771e-01 8.315393683014143857e-05 3.392765349204220349e-01
4.313078621947105118e-01 8.353276990606266260e-05 3.392765338550507437e-01
4.313078564818214056e-01 8.391816002839403810e-05 3.392765326231366174e-01
4.313078508237050968e-01 8.429771252587858635e-05 3.392765315471298893e-01
4.313078451731124363e-01 8.467664389753835669e-05 3.392765304793580738e-01
4.313078395232097795e-01 8.505550961730669237e-05 3.392765294128276543e-01
4.313078338731708428e-01 8.543437003347651175e-05 3.392765283465574155e-01
4.313078282229008686e-01 8.581323180359770597e-05 3.392765272804260657e-01
4.313078225723812054e-01 8.619209574963837897e-05 3.392765262144026295e-01
4.313078168571226056e-01 8.657751698292133794e-05 3.392765249818037177e-01
4.313078111966644479e-01 8.695710067502944419e-05 3.392765239051053205e-01
4.313078055437268299e-01 8.733606335059967388e-05 3.392765228366266261e-01
4.313077998914733868e-01 8.771496047906163511e-05 3.392765217693747282e-01
4.313077942390785569e-01 8.809385240369782273e-05 3.392765207023685781e-01
4.313077885864463612e-01 8.847274577865632159e-05 3.392765196354891599e-01
4.313077828690471405e-01 8.885819632543596536e-05 3.392765184020385405e-01
4.313077772064802251e-01 8.923780932917401776e-05 3.392765173244984278e-01
4.313077715514393451e-01 8.961680130333778734e-05 3.392765162551839020e-01
4.313077658970841943e-01 8.999572771808003150e-05 3.392765151871019458e-01
4.313077602425898216e-01 9.037464891742489357e-05 3.392765141192710665e-01
4.313077545878601371e-01 9.075357155503613175e-05 3.392765130515711380e-01
4.313077488683329519e-01 9.113905133200785416e-05 3.392765118172993977e-01
4.313077432036686032e-01 9.151869357326656847e-05 3.392765107389464352e-01
4.313077375465341756e-01 9.189771477629985266e-05 3.392765096688233895e-01
4.313077318900876422e-01 9.227667041077962048e-05 3.392765085999355223e-01
4.313077262335023865e-01 9.265562082064991982e-05 3.392765075313027845e-01
4.313077205766838729e-01 9.303457266061881243e-05 3.392765064628030514e-01
4.313077149196132831e-01 9.341352674931633346e-05 3.392765053944069575e-01
4.313077091976991184e-01 9.379903818134994195e-05 3.392765041594107411e-01
4.313077035306764340e-01 9.417871214928174347e-05 3.392765030803287507e-01
4.313076978711820053e-01 9.455776516653050141e-05 3.392765020094642425e-01
4.313076922123704193e-01 9.493675269914461743e-05 3.392765009398232556e-01
4.313076865534160587e-01 9.531573508752201227e-05 3.392764998704256296e-01
4.313076808942234996e-01 9.569471898249063205e-05 3.392764988011513494e-01
4.313076751701599432e-01 9.608026008157928089e-05 3.392764975652833859e-01
4.313076695010199524e-01 9.645996370635911824e-05 3.392764964853410836e-01
4.313076638394133244e-01 9.683904635425632916e-05 3.392764954136241462e-01
4.313076581784931474e-01 9.721806349147843549e-05 3.392764943431371139e-01
4.313076525174324716e-01 9.759707545934337132e-05 3.392764932729000482e-01
4.313076468561363175e-01 9.797608891062071265e-05 3.392764922027919350e-01
4.313076411945863109e-01 9.835510466088996987e-05 3.392764911327826871e-01
4.313076354681193436e-01 9.874067779445935898e-05 3.392764898961560527e-01
4.313076297966074724e-01 9.912041351650478338e-05 3.392764888154521929e-01
4.313076241326280202e-01 9.949952833458286083e-05 3.392764877429634285e-01
4.313076184693309112e-01 9.987857771124680978e-05 3.392764866716955763e-01
4.313076128058896952e-01 1.002576219845120574e-04 3.392764856006683649e-01
4.313076071422089486e-01 1.006366678045444817e-04 3.392764845297618348e-01
4.313076014782717960e-01 1.010157159847766830e-04 3.392764834589467871e-01
4.313075957493762713e-01 1.014013216185721746e-04 3.392764822214976439e-01
4.313075900754678726e-01 1.017810898861240770e-04 3.392764811399734959e-01
4.313075844090924482e-01 1.021602373033092163e-04 3.392764800666586145e-01
4.313075787433974240e-01 1.025393193301658140e-04 3.392764789945592052e-01
4.313075730775564054e-01 1.029183963031030520e-04 3.392764779226950522e-01
4.313075674114734137e-01 1.032974748697976290e-04 3.392764768509478057e-01
4.313075616804079027e-01 1.036831107139949006e-04 3.392764756125783432e-01
4.313075560043623247e-01 1.040629091693549482e-04 3.392764745301473650e-01
4.313075503358571594e-01 1.044420867265539039e-04 3.392764734559375883e-01
4.313075446680364466e-01 1.048211988465343360e-04 3.392764723829533313e-01
4.313075390000732923e-01 1.052003058678679622e-04 3.392764713102140450e-01
4.313075333318724391e-01 1.055794144398781271e-04 3.392764702375993258e-01
4.313075276634159017e-01 1.059585253759514880e-04 3.392764691650800857e-01
4.313075219299332130e-01 1.063441937360857105e-04 3.392764679259178684e-01
4.313075162515013772e-01 1.067240247594541610e-04 3.392764668426940800e-01
4.313075105806098986e-01 1.071032349384923473e-04 3.392764657676838880e-01
4.313075049104003744e-01 1.074823797312911961e-04 3.392764646938919992e-01
4.313074992400455776e-01 1.078615194737624435e-04 3.392764636203376982e-01
4.313074935694498624e-01 1.082406608133704070e-04 3.392764625469024131e-01
4.313074878985962424e-01 1.086198045618720116e-04 3.392764614735553907e-01
4.313086515216413841e-01 1.092382301644355793e-04 3.393002362125742133e-01
4.313105258660170360e-01 1.099543319083990105e-04 3.393772087366950796e-01
4.313130382620500303e-01 1.106533248037606281e-04 3.394959249536455559e-01
4.313164439619244228e-01 1.113473197322906546e-04 3.396537047057642811e-01
4.313211033123073856e-01 1.120706165226974938e-04 3.398646352886668942e-01
4.313267424528074434e-01 1.127704350118946628e-04 3.401175546728408272e-01
4.313331590239957714e-01 1.134483250765392568e-04 3.404031323890563399e-01
4.313399916039539206e-01 1.140928687753672843e-04 3.407069354116306625e-01
4.313472703253051210e-01 1.147344623492802971e-04 3.410288249833002827e-01
4.313546661492119738e-01 1.153487853388514663e-04 3.413569758679149690e-01
4.313621147844087789e-01 1.159533743935193395e-04 3.416880415091425038e-01
4.313695322280414191e-01 1.165492204082719000e-04 3.420188751490406132e-01
4.313769312310455906e-01 1.171438500836908311e-04 3.423497696656777611e-01
4.313843069625496462e-01 1.177368311928425534e-04 3.426806978441098717e-01
4.313916713977926087e-01 1.183293113888005663e-04 3.430121594087519599e-01
4.313990184953632179e-01 1.189200873672894079e-04 3.433440931411301800e-01
4.314063222129227992e-01 1.195071949725949600e-04 3.436755419249277743e-01
4.314135729348875792e-01 1.200917374022369277e-04 3.440060849450813363e-01
4.314207186000637573e-01 1.206704711248020344e-04 3.443337879746041774e-01
4.314277945723341001e-01 1.212499820844902866e-04 3.446598105428477221e-01
4.314347682580122467e-01 1.218256331847529273e-04 3.449830640409831672e-01
4.314417089424064100e-01 1.224051713953234620e-04 3.453061194562749292e-01
4.314484531289374258e-01 1.229700532111460709e-04 3.456228050003492536e-01
4.314547001539504878e-01 1.235057024080200849e-04 3.459203355832250470e-01
4.314608542869753927e-01 1.240711993749034532e-04 3.462137349620930671e-01
4.314667391636446414e-01 1.246236331396748326e-04 3.464971612344430740e-01
4.314723170606000746e-01 1.251692610819960362e-04 3.467681868651947830e-01
4.314773727751549104e-01 1.256928688611048917e-04 3.470171363087066752e-01
4.314820496094682878e-01 1.262249860777478060e-04 3.472488511875036488e-01
4.314864326654638815e-01 1.267646530797885665e-04 3.474673360140382306e-01
4.314903088265649167e-01 1.272828662358259540e-04 3.476628133313962032e-01
4.314937304915608673e-01 1.278014978047995571e-04 3.478361882061136723e-01
4.314967212967866783e-01 1.283211545881255376e-04 3.479883566151059648e-01
4.314991342818895181e-01 1.288233066526054858e-04 3.481113136455796786e-01
4.314982732413060185e-01 1.291346679824915186e-04 3.481067401648823556e-01
4.314979898634181965e-01 1.295369654034264184e-04 3.481060497161931333e-01
4.314977039193853559e-01 1.299401482295579880e-04 3.481053361798211454e-01
4.314974402856575630e-01 1.303405523091944753e-04 3.481046792744050267e-01
4.314971947588754353e-01 1.307362537919682657e-04 3.481040684208275837e-01
4.314969674694644763e-01 1.311285701645861128e-04 3.481035038642869006e-01
4.314967583286303254e-01 1.315192621532797418e-04 3.481029853825065579e-01
4.314965639236103545e-01 1.319065539738807321e-04 3.481025043869278579e-01
4.314963842717911557e-01 1.322917494486827575e-04 3.481020608448636144e-01
4.314962191833152105e-01 1.326765311630758728e-04 3.481016542777070066e-01
4.314960654542270846e-01 1.330582995034592774e-04 3.481012766216435295e-01
4.314959230338127893e-01 1.334380889703879608e-04 3.481009276756018567e-01
4.314957916804585403e-01 1.338172994638739692e-04 3.481006068292537559e-01
4.314956685221017496e-01 1.341923786171298004e-04 3.481003068541554946e-01
4.314955535122111940e-01 1.345639473306730867e-04 3.481000275653095000e-01
4.314954487412927531e-01 1.349383399590337171e-04 3.480997742166238584e-01
4.314953514457981476e-01 1.353118680583871266e-04 3.480995399115855982e-01
4.314952593705505546e-01 1.356794402248303981e-04 3.480993189150483613e-01
4.314951744097087483e-01 1.360469099998955244e-04 3.480991159298096327e-01
4.314950961130876728e-01 1.364155839758328880e-04 3.480989298711546498e-01
4.314950224225076458e-01 1.367803298448881666e-04 3.480987555581369630e-01
4.314949547868823232e-01 1.371471884556210155e-04 3.480985965770873602e-01
4.314948912831402250e-01 1.375111703643677600e-04 3.480984481348300408e-01
4.314948331169633500e-01 1.378783920831442146e-04 3.480983132089359167e-01
4.314947785818512016e-01 1.382436264637434541e-04 3.480981875469731368e-01
4.314947275270030191e-01 1.386066931376697859e-04 3.480980707237883998e-01
4.314946797443635074e-01 1.389678376518193399e-04 3.480979622111611826e-01
4.314946360141216908e-01 1.393337016733753298e-04 3.480978639605156189e-01
4.314945950380109640e-01 1.396987540229520169e-04 3.480977727404439559e-01
4.314945566744808891e-01 1.400626616866443752e-04 3.480976881570083115e-01
4.314945207439280783e-01 1.404255435902866732e-04 3.480976097538010516e-01
4.314944870764254037e-01 1.407875408190057277e-04 3.480975370992743234e-01
4.314944555116925207e-01 1.411487785712286580e-04 3.480974697864328005e-01
4.314944258990901504e-01 1.415093649208117520e-04 3.480974074327505274e-01
4.314943980974124127e-01 1.418693927649076808e-04 3.480973496796370692e-01
4.314943719745870654e-01 1.422289418356882369e-04 3.480972961916853903e-01
4.314943474073148488e-01 1.425880804906034648e-04 3.480972466557566980e-01
4.314943242806695833e-01 1.429468672851427063e-04 3.480972007799673640e-01
4.314943024876743416e-01 1.433053523403955590e-04 3.480971582926133401e-01
4.314942819288652420e-01 1.436635785325339823e-04 3.480971189410675404e-01
4.314942625118536879e-01 1.440215825218057848e-04 3.480970824906675087e-01
4.314942441508958781e-01 1.443793956429360371e-04 3.480970487236242361e-01
4.314942267664703124e-01 1.447370446706268236e-04 3.480970174379504067e-01
4.314942102848727257e-01 1.450945524797421754e-04 3.480969884464273356e-01
4.314941946378232918e-01 1.454519386122742216e-04 3.480969615756173696e-01
4.314941797620978625e-01 1.458092197637723920e-04 3.480969366649198093e-01
4.314810587174284229e-01 1.462376237334004215e-04 3.480960273571767072e-01
4.313830965321395206e-01 1.462346920726568286e-04 3.480938000586864534e-01
4.312717333636920114e-01 1.467389509551999649e-04 3.480917715661222545e-01
4.311335274187050870e-01 1.471915682829022564e-04 3.480892056197152362e-01
4.309318472788030707e-01 1.476933741081803443e-04 3.480850053748921202e-01
4.307040992025855664e-01 1.481622286849152380e-04 3.480809774499272202e-01
4.304221093701445788e-01 1.486273811697512784e-04 3.480759086579631179e-01
4.301223524071157711e-01 1.491067499686972843e-04 3.480706400722345384e-01
4.297801928146000039e-01 1.495974326637706262e-04 3.480646124010399745e-01
4.294137342870908425e-01 1.500754574595712567e-04 3.480581960922179974e-01
4.290408558384535831e-01 1.505871162440827868e-04 3.480516313166894804e-01
4.286575343296797902e-01 1.510750592624896091e-04 3.480448211472986220e-01
4.282715966061697577e-01 1.516094893996430219e-04 3.480378971843402502e-01
4.278768930692249395e-01 1.521009801777045830e-04 3.480307400874314006e-01
4.274804352824781439e-01 1.526318198246313549e-04 3.480234732696800282e-01
4.270841151704057870e-01 1.531696304986776645e-04 3.480161162899924610e-01
4.266877743108052345e-01 1.537009422768238916e-04 3.480086631354867288e-01
4.262914306988145330e-01 1.542266633866480878e-04 3.480011133182454031e-01
4.258950872456650494e-01 1.547467339786031413e-04 3.479934661306746668e-01
4.254987472253206615e-01 1.552611902819855786e-04 3.479857203675342237e-01
4.251024135547771254e-01 1.557700672178272052e-04 3.479778748764008611e-01
4.247060892753110606e-01 1.562733957546650818e-04 3.479699289566222098e-01
4.243097768110746237e-01 1.567712098065823388e-04 3.479618815489242678e-01
4.239134796806066641e-01 1.572620513919356557e-04 3.479537331711561876e-01
4.235171991721518592e-01 1.577474416471177682e-04 3.479454817951688761e-01
4.231209377495355750e-01 1.582274159054840583e-04 3.479371271548399314e-01
4.227246971727743330e-01 1.587020025345087487e-04 3.479286683162897686e-01
4.223284792408127375e-01 1.591712305746360964e-04 3.479201045799690251e-01
4.219322862980275368e-01 1.596351361062548597e-04 3.479114360072370071e-01
4.215361191168108257e-01 1.600937382431001014e-04 3.479026610804686892e-01
4.211399847701063348e-01 1.605970367280185832e-04 3.478937777466092340e-01
4.207438792490739710e-01 1.610900801614292431e-04 3.478847877743792005e-01
4.203478039892281637e-01 1.615783748206630905e-04 3.478756905495046237e-01
4.199517596553653531e-01 1.620618053322644633e-04 3.478664848532429521e-01
4.195557481308559433e-01 1.625403389580132405e-04 3.478571707765296672e-01
4.191597707803653150e-01 1.630139439155433494e-04 3.478477480410682166e-01
4.187638279700565680e-01 1.634825868371886023e-04 3.478382152924306414e-01
4.183679213073589476e-01 1.639462539728195464e-04 3.478285725640987702e-01
4.179720459293893575e-01 1.644068199546422403e-04 3.478188198459247760e-01
4.175762095492979165e-01 1.648660505658731067e-04 3.478089563574631726e-01
4.171804175822687033e-01 1.653717851663477503e-04 3.477989789423043265e-01
4.167846657418742273e-01 1.658662060527571057e-04 3.477888899883808116e-01
4.163889542289323509e-01 1.663551945802004516e-04 3.477786882189958795e-01
4.159932850514063141e-01 1.668386780999362188e-04 3.477683742891500840e-01
4.155976586311916909e-01 1.673166660440695154e-04 3.477579473061465087e-01
4.152020758446020587e-01 1.677891806876609620e-04 3.477474068120253170e-01
4.148065375974947511e-01 1.682562432749043003e-04 3.477367524842975288e-01
4.144110445873725457e-01 1.687178703430071414e-04 3.477259836806627646e-01
4.140155916961533178e-01 1.691762813885284121e-04 3.477151005338495193e-01
4.136201857056605036e-01 1.696329376455678968e-04 3.477041014181586065e-01
4.132248278930162888e-01 1.700830515482063140e-04 3.476929866281318615e-01
4.128300154950638734e-01 1.705290932457126851e-04 3.476817701019769835e-01
4.124505947031887887e-01 1.709763259987347997e-04 3.476708812579685226e-01
4.120942394691043953e-01 1.714427437332622349e-04 3.476605235750915290e-01
4.117706996233277406e-01 1.718772322595318598e-04 3.476510065108204817e-01
4.115218334186401261e-01 1.724480734779142502e-04 3.476436656571731398e-01
4.113515062421291280e-01 1.730123183829148975e-04 3.476386437678141150e-01
4.113255017903899580e-01 1.737771588981025885e-04 3.476379217385683895e-01
4.113265495929087634e-01 1.740275444925868883e-04 3.476399874258676581e-01
4.113272217558183175e-01 1.743147640341198101e-04 3.476416898820658408e-01
4.113278458140871563e-01 1.746006952127405272e-04 3.476432639921266388e-01
4.113284240166881212e-01 1.748850069406602083e-04 3.476447223189324531e-01
4.113289600311907379e-01 1.751676569509067860e-04 3.476460741152384015e-01
4.113294537417590546e-01 1.754498887315137225e-04 3.476473191829839160e-01
4.113299089647486362e-01 1.757317066546518832e-04 3.476484670514653486e-01
4.113303293733607258e-01 1.760128798139474126e-04 3.476495269887374118e-01
4.113307186216492162e-01 1.762929849343524325e-04 3.476505082130986191e-01
4.113310803339132460e-01 1.765713715009043807e-04 3.476514198681642243e-01
4.113314144004142081e-01 1.768491841833757453e-04 3.476522617714440933e-01
4.113317245334898731e-01 1.771256281568208660e-04 3.476530431930547338e-01
4.113320106371419205e-01 1.774018647010189222e-04 3.476537639861322360e-01
4.113322763723673003e-01 1.776767830245887833e-04 3.476544332927346548e-01
4.113325216561933284e-01 1.779515067002742452e-04 3.476550509976584213e-01
4.113327465748394807e-01 1.782274414407671460e-04 3.476556173165168961e-01
4.113329547135484154e-01 1.785030453452678730e-04 3.476561412048090882e-01
4.113331494352312490e-01 1.787761731883589285e-04 3.476566311499096340e-01
4.113333306552300339e-01 1.790476831897449520e-04 3.476570870269198310e-01
4.113334984491104906e-01 1.793186991940827382e-04 3.476575090247370770e-01
4.113336529429466593e-01 1.795904458357221612e-04 3.476578974611900796e-01
4.113337943226977322e-01 1.798642347328095086e-04 3.476582528050765619e-01
4.113338249323114648e-01 1.949658979140886643e-04 3.476584943110818116e-01
4.113338025511614759e-01 2.402749586064581119e-04 3.476586461604876388e-01
4.113338416402226305e-01 3.513663203923687601e-04 3.476588067813597971e-01
4.113339135507115274e-01 5.018587940487281287e-04 3.476589451917316831e-01
4.113342224569413452e-01 7.279216619076041110e-04 3.476591667084312220e-01
4.113348272768846958e-01 1.034562184320447732e-03 3.476594645302379938e-01
4.113371719426188178e-01 1.443505671570931119e-03 3.476599497372971359e-01
4.113394957389545636e-01 1.893083022137405022e-03 3.476604198726115924e-01
4.113405329117059694e-01 2.340842807297367940e-03 3.476608102982408632e-01
4.113416124276503272e-01 2.788801732577879909e-03 3.476612305568555494e-01
4.113426133993741129e-01 3.236747049241036917e-03 3.476616677979535441e-01
4.113446889866365086e-01 3.684681439441253765e-03 3.476621692292723442e-01
4.113454537689237300e-01 4.132613391483549829e-03 3.476626365817583886e-01
4.113468178941256936e-01 4.580544129043262816e-03 3.476631540338682713e-01
4.113480541224719955e-01 5.028468376850636981e-03 3.476636856712007062e-01
4.113486580969868966e-01 5.476393269161508592e-03 3.476642149322806685e-01
4.113492371115030632e-01 5.924312877832427562e-03 3.476647667240448381e-01
4.113497400025348250e-01 6.372233404307323448e-03 3.476653380424468698e-01
4.113501702133070537e-01 6.820142361549232785e-03 3.476659281483748254e-01
4.113505275847696430e-01 7.268048101958889291e-03 3.476665378633211900e-01
4.113508117798039820e-01 7.715948422422651796e-03 3.476671670582372475e-01
4.113510227154044130e-01 8.163844534426660873e-03 3.476678159371242582e-01
4.113511600080175246e-01 8.611733445532432016e-03 3.476684841101634338e-01
4.113512236416118073e-01 9.059617628291894917e-03 3.476691719319507379e-01
4.113512135789014756e-01 9.507497584579744157e-03 3.476698795714127654e-01
4.113511266287898094e-01 9.955315573296111276e-03 3.476706093308205014e-01
4.113509658197453955e-01 1.040313116017316068e-02 3.476713582984629625e-01
4.113507315061506464e-01 1.085094127653478228e-02 3.476721270281821208e-01
4.113504234757199285e-01 1.129874537388325315e-02 3.476729154822728041e-01
4.113500415870430249e-01 1.174654234737335101e-02 3.476737236211116522e-01
4.113495857634210662e-01 1.219433348378330499e-02 3.476745515284141996e-01
4.113492842484778311e-01 1.264360533031854208e-02 3.476753506250609416e-01
4.113488971005248573e-01 1.309271370748089740e-02 3.476761738094673593e-01
4.113484373622552925e-01 1.354181658345726506e-02 3.476770150701206097e-01
4.113479139148249475e-01 1.399091015198278276e-02 3.476778748524937956e-01
4.113473214635651742e-01 1.443998789376103181e-02 3.476787530207646193e-01
4.113466600665643402e-01 1.488905658609232865e-02 3.476796500225578512e-01
4.113459295904802193e-01 1.533811620568593242e-02 3.476805655823403951e-01
4.113451300401591570e-01 1.578716589117413333e-02 3.476814996986433703e-01
4.113442614141479270e-01 1.623620651830338935e-02 3.476824524980121622e-01
4.113433231122934353e-01 1.668523192178321055e-02 3.476834224508742466e-01
4.113423158793196310e-01 1.713424902109307590e-02 3.476844113319259022e-01
4.113412396269227056e-01 1.758325764379044948e-02 3.476854190348765972e-01
4.113400941972629732e-01 1.803225772509242306e-02 3.476864452586671539e-01
4.113388794669918247e-01 1.848124610341999804e-02 3.476874896625817835e-01
4.113375956748780427e-01 1.893022646883359833e-02 3.476885527583961633e-01
4.113362426853103826e-01 1.937919649309055581e-02 3.476896343327368633e-01
4.113348206659230288e-01 1.982815861320544326e-02 3.476907346715523706e-01
4.113333287628592183e-01 2.027710533967044121e-02 3.476918518759176679e-01
4.113317679396390480e-01 2.072604426232631941e-02 3.476929880563169317e-01
4.113301379182481288e-01 2.117497280183886291e-02 3.476941428857714955e-01
4.113284387183223645e-01 2.162389327542298817e-02 3.476953162004859377e-01
4.113266701316934393e-01 2.207280230869563056e-02 3.476965075462137289e-01
4.113248325429991747e-01 2.252170228353123776e-02 3.476977178685558556e-01
4.113229256821521740e-01 2.297059191171684292e-02 3.476989465338320429e-01
4.113209495945756022e-01 2.341947121166149462e-02 3.477001936705386154e-01
4.113189043164555692e-01 2.386834094350811716e-02 3.477014593929320663e-01
4.113167893356919347e-01 2.431719631535797510e-02 3.477027421689788400e-01
4.113146053046817241e-01 2.476604263735895234e-02 3.477040437806563911e-01
4.113123521853662701e-01 2.521488013476541959e-02 3.477053641197736522e-01
4.113141109820893648e-01 2.566358412122578259e-02 3.477068498405079255e-01
4.113177926415450547e-01 2.611222220459483156e-02 3.477084125267664860e-01
4.113265036326098079e-01 2.656075818594889545e-02 3.477101714690537526e-01
4.113416775187009877e-01 2.697234963949133105e-02 3.477119616866169993e-01
4.113618117643427219e-01 2.720351416422676916e-02 3.477131597016264175e-01
4.113739528618312047e-01 2.726047552866558976e-02 3.477140173204711915e-01
4.113735827389195521e-01 2.726104542187816199e-02 3.477136103575905191e-01
4.113735409891517980e-01 2.726033182114370387e-02 3.477134239405862415e-01
4.113734965976748037e-01 2.725969160568332897e-02 3.477132465261535965e-01
4.113734536077358617e-01 2.725912516731197541e-02 3.477130831942946698e-01
4.113734117390723255e-01 2.725861838375833596e-02 3.477129313606896477e-01
4.113742612852085423e-01 2.722055647128256844e-02 3.477125814713281637e-01
4.113753896514780184e-01 2.716930789146157488e-02 3.477122370870460721e-01
4.113761289133706645e-01 2.714299729559393679e-02 3.477120453988346016e-01
4.113773466507469889e-01 2.708188207481390664e-02 3.477116392827677704e-01
4.113791859868644041e-01 2.696953528663852823e-02 3.477110879397459775e-01
4.113816447977736712e-01 2.680070017616893036e-02 3.477104236648618230e-01
4.113814388642980657e-01 2.658556758209578916e-02 3.477095378972061557e-01
4.113691014249831190e-01 2.628221197289238795e-02 3.477081430455589151e-01
4.113454149152634964e-01 2.584206776783447984e-02 3.477061918389743878e-01
4.113201636063278377e-01 2.539324817366620662e-02 3.477044105644221395e-01
4.112974614379232841e-01 2.494481986693293171e-02 3.477027373770265051e-01
4.112724737596460955e-01 2.449636929494610274e-02 3.477009948835382280e-01
4.112490944434598061e-01 2.404787712569108477e-02 3.476993397003516062e-01
4.112254934200789691e-01 2.359941696156993979e-02 3.476976900402352078e-01
4.112018318039963871e-01 2.315094426324499494e-02 3.476960603774205127e-01
4.111865402988145735e-01 2.270248290996032536e-02 3.476947489101316902e-01
4.111848533996727006e-01 2.225402318137571084e-02 3.476939176880812221e-01
4.111873907600532840e-01 2.180556388215303121e-02 3.476932155502138744e-01
4.111924823989838718e-01 2.135709549605307317e-02 3.476926163669395442e-01
4.111967743363792449e-01 2.090865724234042961e-02 3.476919995297106936e-01
4.112015723221899011e-01 2.046022413586678218e-02 3.476914246702412226e-01
4.112062543274881410e-01 2.001178395848043218e-02 3.476908643364381990e-01
4.112108734566131130e-01 1.956334258667344339e-02 3.476903228969137061e-01
4.112154249994825483e-01 1.911489923648865968e-02 3.476897998148433810e-01
4.112184066667618487e-01 1.866643643128118937e-02 3.476892413892202494e-01
4.112219457595612249e-01 1.821799063486973305e-02 3.476887285626388824e-01
4.112253636280907010e-01 1.776953651586829150e-02 3.476882299533758935e-01
4.112292148470205744e-01 1.732108666099559796e-02 3.476877682509261769e-01
4.112324589328456015e-01 1.687262424887401441e-02 3.476873041642374318e-01
4.112351848387860720e-01 1.642415840525470599e-02 3.476868443558087662e-01
4.112390631785355910e-01 1.597715084809209901e-02 3.476863902474907619e-01
4.112417939049630156e-01 1.553002148813228955e-02 3.476859146136558332e-01
4.112445420139793639e-01 1.508289302843874267e-02 3.476854664794868377e-01
4.112472084324130250e-01 1.463575673626804630e-02 3.476850374375869968e-01
4.112498015272133545e-01 1.418861427902060914e-02 3.476846285809759296e-01
4.112523205740969412e-01 1.374146604938309389e-02 3.476842397855670619e-01
4.112547656217413472e-01 1.329431252274720053e-02 3.476838710682157441e-01
4.112571366549278573e-01 1.284715413421620538e-02 3.476835224301858540e-01
4.112594336654802896e-01 1.239999129305061586e-02 3.476831938742825368e-01
4.112616566459911804e-01 1.195282438399212013e-02 3.476828854029765381e-01
4.112638055901964851e-01 1.150565377002596944e-02 3.476825970186580572e-01
4.112658752438413945e-01 1.105848222286108691e-02 3.476823290450026804e-01
4.112678764025858857e-01 1.061130851411009463e-02 3.476820806048803725e-01
4.112697983405159130e-01 1.016413003256157015e-02 3.476818527482481991e-01
4.112716464468133548e-01 9.716952663244134147e-03 3.476816447703596769e-01
4.112734208606523278e-01 9.269772077684547071e-03 3.476814568193165589e-01
4.112751215339747191e-01 8.822588762191276371e-03 3.476812888986825500e-01
4.112767484331200096e-01 8.375403056934193485e-03 3.476811410171654071e-01
4.112783015274283360e-01 7.928215292131664954e-03 3.476810131822605787e-01
4.112797807895677282e-01 7.481025781014592931e-03 3.476809054007495292e-01
4.112811861951362058e-01 7.033834821496781284e-03 3.476808176787123950e-01
4.112825177223737305e-01 6.586642698650229874e-03 3.476807500216453906e-01
4.112837789687213697e-01 6.139506081308181845e-03 3.476806998322531372e-01
4.112849661969381065e-01 5.692363307680014910e-03 3.476806701069931615e-01
4.112860790587277160e-01 5.245220781033192205e-03 3.476806605651923676e-01
4.112871176189038525e-01 4.798078519412872847e-03 3.476806712137491817e-01
4.112880819064742566e-01 4.350936704104973671e-03 3.476807020442723717e-01
4.112889719494465246e-01 3.903795509553326451e-03 3.476807530502092902e-01
4.112897877728989848e-01 3.456655108928169320e-03 3.476808242254401660e-01
4.112920072240252023e-01 3.009539295290406587e-03 3.476809738029805752e-01
4.112940279094058904e-01 2.562414168437038894e-03 3.476811334015141308e-01
4.112959853133686949e-01 2.115291898253990333e-03 3.476813144075695527e-01
4.112978679562483419e-01 1.668171397610148559e-03 3.476815153368974509e-01
4.112996767995641401e-01 1.221052927666904479e-03 3.476817363643576186e-01
4.113014117502019618e-01 7.739366281719912283e-04 3.476819774716808364e-01
4.113030728059078878e-01 3.268226509041172764e-04 3.476822386612533067e-01
4.113303954635655901e-01 -1.214383686267384396e-04 3.476834566165625806e-01
4.114127096991959109e-01 -5.688608134239249220e-04 3.476866476918909488e-01
4.115381714925475665e-01 -1.015802938434811307e-03 3.476913023477364861e-01
4.117452370221980074e-01 -1.461579854723824229e-03 3.476989798562449274e-01
4.120339841125053582e-01 -1.879818706709127530e-03 3.477095983988023886e-01
4.123913783494174146e-01 -2.227938466821279169e-03 3.477226400349967550e-01
4.127898411232809872e-01 -2.444632439927138089e-03 3.477369845036951679e-01
4.131846927451535145e-01 -2.583670928884257856e-03 3.477508089999872820e-01
4.135799333968951941e-01 -2.623286300647180175e-03 3.477645275654447921e-01
4.139752453861945125e-01 -2.620943231565166058e-03 3.477780418772256077e-01
4.143706305748993679e-01 -2.620207827016887096e-03 3.477913870954187914e-01
4.147661065421495152e-01 -2.619292347152564135e-03 3.478046128602210740e-01
4.151616975682553279e-01 -2.598321131093663493e-03 3.478177405639670816e-01
4.155573908115353654e-01 -2.559125055458954471e-03 3.478307448710249994e-01
4.159531678822179779e-01 -2.509173012144055685e-03 3.478436189181836613e-01
4.163490130973457326e-01 -2.458639648389587557e-03 3.478563610385894123e-01
4.167449132884172291e-01 -2.411325640514888711e-03 3.478689873245511266e-01
4.171408825483534644e-01 -2.363169733787747178e-03 3.478814926228760429e-01
4.175369038597973592e-01 -2.317010813012567848e-03 3.478938875126352803e-01
4.179329896603421468e-01 -2.270695596974811690e-03 3.479061682198124061e-01
4.183291295151041478e-01 -2.224393196380541025e-03 3.479183338680750803e-01
4.187253141871637996e-01 -2.177503318316842407e-03 3.479303817743220617e-01
4.191215511468432409e-01 -2.131322516232830953e-03 3.479423224732272613e-01
4.195178357909733480e-01 -2.084436512610371092e-03 3.479541478674320620e-01
4.199141675288543540e-01 -2.035677397060826985e-03 3.479658558865213469e-01
4.203106218858051468e-01 -1.959941062383304452e-03 3.479774988244156986e-01
4.207070880695256698e-01 -1.881570936739007053e-03 3.479889762935018949e-01
4.211036153856047570e-01 -1.794098522669344701e-03 3.480003671685695799e-01
4.215002303218028379e-01 -1.692088205780369753e-03 3.480116671310760079e-01
4.218969432518344664e-01 -1.567501729858603249e-03 3.480228737520613680e-01
4.222933500988418909e-01 -1.438220991110225827e-03 3.480335413907357789e-01
4.226901396121408583e-01 -1.310498566833211663e-03 3.480445446226910766e-01
4.230868989759368759e-01 -1.182775454346406260e-03 3.480553996491757007e-01
4.234836850266300301e-01 -1.057456873682688500e-03 3.480661432873675132e-01
4.238803752827014493e-01 -9.709671694790558867e-04 3.480767164929193247e-01
4.242770739575245642e-01 -9.156900003016968555e-04 3.480872010760367452e-01
4.246738064848182836e-01 -8.756553662294122792e-04 3.480975976379851455e-01
4.250705467391981962e-01 -8.581414145683174824e-04 3.481078787308085065e-01
4.254673178835066683e-01 -8.577109465000783183e-04 3.481180616960580787e-01
4.258641395974096522e-01 -8.572052285984231666e-04 3.481281680533782064e-01
4.262609889141618646e-01 -8.567034850945771376e-04 3.481381670765066882e-01
4.266578673228815233e-01 -8.561872163698020736e-04 3.481480617099684816e-01
4.270547747148991657e-01 -8.556573516465933648e-04 3.481578532909166412e-01
4.274517089904756872e-01 -8.551146986392476083e-04 3.481675408752188949e-01
4.278486693439024768e-01 -8.545599820434838199e-04 3.481771249202209595e-01
4.282456554732738119e-01 -8.539938550116064854e-04 3.481866063389817412e-01
4.286426661093103441e-01 -8.534169168633689347e-04 3.481959850562501568e-01
4.290397012347778594e-01 -8.528296901834658697e-04 3.482052621938414028e-01
4.294367593663251936e-01 -8.522326661483969369e-04 3.482144373983872554e-01
4.298338397254536924e-01 -8.516262659819648275e-04 3.482235110205761375e-01
4.302309424361122625e-01 -8.510108684744528609e-04 3.482324843099460221e-01
4.306280659690949753e-01 -8.503868336304336306e-04 3.482413567644803143e-01
4.310252099351068455e-01 -8.497544655580138891e-04 3.482501290673230554e-01
4.314223735091902712e-01 -8.491140455900443151e-04 3.482588014041809177e-01
4.318195561786229431e-01 -8.484658226479261951e-04 3.482673743186441850e-01
4.322167576328184158e-01 -8.478100217405864928e-04 3.482758485293416251e-01
4.326139768910233219e-01 -8.471468545416504506e-04 3.482842240634336783e-01
4.330112127469380456e-01 -8.464765030997902125e-04 3.482925005468020530e-01
4.334084654972367723e-01 -8.457991191154157163e-04 3.483006793947560631e-01
4.338057337487073450e-01 -8.451148686483285054e-04 3.483087601312403470e-01
4.342030167710400068e-01 -8.444238770235789390e-04 3.483167428997702153e-01
4.346003146976801235e-01 -8.437262574095627868e-04 3.483246289159796505e-01
4.349976266364316557e-01 -8.430221314667113441e-04 3.483324182608503738e-01
4.353949520925767813e-01 -8.423115923575778038e-04 3.483401113322538989e-01
4.357922909175483417e-01 -8.415947262397174312e-04 3.483477089646040969e-01
4.361896475107277515e-01 -8.384517454073523108e-04 3.483552102725437360e-01
4.365870544388245067e-01 -8.131922905126075848e-04 3.483626609255072726e-01
4.369844899046367859e-01 -7.666248606705522266e-04 3.483700196964464313e-01
4.373819701204490484e-01 -6.953618435977874631e-04 3.483772892131710153e-01
4.377794729549717712e-01 -6.060603561717307344e-04 3.483844518280037050e-01
4.381770942024319493e-01 -4.797979639037037222e-04 3.483915781978070836e-01
4.385746911313397889e-01 -3.405659378785456351e-04 3.483985515118132037e-01
4.389723531939619949e-01 -1.826645492713329505e-04 3.484054577911495643e-01
4.393700747050128808e-01 -3.627753422125229628e-06 3.484122853833249156e-01
4.397678711971651500e-01 2.000295346237832375e-04 3.484190349521890107e-01
4.401659249307312005e-01 4.564593846213336309e-04 3.484257976862429329e-01
4.405641636649663684e-01 7.637846339154216648e-04 3.484324888713549728e-01
4.409629645173347989e-01 1.158728903640270829e-03 3.484392657828842554e-01
4.413618412940864544e-01 1.601618487086977054e-03 3.484458782976810332e-01
4.416952746795332341e-01 2.047504889052263136e-03 3.484509790118338612e-01
4.419751606841670899e-01 2.494237813963949470e-03 3.484546918521227443e-01
4.421842830846762773e-01 2.941236476774301313e-03 3.484571503636391121e-01
4.423466167375383895e-01 3.389323398302242392e-03 3.484590748303451613e-01
4.424778550642755603e-01 3.838118374532479855e-03 3.484609063450547217e-01
4.425975386023544011e-01 4.287053159217294601e-03 3.484626044784023824e-01
4.427110503743831860e-01 4.736118782164816521e-03 3.484642343030156519e-01
4.428174320652112916e-01 5.185270440495402811e-03 3.484747310403275566e-01
4.429232170276374836e-01 5.634614476868462715e-03 3.485461612151684041e-01
4.430281837687800595e-01 6.083919001359131690e-03 3.486542150088952075e-01
4.431348302354765067e-01 6.533244316744575564e-03 3.488051983885918084e-01
4.432406728868852341e-01 6.982564154044854261e-03 3.490039570083222076e-01
4.433471088616925959e-01 7.431894947248638555e-03 3.492480751358487123e-01
4.434547141206963139e-01 7.881243544032188672e-03 3.495422876179934413e-01
4.435680024773445695e-01 8.330575047363730778e-03 3.498772187788268817e-01
4.437082350937443520e-01 8.779849528130843905e-03 3.502479576007158091e-01
4.438572486032892339e-01 9.228804610792541718e-03 3.506602723805939958e-01
4.440092040254957628e-01 9.677579385384231861e-03 3.510916743263475803e-01
4.441618949161700858e-01 1.012626135310464894e-02 3.515218326072191979e-01
4.443143645637540606e-01 1.057493217719815068e-02 3.519521533206639852e-01
4.444678563120155190e-01 1.102360751593266068e-02 3.523825141328019162e-01
4.446210956422818605e-01 1.147227055721524759e-02 3.528129221438075502e-01
4.447741879757753924e-01 1.192093548151171647e-02 3.532433729282827284e-01
4.449271198216696033e-01 1.236959880354713756e-02 3.536738597384029292e-01
4.450798929256779002e-01 1.281826153178781090e-02 3.541043906836790489e-01
4.452325036435288985e-01 1.326692242261230149e-02 3.545349616197830955e-01
4.453843735636374146e-01 1.371557965981495125e-02 3.549655685766711088e-01
4.455367068533841457e-01 1.416424276733025019e-02 3.553962233479456279e-01
4.456888177224170855e-01 1.461289143363995839e-02 3.558269115196830423e-01
4.458407674759031214e-01 1.506153469096260453e-02 3.562576418470781436e-01
4.459925482271982489e-01 1.551017114664561027e-02 3.566884107639578527e-01
4.461441614850059634e-01 1.595880088099191699e-02 3.571192203301489232e-01
4.462821288957558585e-01 1.640741037231539801e-02 3.575500233339374834e-01
4.464111187532646130e-01 1.685621552510172677e-02 3.579808496792498684e-01
4.465371712782772451e-01 1.730516616770670993e-02 3.584116981853521233e-01
4.466615342111497355e-01 1.775416774897785668e-02 3.588425923764623215e-01
4.467829175711868217e-01 1.820318970954103513e-02 3.592735161937582467e-01
4.469026117874358439e-01 1.865225119014466554e-02 3.597044747155724309e-01
4.470193418660093343e-01 1.910133209223026027e-02 3.601354710184364594e-01
4.471349601921691397e-01 1.955045397319781289e-02 3.605665077030454913e-01
4.472469729291974061e-01 1.999958365020062731e-02 3.609975746578483746e-01
4.473550082212294221e-01 2.044876201683460890e-02 3.614286849079548780e-01
4.474608449147368106e-01 2.089744978710845677e-02 3.618598260386801102e-01
4.475625453526057562e-01 2.134166779381116430e-02 3.622909849010477190e-01
4.476608974529029394e-01 2.178009116902198880e-02 3.627221810801491975e-01
4.477570062790371952e-01 2.221203565826600571e-02 3.631534033171106568e-01
4.478531450770692479e-01 2.263856503061079800e-02 3.635846611062431011e-01
4.479491354549611781e-01 2.306249569201694605e-02 3.640159587368181349e-01
4.480437910044605676e-01 2.348288309927770365e-02 3.644472794061354159e-01
4.481274088706777015e-01 2.384273407934827879e-02 3.648783975211072339e-01
4.481198819825560342e-01 2.386550100286682560e-02 3.653067345328452897e-01
4.481229741602667516e-01 2.386875619434274121e-02 3.657282936300513265e-01
4.481251755584366725e-01 2.386988786389649883e-02 3.661415785567824210e-01
4.481272916967484199e-01 2.387084816356714254e-02 3.665451469818767904e-01
4.481290590210333380e-01 2.387171170353831820e-02 3.669119866693185683e-01
4.481306435578912839e-01 2.387260154984822275e-02 3.672592241793367629e-01
4.481320149217111748e-01 2.387346974798847110e-02 3.675811990535741702e-01
4.481331477540695385e-01 2.387429497226283351e-02 3.678668889444797752e-01
4.481340732760760170e-01 2.387509467447742825e-02 3.681138060082427832e-01
4.481348196098943748e-01 2.387586706058103178e-02 3.683186556017911673e-01
4.481354127350956063e-01 2.387659588676291703e-02 3.684726788041673418e-01
4.481359052689606881e-01 2.387735078564003077e-02 3.685927390207602294e-01
4.481362472313782930e-01 2.387797549388631299e-02 3.686433209202858441e-01
4.481359272137695471e-01 2.387777967133524262e-02 3.686434136658246485e-01
4.481354446050780926e-01 2.387764116102013626e-02 3.686420253044928041e-01
4.481350030905492665e-01 2.387755974222857680e-02 3.686407729985073378e-01
4.481345918550020402e-01 2.387752664292665597e-02 3.686396140329062376e-01
4.481342108961648418e-01 2.387754210645115852e-02 3.686385484262233447e-01
4.481338554086850001e-01 2.387759717308717000e-02 3.686375613077677027e-01
4.481335252369239019e-01 2.387769188215228128e-02 3.686366520813728620e-01
4.481332157923872406e-01 2.387781684887219785e-02 3.686358064499498099e-01
4.481329289539696115e-01 2.387797735723919818e-02 3.686350302923582234e-01
4.481326601884410010e-01 2.387816435646011523e-02 3.686343095793659930e-01
4.481324093339156822e-01 2.387837776936960199e-02 3.686336436997661448e-01
4.481321741269227998e-01 2.387861300455356925e-02 3.686330256019446638e-01
4.481322485022806168e-01 2.387920568604556121e-02 3.685862369782548775e-01
4.481325255706957167e-01 2.387983423192390278e-02 3.684923437518008438e-01
4.481328729349304818e-01 2.388052415352231658e-02 3.683734089290292002e-01
4.481332508299316619e-01 2.388123984240381886e-02 3.682376103295865177e-01
4.481337886406017157e-01 2.388186915186121112e-02 3.680546642627276488e-01
4.481344084870710898e-01 2.388251642836908620e-02 3.678427055053589689e-01
4.481350706891822355e-01 2.388317389872277041e-02 3.676109359228187934e-01
4.481358746260216130e-01 2.388378103258209997e-02 3.673439352927930779e-01
4.481367092597971502e-01 2.388441081553409340e-02 3.670591803207677861e-01
4.481376029192277177e-01 2.388502338292189039e-02 3.667535610492330123e-01
4.481386169736974456e-01 2.388559808565474812e-02 3.664179123062965004e-01
4.481396202197150402e-01 2.388619934110071050e-02 3.660705886885770588e-01
4.481408433807486102e-01 2.388671543864617774e-02 3.656814429482791451e-01
4.481422216922487656e-01 2.388721765210815792e-02 3.652577308600974959e-01
4.481435469675515981e-01 2.388776131830823782e-02 3.648249690299066872e-01
4.481447522380993531e-01 2.388832450650653708e-02 3.643931170962477206e-01
4.481458752654012834e-01 2.391633002377979711e-02 3.639613453016576350e-01
4.481467198813872677e-01 2.399195888947754096e-02 3.635297405301379237e-01
4.481471734360074066e-01 2.412325260083976464e-02 3.630982661686863455e-01
4.481470978532636762e-01 2.428059899138014857e-02 3.626667668420260338e-01
4.481469315976601142e-01 2.449333401415997383e-02 3.622354995865357807e-01
4.481463826585672106e-01 2.475996037901220109e-02 3.618043483286038087e-01
4.481454647544598213e-01 2.507262705849548981e-02 3.613732843768479586e-01
4.481444013061399723e-01 2.544637257094549410e-02 3.609424349551965672e-01
4.481428964892349986e-01 2.586439792104332919e-02 3.605116475435121148e-01
4.481410417994741158e-01 2.631280482267304988e-02 3.600809248013748798e-01
4.481387172602958047e-01 2.676344554208725732e-02 3.596501499732658313e-01
4.481362471122017355e-01 2.721421580229280504e-02 3.592194383670341828e-01
4.481336272628299033e-01 2.766494502875991440e-02 3.587887798001255235e-01
4.481308635585635747e-01 2.811561015404042546e-02 3.583581804472904531e-01
4.481279558014492626e-01 2.856621158159594956e-02 3.579276401111148309e-01
4.481249054576289526e-01 2.901675041988378140e-02 3.574971590940743682e-01
4.481217129466594229e-01 2.946722857956864464e-02 3.570667381687114283e-01
4.481183750237866525e-01 2.991765021993764845e-02 3.566363687814739225e-01
4.481148959032758006e-01 3.036801443375111015e-02 3.562060594886289344e-01
4.481112742509371083e-01 3.081832358860776486e-02 3.557758076973531747e-01
4.481074768826374122e-01 3.126859889447583529e-02 3.553543152980883635e-01
4.481034282278292258e-01 3.171889213073071645e-02 3.549661844454027881e-01
4.480991639312030816e-01 3.216918287172935292e-02 3.546155958161943400e-01
4.480947582909883264e-01 3.261942333664679533e-02 3.542847202935192619e-01
4.480902529698999603e-01 3.306959541239824774e-02 3.539563908054675356e-01
4.480856228317836032e-01 3.351977687525703464e-02 3.536481678430052344e-01
4.480808858943358675e-01 3.396994018583945896e-02 3.533569456007860654e-01
4.480760543821555308e-01 3.442011281556498631e-02 3.530909836981734884e-01
4.480711610526159627e-01 3.487032818521567518e-02 3.528654506766324417e-01
4.480662377141305108e-01 3.532054491895091769e-02 3.526723904771871809e-01
4.480612956627771370e-01 3.577076186966127863e-02 3.525045580603773931e-01
4.480564090540166688e-01 3.622104573385294402e-02 3.523807657910881797e-01
4.480514899836797738e-01 3.667126881181159703e-02 3.522651577376867960e-01
4.480465794689398318e-01 3.712151184550414179e-02 3.521661697331331942e-01
4.480416214303679090e-01 3.757172189879690039e-02 3.520685283062215398e-01
4.480366306765869444e-01 3.802192774477398257e-02 3.519751249148584948e-01
4.480316084946794342e-01 3.847213327530914218e-02 3.518871239795006156e-01
4.480265255824671944e-01 3.892231032411811592e-02 3.517971712765350922e-01
4.480213935410922166e-01 3.937248000118050151e-02 3.517081301962226014e-01
4.480162078766335987e-01 3.982263969413745580e-02 3.516197455338052613e-01
4.480109770149907078e-01 4.027279238064472577e-02 3.515341982921398323e-01
4.480056712350842241e-01 4.072291732159386696e-02 3.514447708982678109e-01
4.480003059444899183e-01 4.117303231198354146e-02 3.513550007342532422e-01
4.479948887700451188e-01 4.162314041962404676e-02 3.512674440870656722e-01
4.479894148604519621e-01 4.207322946673981018e-02 3.511811421536768507e-01
4.479838503400053740e-01 4.252328264581574369e-02 3.510882069982397269e-01
4.479782273476999865e-01 4.297332499814877221e-02 3.509959091492184657e-01
4.479725056418131790e-01 4.342332406770060826e-02 3.508956007048009140e-01
4.479667054172461471e-01 4.387330469190209997e-02 3.507917043308374505e-01
4.479608329207819817e-01 4.432327079964500094e-02 3.506867215083594447e-01
4.479548834101241828e-01 4.477320980554397312e-02 3.505796707952705260e-01
4.479488402705024686e-01 4.522310683715397711e-02 3.504663191042026171e-01
4.479427184808485451e-01 4.567298598058719405e-02 3.503506716281967193e-01
4.479364863842947853e-01 4.612281610514722130e-02 3.502251083796968922e-01
4.479301666019602779e-01 4.657261379509645971e-02 3.500947055937735364e-01
4.479237278607947070e-01 4.702236072741292766e-02 3.499524569395058293e-01
4.479172040501853691e-01 4.747208360156518481e-02 3.498069890544742155e-01
4.479105907179242729e-01 4.792177266954650294e-02 3.496582222362878967e-01
4.479038971050343099e-01 4.837143903146403495e-02 3.495090664596909313e-01
4.479216975047990434e-01 4.882127379875658008e-02 3.493595162785101960e-01
4.479625610043030393e-01 4.927045889847177923e-02 3.492088726144529920e-01
4.480254659582943444e-01 4.971893315450216788e-02 3.490564517074851159e-01
4.481192917344392068e-01 5.016680792292338431e-02 3.489031825403441367e-01
4.482152190996375185e-01 5.061351071302638144e-02 3.487500500165137129e-01
4.483255952748822493e-01 5.106011943717592844e-02 3.486007180945183692e-01
4.484575535801537671e-01 5.150637671476873680e-02 3.484506002924188106e-01
4.485900679033187344e-01 5.195178559966689980e-02 3.483041884635200147e-01
4.487225378885390525e-01 5.239704894831090365e-02 3.481653825500782284e-01
4.488538024990698649e-01 5.284223147514974239e-02 3.480258434127158629e-01
4.490014878811625643e-01 5.328760696722562029e-02 3.478865922490887441e-01
4.491828855915386276e-01 5.373275578979458400e-02 3.477477747723311530e-01
4.493778793894806500e-01 5.417671435849718414e-02 3.476091174934526906e-01
4.495723535471927157e-01 5.461993927876991617e-02 3.474704270531182027e-01
4.497773816976070593e-01 5.506319248943976341e-02 3.473318728813964418e-01
4.500037218552198071e-01 5.550628583962499002e-02 3.471935894828120928e-01
4.502511164295123214e-01 5.594876746269093759e-02 3.470555734836148765e-01
4.504967948123952404e-01 5.639022699675606820e-02 3.469160415179150525e-01
4.507425614695359517e-01 5.683151311243194587e-02 3.467592814632046161e-01
4.509882637495165603e-01 5.727269287553280602e-02 3.465911098153057202e-01
4.512350646914936037e-01 5.771377804748045737e-02 3.464066559111435573e-01
4.514817149652575745e-01 5.815471385883202310e-02 3.462092549737187941e-01
4.517282997406885658e-01 5.859548993071501954e-02 3.459834147275700489e-01
4.519742476445146040e-01 5.903608497156243029e-02 3.457262356753548205e-01
4.522207677752539401e-01 5.947656804358392862e-02 3.454452562278382266e-01
4.524666078836296901e-01 5.991689782814582643e-02 3.451520335858824784e-01
4.527130122895580144e-01 6.035717930145187426e-02 3.448570642990458901e-01
4.529593071503562607e-01 6.079731522091268853e-02 3.445499530059723536e-01
4.532055465618750056e-01 6.123734753173169787e-02 3.442367451038582660e-01
4.534517221972946821e-01 6.167728253991705545e-02 3.439190395546213308e-01
4.536978368907355064e-01 6.211710420799478050e-02 3.435923508734200493e-01
4.539438887272260748e-01 6.255681732871874734e-02 3.432592696439611957e-01
4.541899223314941336e-01 6.299634195717515595e-02 3.428920684432469335e-01
4.544359242122882336e-01 6.343568640005878279e-02 3.425027511589728291e-01
4.546819013149041022e-01 6.387485024826763946e-02 3.420902120762059351e-01
4.549278179153524726e-01 6.431385894703119110e-02 3.416668518355817641e-01
4.551719020610895394e-01 6.475269923526315308e-02 3.412408761734435636e-01
4.553769602952528750e-01 6.519048705125486676e-02 3.408144490783917568e-01
4.555301706999871914e-01 6.562873655755853408e-02 3.403871540603544132e-01
4.556347879755291430e-01 6.606852171842103605e-02 3.399591216379757586e-01
4.557225449547725460e-01 6.651073646897885661e-02 3.395308993071279313e-01
4.557868653409692938e-01 6.695355352598621190e-02 3.391023561402609632e-01
4.558265752868013165e-01 6.739711184893264206e-02 3.386734969156138253e-01
4.558524931252048162e-01 6.784175969903276371e-02 3.382440946628800238e-01
4.558562267906016707e-01 6.828645689325250900e-02 3.378147808699249466e-01
4.558448789552738689e-01 6.873208156488518072e-02 3.373849754139247037e-01
4.558347429076508583e-01 6.917886816026641572e-02 3.369694906467363693e-01
4.558242596188674112e-01 6.962588453804079147e-02 3.366238861178307284e-01
4.558137089601940750e-01 7.007314120033703020e-02 3.363385238460783744e-01
4.558033500417381645e-01 7.052073868905280041e-02 3.361592746659076147e-01
4.557932731107062208e-01 7.096871707244951921e-02 3.360658254289873303e-01
4.557837823921477294e-01 7.141711807469176831e-02 3.360760120414998942e-01
4.557525333780375054e-01 7.186486213439818860e-02 3.360765958628794126e-01
4.557014292966054536e-01 7.231319781974970828e-02 3.360782593429906262e-01
4.556352018136762272e-01 7.276177770713217197e-02 3.360793478810724100e-01
4.555449967373666476e-01 7.320916153037547447e-02 3.360804431567547268e-01
4.554525207226312045e-01 7.365803226111636293e-02 3.360820143488980616e-01
4.553533330917600708e-01 7.410714043351977753e-02 3.360834754346075370e-01
4.552298932790906916e-01 7.455708926365503530e-02 3.360845904082447322e-01
4.550947598565938113e-01 7.500891213498493693e-02 3.360850108622941423e-01
4.549597272499785738e-01 7.546210309913357894e-02 3.360860171320634304e-01
4.548249935094272334e-01 7.591553361765228380e-02 3.360869740183425880e-01
4.547114032796086280e-01 7.636779722706030227e-02 3.360883619273164480e-01
4.546239343103122277e-01 7.681915602147955380e-02 3.360900391951193722e-01
4.545916048441665525e-01 7.725235611031949778e-02 3.360916461563472346e-01
4.545811133880947597e-01 7.762567361385805387e-02 3.360929409144260971e-01
4.545697341679110770e-01 7.791363224658329201e-02 3.360936576648736462e-01
4.545577653953617459e-01 7.808991837256107349e-02 3.360941627857317315e-01
4.545503486939734272e-01 7.813261100443051610e-02 3.360935976227362731e-01
4.545489775900144469e-01 7.814012807366886582e-02 3.360935666848680059e-01
4.545491268335460910e-01 7.813901821978791462e-02 3.360936885099444771e-01
4.545496131024089892e-01 7.813598965432473620e-02 3.360938406016815150e-01
4.545501378809438942e-01 7.813273926183617046e-02 3.360939929245850832e-01
4.545506287090594899e-01 7.812967956985457374e-02 3.360941382418681789e-01
4.545510707541762785e-01 7.812689570126815641e-02 3.360942751493959380e-01
4.545514633734021870e-01 7.812439223633461938e-02 3.360944036342021768e-01
4.545518103780432084e-01 7.812214773575755500e-02 3.360945243430488172e-01
4.545521147582500254e-01 7.812014631071328985e-02 3.360946375251941398e-01
4.545523802309621719e-01 7.811836718165086901e-02 3.360947437342205468e-01
4.545526097506431551e-01 7.811679432593421346e-02 3.360948432963548616e-01
4.545528070174698620e-01 7.811540658382398750e-02 3.360949368551645056e-01
4.545529740297499233e-01 7.811419371097742814e-02 3.360950245151151372e-01
4.545531142171382877e-01 7.811313563332281107e-02 3.360951069768428612e-01
