4.314094557798375251e-01 -4.489080949752533890e-12 3.396152352421258347e-01
4.314094557798375251e-01 -4.489080949752533890e-12 3.396152352421258347e-01
4.314008948116202502e-01 -2.276544671575009248e-06 3.395946543594534628e-01
4.314103146740388972e-01 -4.538790536944620499e-06 3.395901912975214376e-01
4.314146602412237685e-01 -6.749215088787186890e-06 3.395808548006858940e-01
4.314157600793503411e-01 -8.864079935298260765e-06 3.395687026109843187e-01
4.314145157140669706e-01 -1.088465430913957018e-05 3.395547428689540959e-01
4.314116327325447919e-01 -1.280910766136265593e-05 3.395397540326857699e-01
4.314076467753790722e-01 -1.463515219913709567e-05 3.395243108637566176e-01
4.314029639069459909e-01 -1.635970100144829215e-05 3.395088398951114916e-01
4.313978814229803560e-01 -1.798137553916118254e-05 3.394936349770980022e-01
4.313926183194138897e-01 -1.949926042352605735e-05 3.394789021739747503e-01
4.313873346075813853e-01 -2.091265817251578208e-05 3.394647837376283395e-01
4.313821405260056530e-01 -2.222249548209321912e-05 3.394513623752062892e-01
4.313771121390017615e-01 -2.343035410863007406e-05 3.394386845942220510e-01
4.313723010564844418e-01 -2.453800343024192140e-05 3.394267732089217282e-01
4.313677349712448650e-01 -2.554901681833698137e-05 3.394156201858957722e-01
4.313634335138554210e-01 -2.646582958123414657e-05 3.394052180886631964e-01
4.313593986674061354e-01 -2.729322043727744497e-05 3.393955322631859728e-01
4.313556294281338244e-01 -2.803523704048942178e-05 3.393865319677845105e-01
4.313521231139115231e-01 -2.869490741288300612e-05 3.393781908433018968e-01
4.313488646897528089e-01 -2.927805579885842645e-05 3.393704590651458464e-01
4.313458441859700510e-01 -2.978855028322231299e-05 3.393633032723348819e-01
4.313430489542623980e-01 -3.023048950270718093e-05 3.393566870494951204e-01
4.313404645384233960e-01 -3.060834518416661909e-05 3.393505719261136755e-01
4.313380751343046104e-01 -3.092703754807076954e-05 3.393449177958261509e-01
4.313358718883305576e-01 -3.118897870106952151e-05 3.393397023395728906e-01
4.313338370003735878e-01 -3.139955755125112822e-05 3.393348826499333337e-01
4.313319603349639042e-01 -3.156177572379263317e-05 3.393304345239748221e-01
4.313302310991903310e-01 -3.167862945972092293e-05 3.393263326214119857e-01
4.313286342782443605e-01 -3.175493039307027268e-05 3.393225416125836280e-01
4.313271626948829707e-01 -3.179270205496675657e-05 3.393190449559250199e-01
4.313258048384306931e-01 -3.179550949165417767e-05 3.393158158677471170e-01
4.313245531821129908e-01 -3.176556188015713244e-05 3.393128370011729289e-01
4.313233961041842979e-01 -3.170688381097411072e-05 3.393100811974674169e-01
4.313223299113411735e-01 -3.162023169799093811e-05 3.393075401685253234e-01
4.313213467323380179e-01 -3.150796724541926543e-05 3.393051956782155432e-01
4.313204388420805446e-01 -3.137278810412468216e-05 3.393030296787767353e-01
4.313196023980999105e-01 -3.121555484667829856e-05 3.393010333611017337e-01
4.313188295929665239e-01 -3.103911846697896226e-05 3.392991884106492662e-01
4.313181166220833584e-01 -3.084454974005133068e-05 3.392974859693147494e-01
4.313174557735653392e-01 -3.063513044523722702e-05 3.392959078261523209e-01
4.313168470830363588e-01 -3.040983371521778001e-05 3.392944542256710605e-01
4.313162865455515416e-01 -3.016953048263441156e-05 3.392931158307315731e-01
4.313157666106968713e-01 -2.991804104899430607e-05 3.392918746762539906e-01
4.313152873243364938e-01 -2.965441476033932517e-05 3.392907309090314460e-01
4.313148447932252938e-01 -2.937990802628148579e-05 3.392896753543078181e-01
4.313144353085462956e-01 -2.909618323037217329e-05 3.392886991724163304e-01
4.313140552241301329e-01 -2.880515541866035938e-05 3.392877936559659524e-01
4.313137044628527761e-01 -2.850570262165149938e-05 3.392869586381002667e-01
4.313133793299515073e-01 -2.819967223568914405e-05 3.392861853371758607e-01
4.313130797213600709e-01 -2.788590581859987110e-05 3.392854734920795479e-01
4.313128020404919383e-01 -2.756654208829967056e-05 3.392848145315318087e-01
4.313125461602542732e-01 -2.724047933414846720e-05 3.392842081196498771e-01
4.313123086164866171e-01 -2.691023167735076386e-05 3.392836459852818787e-01
4.313120892757614788e-01 -2.657482652897140085e-05 3.392831277648294952e-01
4.313118878115350108e-01 -2.623283081897325567e-05 3.392826526970221801e-01
4.313117009537479896e-01 -2.588724575536408880e-05 3.392822129584475710e-01
4.313115257498789101e-01 -2.554195538653359618e-05 3.392818014174635022e-01
4.313113647874882162e-01 -2.519161483009231149e-05 3.392814242213784137e-01
4.313112149825221731e-01 -2.483944954231480156e-05 3.392810740488338417e-01
4.313110761450790753e-01 -2.448485753396873209e-05 3.392807503863581320e-01
4.313109479277908442e-01 -2.412682532375081131e-05 3.392804524028257274e-01
4.313108299323271666e-01 -2.376430300676000767e-05 3.392801791426360292e-01
4.313107196244787556e-01 -2.340178696941055495e-05 3.392799245331715730e-01
4.313106168247672345e-01 -2.303909404636604952e-05 3.392796880879554444e-01
4.313105212341247774e-01 -2.267556629815842707e-05 3.392794690887848130e-01
4.313104325309498055e-01 -2.231052534101022751e-05 3.392792667607112955e-01
4.313103503727447885e-01 -2.194332715870860159e-05 3.392790802794399263e-01
4.313102744022250246e-01 -2.157337085872637982e-05 3.392789087853100294e-01
4.313102042652678936e-01 -2.120010214166790299e-05 3.392787514047810316e-01
4.313101382557825159e-01 -2.082911925749563969e-05 3.392786040403467096e-01
4.313100774931644676e-01 -2.045457280966771411e-05 3.392784693240947225e-01
4.313100203903328933e-01 -2.008167514502882484e-05 3.392783434963873024e-01
4.313099668075814908e-01 -1.971074730345409286e-05 3.392782261829516144e-01
4.313099175517518535e-01 -1.933533272971054101e-05 3.392781193040503296e-01
4.313098713127874184e-01 -1.896079226255594234e-05 3.392780197604550740e-01
4.313098279552111114e-01 -1.858753222481378470e-05 3.392779271906893324e-01
4.313097880925938488e-01 -1.820908660098606447e-05 3.392778430498974984e-01
4.313097506637831313e-01 -1.783096751338573312e-05 3.392777648307484517e-01
4.313097155460436927e-01 -1.745365271950570025e-05 3.392776922075630974e-01
4.313096825847531623e-01 -1.707709763100583852e-05 3.392776248058386179e-01
4.313096516336480390e-01 -1.670121312050859799e-05 3.392775622717288941e-01
4.313096225548399554e-01 -1.632591618065436649e-05 3.392775042716703049e-01
4.313095956983760693e-01 -1.594467561655335948e-05 3.392774516286439779e-01
4.313095703951050353e-01 -1.556317338398397873e-05 3.392774027709027918e-01
4.313095465595382372e-01 -1.518196918940699892e-05 3.392773574691291261e-01
4.313095240855248647e-01 -1.480108315446597837e-05 3.392773154655498447e-01
4.313095028737640169e-01 -1.442048223109888841e-05 3.392772765196577778e-01
4.313094828317700635e-01 -1.404013239740903998e-05 3.392772404075304338e-01
4.313094638735501807e-01 -1.366000366342397803e-05 3.392772069209630814e-01
4.313094459192079455e-01 -1.328007004209068132e-05 3.392771758664980264e-01
4.313094288945508725e-01 -1.290030904704344121e-05 3.392771470644813103e-01
4.313094127307164904e-01 -1.252070121160430346e-05 3.392771203481556030e-01
4.313093973638137957e-01 -1.214122966629270382e-05 3.392770955627995577e-01
4.313093827345879649e-01 -1.176187977447172673e-05 3.392770725649108532e-01
4.313093687880988902e-01 -1.138263881925549687e-05 3.392770512214344225e-01
4.313093554734220292e-01 -1.100349573503832069e-05 3.392770314090386430e-01
4.313093427433679072e-01 -1.062444087390896102e-05 3.392770130134280526e-01
4.313093305542141098e-01 -1.024546580889412972e-05 3.392769959287105785e-01
4.313093188654619214e-01 -9.866563161755713683e-06 3.392769800567946858e-01
4.313093076396017911e-01 -9.487726457387254532e-06 3.392769653068315461e-01
4.313092968419010020e-01 -9.108949997909797385e-06 3.392769515946938430e-01
4.313092864402002791e-01 -8.730228754472113914e-06 3.392769388424891064e-01
4.313092764047290473e-01 -8.351558275501762152e-06 3.392769269781062413e-01
4.313092667079295173e-01 -7.972934607535225933e-06 3.392769159347945873e-01
4.313092573242942041e-01 -7.594354226814625734e-06 3.392769056507734526e-01
4.313092482302188779e-01 -7.215813981318938624e-06 3.392768960688654079e-01
4.313092394038594013e-01 -6.837311041364725064e-06 3.392768871361585004e-01
4.313092308250030538e-01 -6.458842856677416639e-06 3.392768788036941707e-01
4.313092224749489612e-01 -6.080407119346037882e-06 3.392768710261735987e-01
4.313092143363951303e-01 -5.702001732839962480e-06 3.392768637616877525e-01
4.313092063933364750e-01 -5.323624785291650981e-06 3.392768569714664229e-01
4.313091986309667281e-01 -4.945274526295174072e-06 3.392768506196457978e-01
4.313091910355911218e-01 -4.566949346475763496e-06 3.392768446730528020e-01
4.313091835945432329e-01 -4.188647761810504592e-06 3.392768391010043127e-01
4.313091762961075437e-01 -3.810368397241370087e-06 3.392768338751233625e-01
4.313091691294502206e-01 -3.432109976084715906e-06 3.392768289691661665e-01
4.313091620845524998e-01 -3.053871307491089683e-06 3.392768243588630828e-01
4.313091551521489042e-01 -2.675651278106651756e-06 3.392768200217732844e-01
4.313091483236743962e-01 -2.297448843953293291e-06 3.392768159371444825e-01
4.313091415575520116e-01 -1.912717719517190193e-06 3.392768119903728508e-01
4.313091349034677835e-01 -1.533833453493373130e-06 3.392768083419180347e-01
4.313091283398862719e-01 -1.155587103420392947e-06 3.392768049023345278e-01
4.313091218527417281e-01 -7.774228670023478760e-07 3.392768016475191661e-01
4.313091153937444466e-01 -3.927330154095423640e-07 3.392767984477996213e-01
4.313091090309171260e-01 -1.388942626057665942e-08 3.392767955075676189e-01
4.313091027359581275e-01 3.643186105403046976e-07 3.392767927215397661e-01
4.313090964967972729e-01 7.424469205095388421e-07 3.392767900702789996e-01
4.313090903084414451e-01 1.120556401047469676e-06 3.392767875426760393e-01
4.313090841180995949e-01 1.505202537324414039e-06 3.392767849974951400e-01
4.313090780100303778e-01 1.884004513564450099e-06 3.392767826778024798e-01
4.313090719500120018e-01 2.262173601737260839e-06 3.392767804644465923e-01
4.313090659277185046e-01 2.640265514179246144e-06 3.392767783420745920e-01
4.313090598867412861e-01 3.024890285293133385e-06 3.392767761617026534e-01
4.313090539202902307e-01 3.403671006820398612e-06 3.392767741878319754e-01
4.313090479908242014e-01 3.781820340949637471e-06 3.392767722935701724e-01
4.313090420889920118e-01 4.159894046738932460e-06 3.392767704658452566e-01
4.313090361562657016e-01 4.544502924329009072e-06 3.392767685506493658e-01
4.313090302924292851e-01 4.923268436420671505e-06 3.392767668281402305e-01
4.313090244575306098e-01 5.301403896451104676e-06 3.392767651658008532e-01
4.313090186429278106e-01 5.679465044464772314e-06 3.392767635522200842e-01
4.313090128463167860e-01 6.057512563928090575e-06 3.392767619828120362e-01
4.313090070080181082e-01 6.442104449137652231e-06 3.392767603000063081e-01
4.313090012336716628e-01 6.820854466005440482e-06 3.392767587977793542e-01
4.313089954812118210e-01 7.198976042536194026e-06 3.392767573386908930e-01
4.313089897426176655e-01 7.577024826675737155e-06 3.392767559127819466e-01
4.313089839564461236e-01 7.961613000332200257e-06 3.392767543591790891e-01
4.313089782314916687e-01 8.340359056587425327e-06 3.392767529794170622e-01
4.313089725244962924e-01 8.718477503296840012e-06 3.392767516332995115e-01
4.313089668277820254e-01 9.096524044285259986e-06 3.392767503116784766e-01
4.313089611398034373e-01 9.474559275454462468e-06 3.392767490118075435e-01
4.313089553989120084e-01 9.859142315827752412e-06 3.392767475715086634e-01
4.313089497168282049e-01 1.023788451336315595e-05 3.392767462991226890e-01
4.313089440492556270e-01 1.061600027256575767e-05 3.392767450520493000e-01
4.313089383888190631e-01 1.099404520989131000e-05 3.392767438218525222e-01
4.313089327342114476e-01 1.137207987406403186e-05 3.392767426063639791e-01
4.313089270231528216e-01 1.175666388015998999e-05 3.392767412419556705e-01
4.313089213692976598e-01 1.213540750794667464e-05 3.392767400414836709e-01
4.313089157276377983e-01 1.251352559290471441e-05 3.392767388607260126e-01
4.313089100910000862e-01 1.289157373516193456e-05 3.392767376917240618e-01
4.313089043960289803e-01 1.327616549222921200e-05 3.392767363691902016e-01
4.313088987573849287e-01 1.365491640749369085e-05 3.392767352083976840e-01
4.313088931296534256e-01 1.403304218127124172e-05 3.392767340642161566e-01
4.313088875057725646e-01 1.441109847480775533e-05 3.392767329289498868e-01
4.313088818846845252e-01 1.478914579420909123e-05 3.392767318010357913e-01
4.313088762034307799e-01 1.517374436609579211e-05 3.392767305153301938e-01
4.313088705777214926e-01 1.555250314674461474e-05 3.392767293894082270e-01
4.313088649617909387e-01 1.593063750843592519e-05 3.392767282773554993e-01
4.313088593486762434e-01 1.630870302985475376e-05 3.392767271717103683e-01
4.313088536745141588e-01 1.669331378349111778e-05 3.392767259060817664e-01
4.313088480554852500e-01 1.707208419807648459e-05 3.392767247991767543e-01
4.313088424456127390e-01 1.745023042633568706e-05 3.392767237046331874e-01
4.313088368379868198e-01 1.782830811050858233e-05 3.392767226151170989e-01
4.313088312316707418e-01 1.820637772137656104e-05 3.392767215293601146e-01
4.313088255633512613e-01 1.859099989767300782e-05 3.392767202814757077e-01
4.313088199497873698e-01 1.896978269651826215e-05 3.392767191913504399e-01
4.313088143448244316e-01 1.934794185513639663e-05 3.392767181122402498e-01
4.313088087416003247e-01 1.972603293651537608e-05 3.392767170369271890e-01
4.313088031392165456e-01 2.010411638635014846e-05 3.392767159642355868e-01
4.313087974742361719e-01 2.048875304110613709e-05 3.392767147280422724e-01
4.313087918637718565e-01 2.086755052598001278e-05 3.392767136489691637e-01
4.313087862615375134e-01 2.124572475130329395e-05 3.392767125800069117e-01
4.313087806607001640e-01 2.162383127174171118e-05 3.392767115140156720e-01
4.313087750603887272e-01 2.200193051890138806e-05 3.392767104498826125e-01
4.313087693970730774e-01 2.238658348726268950e-05 3.392767092213234137e-01
4.313087637881212189e-01 2.276539745603904468e-05 3.392767081494554859e-01
4.313087581871501985e-01 2.314358847505714468e-05 3.392767070870934543e-01
4.313087525873479100e-01 2.352171209117192435e-05 3.392767060271464907e-01
4.313087469878588709e-01 2.389982872502170456e-05 3.392767049685449510e-01
4.313087413250841773e-01 2.428449949566199154e-05 3.392767037448953804e-01
4.313087357165782398e-01 2.466333140764659948e-05 3.392767026776505324e-01
4.313087301158864961e-01 2.504154062145615408e-05 3.392767016195044061e-01
4.313087245162105510e-01 2.541968267717998906e-05 3.392767005634012567e-01
4.313087188531842253e-01 2.580437239564581660e-05 3.392766993420334720e-01
4.313087132443947369e-01 2.618322257328046778e-05 3.392766982769388484e-01
4.313087076433379519e-01 2.656145002229947348e-05 3.392766972207383325e-01
4.313087020432189722e-01 2.693961035076212300e-05 3.392766961663928882e-01
4.313086964431995241e-01 2.731776397552200425e-05 3.392766951128746156e-01
4.313086907795881664e-01 2.770247212496737980e-05 3.392766938936758736e-01
4.313086851701687929e-01 2.808134155675953396e-05 3.392766928305967489e-01
4.313086795683985786e-01 2.845958853253768606e-05 3.392766917762051193e-01
4.313086739674878989e-01 2.883776858657224320e-05 3.392766907234807672e-01
4.313086683666051413e-01 2.921594212082586939e-05 3.392766896714100033e-01
4.313086627020173980e-01 2.960067043635786305e-05 3.392766884534442196e-01
4.313086570916055407e-01 2.997956012709954412e-05 3.392766873915039061e-01
4.313086514887874978e-01 3.035782752057409605e-05 3.392766863381140863e-01
4.313086458867778639e-01 3.073602814660904504e-05 3.392766852862649785e-01
4.313086402847478018e-01 3.111422240077485316e-05 3.392766842349528300e-01
4.313086346189280440e-01 3.149897164127661494e-05 3.392766830176009996e-01
4.313086290072811746e-01 3.187788233459881655e-05 3.392766819562125225e-01
4.313086234031921484e-01 3.225617085887140756e-05 3.392766809032822239e-01
4.313086177998768367e-01 3.263439274084244454e-05 3.392766798518082605e-01
4.313086121965091224e-01 3.301260837079323128e-05 3.392766788007930412e-01
4.313086065292855986e-01 3.339737915023755860e-05 3.392766775836399962e-01
4.313086009162409584e-01 3.377631144743331007e-05 3.392766765224092262e-01
4.313085953107310688e-01 3.415462168001610611e-05 3.392766754695756282e-01
4.313085897059716345e-01 3.453286537097236388e-05 3.392766744181414107e-01
4.313085841011382038e-01 3.491110290747710725e-05 3.392766733671142010e-01
4.313085784323959504e-01 3.529589572230383055e-05 3.392766721498805538e-01
4.313085728178446820e-01 3.567485011009374714e-05 3.392766710885444237e-01
4.313085672108138424e-01 3.605318251738950285e-05 3.392766700355640541e-01
4.313085616045175263e-01 3.643144846514497458e-05 3.392766689839451510e-01
4.313085559981327255e-01 3.680970833660883614e-05 3.392766679326978396e-01
4.313085503277946930e-01 3.719452358924640542e-05 3.392766667151976279e-01
4.313085447116638549e-01 3.757350046044467270e-05 3.392766656535793901e-01
4.313085391030443416e-01 3.795185542010066947e-05 3.392766646002889908e-01
4.313085334951489713e-01 3.833014398658729548e-05 3.392766635483350224e-01
4.313085278871549577e-01 3.870842654024837586e-05 3.392766624967294420e-01
4.313085222151699649e-01 3.909326455500135273e-05 3.392766612788374880e-01
4.313085165974107626e-01 3.947226422827495885e-05 3.392766602168184042e-01
4.313085109871568901e-01 3.985064204508513363e-05 3.392766591631097839e-01
4.313085053776209432e-01 4.022895352280918106e-05 3.392766581107199420e-01
4.313084997679798027e-01 4.060725903930185559e-05 3.392766570586628894e-01
4.313084941581366571e-01 4.098556527947451651e-05 3.392766560068110615e-01
4.313084884842389721e-01 4.137042796169770827e-05 3.392766547886053585e-01
4.313084828645853963e-01 4.174945248368284274e-05 3.392766537262507098e-01
4.313084772524253263e-01 4.212785532590826996e-05 3.392766526721731624e-01
4.313084716409709141e-01 4.250619199306982155e-05 3.392766516193830295e-01
4.313084660293994843e-01 4.288452285562731553e-05 3.392766505668970423e-01
4.313084603537556405e-01 4.326940945662602328e-05 3.392766493480615653e-01
4.313084547323800533e-01 4.364845783722436974e-05 3.392766482850813059e-01
4.313084491185008584e-01 4.402688454323228160e-05 3.392766472303776482e-01
4.313084435053263221e-01 4.440524508507023220e-05 3.392766461769612385e-01
4.313084378920348794e-01 4.478359983382552832e-05 3.392766451238478087e-01
4.313084322146436000e-01 4.516851032422458846e-05 3.392766439043783389e-01
4.313084265915452797e-01 4.554758261029590011e-05 3.392766428407691937e-01
4.313084209759449061e-01 4.592603323241528738e-05 3.392766417854355399e-01
4.313084153610495797e-01 4.630441770048875609e-05 3.392766407313889121e-01
4.313084097460359589e-01 4.668279638514586966e-05 3.392766396776447091e-01
4.313084040668961339e-01 4.706773081159845425e-05 3.392766384575390259e-01
4.313083984420726380e-01 4.744682704814099050e-05 3.392766373932973312e-01
4.313083928247493093e-01 4.782530163035400507e-05 3.392766363373316274e-01
4.313083872081314718e-01 4.820371006654784279e-05 3.392766352826518395e-01
4.313083815913951735e-01 4.858211272703606281e-05 3.392766342282747538e-01
4.313083759744452683e-01 4.896051628922106375e-05 3.392766331740747487e-01
4.313083702933140362e-01 4.934547649813703860e-05 3.392766319534665787e-01
4.313083646665218929e-01 4.972459867552254763e-05 3.392766308887109616e-01
4.313083590472236439e-01 5.010309933069838172e-05 3.392766298322114626e-01
4.313083534286237253e-01 5.048153396077305116e-05 3.392766287769802269e-01
4.313083478098983514e-01 5.085996293074862220e-05 3.392766277220344295e-01
4.313083421269788831e-01 5.124494779373531316e-05 3.392766265006957882e-01
4.313083364984249268e-01 5.162409454950843971e-05 3.392766254352201916e-01
4.313083308773707492e-01 5.200261975867942276e-05 3.392766243780077629e-01
4.313083252570171222e-01 5.238107892581543302e-05 3.392766233220693151e-01
4.313083196365409266e-01 5.275953241647647396e-05 3.392766222664214681e-01
4.313083139518453235e-01 5.314454176378103126e-05 3.392766210443828867e-01
4.313083083215420444e-01 5.352371300641266223e-05 3.392766199782142889e-01
4.313083026987420410e-01 5.390226268980398443e-05 3.392766189203147986e-01
4.313082970766438651e-01 5.428074631836505415e-05 3.392766178636928975e-01
4.313082914544250634e-01 5.465922425814894966e-05 3.392766168073648170e-01
4.313082858319886026e-01 5.503770318312904307e-05 3.392766157512077108e-01
4.313082801452813309e-01 5.542273883400650658e-05 3.392766145286179036e-01
4.313082745129885320e-01 5.580193652717918156e-05 3.392766134618895868e-01
4.313082688881958449e-01 5.618051277318412366e-05 3.392766124034140018e-01
4.313082632640986569e-01 5.655902306511231169e-05 3.392766113462017952e-01
4.313082576398752366e-01 5.693752776413373322e-05 3.392766102892690316e-01
4.313082519513680158e-01 5.732258841278763535e-05 3.392766090659231071e-01
4.313082463173037451e-01 5.770181102013090398e-05 3.392766079984505523e-01
4.313082406907444710e-01 5.808041214241397362e-05 3.392766069392395556e-01
4.313082350648854146e-01 5.845894728022125927e-05 3.392766058812988761e-01
4.313082294389017357e-01 5.883747679699621202e-05 3.392766048236460774e-01
4.313082238126981771e-01 5.921600736358564952e-05 3.392766037661572587e-01
4.313082181221609690e-01 5.960109472164843331e-05 3.392766025422178644e-01
4.313082124860911915e-01 5.998034417650060493e-05 3.392766014741458447e-01
4.313082068575236905e-01 6.035897224242082207e-05 3.392766004143223935e-01
4.313082012296506340e-01 6.073753440900914261e-05 3.392765993557578796e-01
4.313081956016491803e-01 6.111609103540687632e-05 3.392765982974695893e-01
4.313081899093030303e-01 6.150120365868417508e-05 3.392765970727515956e-01
4.313081842714523995e-01 6.188047828975405857e-05 3.392765960039140216e-01
4.313081786411104845e-01 6.225913148260978113e-05 3.392765949433362294e-01
4.313081730114671775e-01 6.263771873610820358e-05 3.392765938840258122e-01
4.313081673816988593e-01 6.301630041087267228e-05 3.392765928250005558e-01
4.313081617517093291e-01 6.339488317673902702e-05 3.392765917661366148e-01
4.313081560573255313e-01 6.378002276407642021e-05 3.392765905408084981e-01
4.313081504174617886e-01 6.415932449154677160e-05 3.392765894713559716e-01
4.313081447851046524e-01 6.453800486716912475e-05 3.392765884101508478e-01
4.313081391534419051e-01 6.491661937842842852e-05 3.392765873502023855e-01
4.313081335216500944e-01 6.529522838303050897e-05 3.392765862905289254e-01
4.313081278896327975e-01 6.567383854697800912e-05 3.392765852310077324e-01
4.313081221931846509e-01 6.605900561761420149e-05 3.392765840050054327e-01
4.313081165512832049e-01 6.643833487435889099e-05 3.392765829348785012e-01
4.313081109168883653e-01 6.681704283956209193e-05 3.392765818729914784e-01
4.313081052831849727e-01 6.719568499833745393e-05 3.392765808123549554e-01
4.313080996493499075e-01 6.757432170584151850e-05 3.392765797519873838e-01
4.313080940152872467e-01 6.795295962586075163e-05 3.392765786917664728e-01
4.313080883167588753e-01 6.833815451462834159e-05 3.392765774650511323e-01
4.313080826728044048e-01 6.871751162870997883e-05 3.392765763942122148e-01
4.313080770363578731e-01 6.909624749799657482e-05 3.392765753316107080e-01
4.313080714006014005e-01 6.947491760606820232e-05 3.392765742702553156e-01
4.313080657647114791e-01 6.985358230570743376e-05 3.392765732091647668e-01
4.313080600643469098e-01 7.023880313338442356e-05 3.392765719816084324e-01
4.313080544185867171e-01 7.061818608265244088e-05 3.392765709099455074e-01
4.313080487803429564e-01 7.099694771185989886e-05 3.392765698465349256e-01
4.313080431427949168e-01 7.137564351309455047e-05 3.392765687843836697e-01
4.313080375051183135e-01 7.175433384242027894e-05 3.392765677225101917e-01
4.313080318672173341e-01 7.213302536503791908e-05 3.392765666607915898e-01
4.313080261647948555e-01 7.251827379749816848e-05 3.392765654325770597e-01
4.313080205170022885e-01 7.289768446961515885e-05 3.392765643602537184e-01
4.313080148767246547e-01 7.327647388273419505e-05 3.392765632961748934e-01
4.313080092371406327e-01 7.365519751849343530e-05 3.392765622333481779e-01
4.313080035974247162e-01 7.403391573039147272e-05 3.392765611707915241e-01
4.313079979574819256e-01 7.441263518144074782e-05 3.392765601083830851e-01
4.313079922529817201e-01 7.479791159428362938e-05 3.392765588794654508e-01
4.313079866031387377e-01 7.517735028172952739e-05 3.392765578064400600e-01
4.313079809608120208e-01 7.555616775047966477e-05 3.392765567416543560e-01
4.313079753191770283e-01 7.593491948077890511e-05 3.392765556781164316e-01
4.313079696774079208e-01 7.631366582487467218e-05 3.392765546148441280e-01
4.313079640354103850e-01 7.669241344376733058e-05 3.392765535517161535e-01
4.313079583288215724e-01 7.707771806032872046e-05 3.392765523220683810e-01
4.313079526769183492e-01 7.745718498165626820e-05 3.392765512483159607e-01
4.313079470325324460e-01 7.783603071646457371e-05 3.392765501827999519e-01
4.313079413888367686e-01 7.821481074318796425e-05 3.392765491185288362e-01
4.313079357450068096e-01 7.859358541233771713e-05 3.392765480545213985e-01
4.313079301009463129e-01 7.897236138392839963e-05 3.392765469906551257e-01
4.313079243922618433e-01 7.935769437789863784e-05 3.392765457602607282e-01
4.313079187382908852e-01 7.973718970298457548e-05 3.392765446857650691e-01
4.313079130918394677e-01 8.011606386654557331e-05 3.392765436195048223e-01
4.313079074460781093e-01 8.049487234573711502e-05 3.392765425544874702e-01
4.313079018001811371e-01 8.087367548958817026e-05 3.392765414897321308e-01
4.313078961540539602e-01 8.125247995772414550e-05 3.392765404251167904e-01
4.313078904432684491e-01 8.163784146363484585e-05 3.392765391939653874e-01
4.313078847872265920e-01 8.201736532400087936e-05 3.392765381187171081e-01
4.313078791387056632e-01 8.239626804263733631e-05 3.392765370517037415e-01
4.313078734908746825e-01 8.277510509509447133e-05 3.392765359859323815e-01
4.313078678429079771e-01 8.315393683014143857e-05 3.392765349204220349e-01
4.313078621947105118e-01 8.353276990606266260e-05 3.392765338550507437e-01
4.313078564818214056e-01 8.391816002839403810e-05 3.392765326231366174e-01
4.313078508237050968e-01 8.429771252587858635e-05 3.392765315471298893e-01
4.313078451731124363e-01 8.467664389753835669e-05 3.392765304793580738e-01
4.313078395232097795e-01 8.505550961730669237e-05 3.392765294128276543e-01
4.313078338731708428e-01 8.543437003347651175e-05 3.392765283465574155e-01
4.313078282229008686e-01 8.581323180359770597e-05 3.392765272804260657e-01
4.313078225723812054e-01 8.619209574963837897e-05 3.392765262144026295e-01
4.313078168571226056e-01 8.657751698292133794e-05 3.392765249818037177e-01
4.313078111966644479e-01 8.695710067502944419e-05 3.392765239051053205e-01
4.313078055437268299e-01 8.733606335059967388e-05 3.392765228366266261e-01
4.313077998914733868e-01 8.771496047906163511e-05 3.392765217693747282e-01
4.313077942390785569e-01 8.809385240369782273e-05 3.392765207023685781e-01
4.313077885864463612e-01 8.847274577865632159e-05 3.392765196354891599e-01
4.313077828690471405e-01 8.885819632543596536e-05 3.392765184020385405e-01
4.313077772064802251e-01 8.923780932917401776e-05 3.392765173244984278e-01
4.313077715514393451e-01 8.961680130333778734e-05 3.392765162551839020e-01
4.313077658970841943e-01 8.999572771808003150e-05 3.392765151871019458e-01
4.313077602425898216e-01 9.037464891742489357e-05 3.392765141192710665e-01
4.313077545878601371e-01 9.075357155503613175e-05 3.392765130515711380e-01
4.313077488683329519e-01 9.113905133200785416e-05 3.392765118172993977e-01
4.313077432036686032e-01 9.151869357326656847e-05 3.392765107389464352e-01
4.313077375465341756e-01 9.189771477629985266e-05 3.392765096688233895e-01
4.313077318900876422e-01 9.227667041077962048e-05 3.392765085999355223e-01
4.313077262335023865e-01 9.265562082064991982e-05 3.392765075313027845e-01
4.313077205766838729e-01 9.303457266061881243e-05 3.392765064628030514e-01
4.313077149196132831e-01 9.341352674931633346e-05 3.392765053944069575e-01
4.313077091976991184e-01 9.379903818134994195e-05 3.392765041594107411e-01
4.313077035306764340e-01 9.417871214928174347e-05 3.392765030803287507e-01
4.313076978711820053e-01 9.455776516653050141e-05 3.392765020094642425e-01
4.313076922123704193e-01 9.493675269914461743e-05 3.392765009398232556e-01
4.313076865534160587e-01 9.531573508752201227e-05 3.392764998704256296e-01
4.313076808942234996e-01 9.569471898249063205e-05 3.392764988011513494e-01
4.313076751701599432e-01 9.608026008157928089e-05 3.392764975652833859e-01
4.313076695010199524e-01 9.645996370635911824e-05 3.392764964853410836e-01
4.313076638394133244e-01 9.683904635425632916e-05 3.392764954136241462e-01
4.313076581784931474e-01 9.721806349147843549e-05 3.392764943431371139e-01
4.313076525174324716e-01 9.759707545934337132e-05 3.392764932729000482e-01
4.313076468561363175e-01 9.797608891062071265e-05 3.392764922027919350e-01
4.313076411945863109e-01 9.835510466088996987e-05 3.392764911327826871e-01
4.313076354681193436e-01 9.874067779445935898e-05 3.392764898961560527e-01
4.313076297966074724e-01 9.912041351650478338e-05 3.392764888154521929e-01
4.313076241326280202e-01 9.949952833458286083e-05 3.392764877429634285e-01
4.313076184693309112e-01 9.987857771124680978e-05 3.392764866716955763e-01
4.313076128058896952e-01 1.002576219845120574e-04 3.392764856006683649e-01
4.313076071422089486e-01 1.006366678045444817e-04 3.392764845297618348e-01
4.313076014782717960e-01 1.010157159847766830e-04 3.392764834589467871e-01
4.313075957493762713e-01 1.014013216185721746e-04 3.392764822214976439e-01
4.313075900754678726e-01 1.017810898861240770e-04 3.392764811399734959e-01
4.313075844090924482e-01 1.021602373033092163e-04 3.392764800666586145e-01
4.313075787433974240e-01 1.025393193301658140e-04 3.392764789945592052e-01
4.313075730775564054e-01 1.029183963031030520e-04 3.392764779226950522e-01
4.313075674114734137e-01 1.032974748697976290e-04 3.392764768509478057e-01
4.313075616804079027e-01 1.036831107139949006e-04 3.392764756125783432e-01
4.313075560043623247e-01 1.040629091693549482e-04 3.392764745301473650e-01
4.313075503358571594e-01 1.044420867265539039e-04 3.392764734559375883e-01
4.313075446680364466e-01 1.048211988465343360e-04 3.392764723829533313e-01
4.313075390000732923e-01 1.052003058678679622e-04 3.392764713102140450e-01
4.313075333318724391e-01 1.055794144398781271e-04 3.392764702375993258e-01
4.313075276634159017e-01 1.059585253759514880e-04 3.392764691650800857e-01
4.313075219299332130e-01 1.063441937360857105e-04 3.392764679259178684e-01
4.313075162515013772e-01 1.067240247594541610e-04 3.392764668426940800e-01
4.313075105806098986e-01 1.071032349384923473e-04 3.392764657676838880e-01
4.313075049104003744e-01 1.074823797312911961e-04 3.392764646938919992e-01
4.313074992400455776e-01 1.078615194737624435e-04 3.392764636203376982e-01
4.313074935694498624e-01 1.082406608133704070e-04 3.392764625469024131e-01
4.313074878985962424e-01 1.086198045618720116e-04 3.392764614735553907e-01
4.313074821626756705e-01 1.090055057805792879e-04 3.392764602335535118e-01
4.313074764818387030e-01 1.093853696994781001e-04 3.392764591494908388e-01
4.313074708085437026e-01 1.097646128136272643e-04 3.392764580736387647e-01
4.313074651359288803e-01 1.101437905792585582e-04 3.392764569990003864e-01
4.313074594631671199e-01 1.105229633308325811e-04 3.392764559245960432e-01
4.313074537901633310e-01 1.109021377137478249e-04 3.392764548503069411e-01
4.313074481169000274e-01 1.112813145389207549e-04 3.392764537761031596e-01
4.313074423785304701e-01 1.116670488641902006e-04 3.392764525352329197e-01
4.313074366952779348e-01 1.120469459207911085e-04 3.392764514503073259e-01
4.313074310195690320e-01 1.124262222025639767e-04 3.392764503735893333e-01
4.313074253445398076e-01 1.128054331641176677e-04 3.392764492980827051e-01
4.313074196693630347e-01 1.131846391380897897e-04 3.392764482228083911e-01
4.313074139939426788e-01 1.135638467696460972e-04 3.392764471476467092e-01
4.313074083182624752e-01 1.139430568681228578e-04 3.392764460725687936e-01
4.313074025774368825e-01 1.143288244841599613e-04 3.392764448308156489e-01
4.313073968917622292e-01 1.147087548580430841e-04 3.392764437450113135e-01
4.313073912136334287e-01 1.150880644804014937e-04 3.392764426674141354e-01
4.313073855361849729e-01 1.154673088032359229e-04 3.392764415910278220e-01
4.313073798585876362e-01 1.158465481587254981e-04 3.392764405148719908e-01
4.313073741807466610e-01 1.162257891911242273e-04 3.392764394388275151e-01
4.313073685026448389e-01 1.166050327089438425e-04 3.392764383628667502e-01
4.313073628242749535e-01 1.169842788828289566e-04 3.392764372869702116e-01
4.313073570807083312e-01 1.173700827268179864e-04 3.392764360443695226e-01
4.313073513923262881e-01 1.177500494014048038e-04 3.392764349577142013e-01
4.313073457114890985e-01 1.181293954223423917e-04 3.392764338792526591e-01
4.313073400313267025e-01 1.185086762387477764e-04 3.392764328019893250e-01
4.313073343510110957e-01 1.188879521785096656e-04 3.392764317249449824e-01
4.313073286704474096e-01 1.192672298820346812e-04 3.392764306480015035e-01
4.313073229896185468e-01 1.196465101539396266e-04 3.392764295711311329e-01
4.313073172435585856e-01 1.200323480530755425e-04 3.392764283275572779e-01
4.313073115527193968e-01 1.204123487923503878e-04 3.392764272399391712e-01
4.313073058694298911e-01 1.207917288702366161e-04 3.392764261605206166e-01
4.313073001868177880e-01 1.211710437351199728e-04 3.392764250823047112e-01
4.313072945040538619e-01 1.215503537149656427e-04 3.392764240043124602e-01
4.313072888210436329e-01 1.219296654505608296e-04 3.392764229264254028e-01
4.313072831377699479e-01 1.223089797472422203e-04 3.392764218486151173e-01
4.313072773892286937e-01 1.226948516405719351e-04 3.392764206040991271e-01
4.313072716959438502e-01 1.230748863854331588e-04 3.392764195155467122e-01
4.313072660102131306e-01 1.234543004640934393e-04 3.392764184351978463e-01
4.313072603251610349e-01 1.238336493230607382e-04 3.392764173560546270e-01
4.313072546399578377e-01 1.242129932915234504e-04 3.392764162771376713e-01
4.313072489545088928e-01 1.245923390100606132e-04 3.392764151983279630e-01
4.313072432687978797e-01 1.249716872842419760e-04 3.392764141195971916e-01
4.313072375828166383e-01 1.253510382821560365e-04 3.392764130409275936e-01
4.313072318315176457e-01 1.257369469894224431e-04 3.392764117955281433e-01
4.313072261355099246e-01 1.261170186075104695e-04 3.392764107060904921e-01
4.313072204470563276e-01 1.264964696346534349e-04 3.392764096248452876e-01
4.313072147592771355e-01 1.268758555146275451e-04 3.392764085447960154e-01
4.313072090713433449e-01 1.272552365729719874e-04 3.392764074649636807e-01
4.313072033831599761e-01 1.276346194476818744e-04 3.392764063852302669e-01
4.313071976947111530e-01 1.280140049413846202e-04 3.392764053055676854e-01
4.313071920059887709e-01 1.283933932197647485e-04 3.392764042259590052e-01
4.313071862519021193e-01 1.287793392757929879e-04 3.392764029796029868e-01
4.313071805531443204e-01 1.291594482895611269e-04 3.392764018892120981e-01
4.313071748619417001e-01 1.295389367659240598e-04 3.392764008070091597e-01
4.313071691714114309e-01 1.299183601471237107e-04 3.392763997259967135e-01
4.313071634807248977e-01 1.302977787558112506e-04 3.392763986451958758e-01
4.313071577897867881e-01 1.306771992279777525e-04 3.392763975644891294e-01
4.313071520985812812e-01 1.310566223643168480e-04 3.392763964838501067e-01
4.313071464071008276e-01 1.314360483289945809e-04 3.392763954032608775e-01
4.313071406502111960e-01 1.318220321132656863e-04 3.392763941559120977e-01
4.313071349486884420e-01 1.322021788939061100e-04 3.392763930645327219e-01
4.313071292547231428e-01 1.325817051765583920e-04 3.392763919813388540e-01
4.313071235614294174e-01 1.329611664002822418e-04 3.392763908993327582e-01
4.313071178679781514e-01 1.333406228866744437e-04 3.392763898175363280e-01
4.313071121742745873e-01 1.337200812702362416e-04 3.392763887358317687e-01
4.313071064803024601e-01 1.340995423504504568e-04 3.392763876541922685e-01
4.313071007860545536e-01 1.344790062899211506e-04 3.392763865726010630e-01
4.313070950263535597e-01 1.348650280728115895e-04 3.392763853242402594e-01
4.313070893220572466e-01 1.352452128847307959e-04 3.392763842318541334e-01
4.313070836253220519e-01 1.356247772268573783e-04 3.392763831476527381e-01
4.313070779292579315e-01 1.360042765363746718e-04 3.392763820646380601e-01
4.313070722330364926e-01 1.363837711338656774e-04 3.392763809818313825e-01
4.313070665365614786e-01 1.367632676526305327e-04 3.392763798991160762e-01
4.313070608398176797e-01 1.371427668911321502e-04 3.392763788164637750e-01
4.313070551427976573e-01 1.375222690106950156e-04 3.392763777338594910e-01
4.313070493802805272e-01 1.379083289850216605e-04 3.392763764844762830e-01
4.313070436732070467e-01 1.382885520165068338e-04 3.392763753910743585e-01
4.313070379736975712e-01 1.386681545986828083e-04 3.392763743058569426e-01
4.313070322748600027e-01 1.390476921673643575e-04 3.392763732218260220e-01
4.313070265758638944e-01 1.394272250418973267e-04 3.392763721380023245e-01
4.313070208766144331e-01 1.398067598550654207e-04 3.392763710542688882e-01
4.313070151770959093e-01 1.401862974045988211e-04 3.392763699705986236e-01
4.313070094773003293e-01 1.405658378514060595e-04 3.392763688869753769e-01
4.313070037119648426e-01 1.409519361541485038e-04 3.392763676365651015e-01
4.313069980021118632e-01 1.413321975393459187e-04 3.392763665421425490e-01
4.313069922998262751e-01 1.417118384904483375e-04 3.392763654559047826e-01
4.313069865982128714e-01 1.420914144417696453e-04 3.392763643708531229e-01
4.313069808964402063e-01 1.424709857120665319e-04 3.392763632860087974e-01
4.313069751944144103e-01 1.428505589336207437e-04 3.392763622012541780e-01
4.313069694921189412e-01 1.432301349032782955e-04 3.392763611165626192e-01
4.313069637895468600e-01 1.436097137815551563e-04 3.392763600319174122e-01
4.313069580866922270e-01 1.439892956569246627e-04 3.392763589473054564e-01
4.313069523182418430e-01 1.443754354992684826e-04 3.392763576958806038e-01
4.313069466053144896e-01 1.447557384872867495e-04 3.392763566004425302e-01
4.313069408999540277e-01 1.451354211217017857e-04 3.392763555131795838e-01
4.313069351952626418e-01 1.455150388333729917e-04 3.392763544270921972e-01
4.313069294904075535e-01 1.458946519376313035e-04 3.392763533412028742e-01
4.313069237852960591e-01 1.462742670635354598e-04 3.392763522553946531e-01
4.313069180799115054e-01 1.466538850054024924e-04 3.392763511696414436e-01
4.313069123742472866e-01 1.470335059209332935e-04 3.392763500839277580e-01
4.313069066029469600e-01 1.474196847590793062e-04 3.392763488314014531e-01
4.313069008872096877e-01 1.478000267531197267e-04 3.392763477348729739e-01
4.313068951790466898e-01 1.481797483821242756e-04 3.392763466465250621e-01
4.313068894715535451e-01 1.485594050763593761e-04 3.392763455593579280e-01
4.313060768859611205e-01 1.489330859867709451e-04 3.392759409264920478e-01
4.313013788668564885e-01 1.493696097692768458e-04 3.392751471855951495e-01
4.312800938667415429e-01 1.498189160519792476e-04 3.392740604909916802e-01
4.312511018360553061e-01 1.503529143064229981e-04 3.392730038955861227e-01
4.312160076864970937e-01 1.509066015232580647e-04 3.392718370669015049e-01
4.311660332794047257e-01 1.513951933561075971e-04 3.392705981896669831e-01
4.311081160361238118e-01 1.519374731230422010e-04 3.392693017750580964e-01
4.310350931603295632e-01 1.524251756368099242e-04 3.392676431731490028e-01
4.309470830321862067e-01 1.529121735952929009e-04 3.392656526501277581e-01
4.308514850508800009e-01 1.534582165115796679e-04 3.392635079743330784e-01
4.307358097171004041e-01 1.539078327635332911e-04 3.392608970273335300e-01
4.306124833337025004e-01 1.544520021062565393e-04 3.392581407493230894e-01
4.304700817695328308e-01 1.549098565615553581e-04 3.392549415943528768e-01
4.303199422915064964e-01 1.554531917086511279e-04 3.392515919328077945e-01
4.301581168128963406e-01 1.559682226527679487e-04 3.392479706138396001e-01
4.299770712086412039e-01 1.564652505871012270e-04 3.392439102174319432e-01
4.297764659931790354e-01 1.569529042370770042e-04 3.392394195017811587e-01
4.295617491635858043e-01 1.574416149758921496e-04 3.392346223704570951e-01
4.293373798505394912e-01 1.579692479710812143e-04 3.392296039054579770e-01
4.290941167545453405e-01 1.584690943226127664e-04 3.392241395354975153e-01
4.288352051386044028e-01 1.589441042649330333e-04 3.392183245789977541e-01
4.285569353048164221e-01 1.594369082205418194e-04 3.392120563377609144e-01
4.282679820590771236e-01 1.599469827704950325e-04 3.392055390023995254e-01
4.279626953799542388e-01 1.604197114488458233e-04 3.391986196113582763e-01
4.276292437351574272e-01 1.609245726731443448e-04 3.391910328045473211e-01
4.272814402106782095e-01 1.614038474537887974e-04 3.391831131710122404e-01
4.269195952788041315e-01 1.618879357406217783e-04 3.391748256232134384e-01
4.265500760848258688e-01 1.624141309211180972e-04 3.391663089537223508e-01
4.261649560329827113e-01 1.629264825316449356e-04 3.391573614752348975e-01
4.257673930702936538e-01 1.634084171642445052e-04 3.391480686608721595e-01
4.253708948935897016e-01 1.639833933205996465e-04 3.391387218621823019e-01
4.249743017133064682e-01 1.645462613338273875e-04 3.391292676875097278e-01
4.245777182118010140e-01 1.651034909168259837e-04 3.391197129087807904e-01
4.241811389365865437e-01 1.656544440078195756e-04 3.391100554896404051e-01
4.237845673322029327e-01 1.661992670523624682e-04 3.391002942237063000e-01
4.233880062190713556e-01 1.667380465373922277e-04 3.390904282971625161e-01
4.229914585192657839e-01 1.672708626872302620e-04 3.390804572124610505e-01
4.225949263492760899e-01 1.677977849001172517e-04 3.390703798327578400e-01
4.221984124766535174e-01 1.683188863678291062e-04 3.390601959583839919e-01
4.218019180384712241e-01 1.688342191112960321e-04 3.390499038779781760e-01
4.214054457638836126e-01 1.693438583718235657e-04 3.390395037342408546e-01
4.210089974840960925e-01 1.698478512746212849e-04 3.390289948793898112e-01
4.206125744143013878e-01 1.703462467767853249e-04 3.390183761613828617e-01
4.202161784082800167e-01 1.708391014414423724e-04 3.390076472447656197e-01
4.198198108543096385e-01 1.713264568863577053e-04 3.389968074182660440e-01
4.194234732760263595e-01 1.718083605057501087e-04 3.389858562163784450e-01
4.190271671902909278e-01 1.722848565580397534e-04 3.389747932673459196e-01
4.186308937397689722e-01 1.727559844916491682e-04 3.389636178911247799e-01
4.182597189154144690e-01 1.733551578387995760e-04 3.389530535431705682e-01
4.179316830634152158e-01 2.021970236396829462e-04 3.389436481466828743e-01
4.176731950582978636e-01 2.386671894360847357e-04 3.389361441600264313e-01
4.174618966517251728e-01 2.967894910297321138e-04 3.389299560165832670e-01
4.173228137686857409e-01 3.730632704604461150e-04 3.389259760927445519e-01
4.173291070666900193e-01 4.177349138793792446e-04 3.389276321266307956e-01
4.173296883869920815e-01 4.201266562324709199e-04 3.389292418645220573e-01
4.173303371220309366e-01 4.203859262696902971e-04 3.389308170063668468e-01
4.173309381649178973e-01 4.205196720970631199e-04 3.389322760689904013e-01
4.173314967473648607e-01 4.207056887414757488e-04 3.389336184287796150e-01
4.173320153472149241e-01 4.208963765369987142e-04 3.389348643990389709e-01
4.173324937797941447e-01 4.210945254348081885e-04 3.389360136983656790e-01
4.173329359739638700e-01 4.212993159987364340e-04 3.389370756873447688e-01
4.173333456946443643e-01 4.215095087181960193e-04 3.389380594276025227e-01
4.173337201769089511e-01 4.237106821820718389e-04 3.389389636923019755e-01
4.173337505930227453e-01 4.459520482875742992e-04 3.389394642494754084e-01
4.173333594694485504e-01 4.742320195418783108e-04 3.389394185895543976e-01
4.173333150615959886e-01 5.536829329255740350e-04 3.389397668072823833e-01
4.173332440603778060e-01 6.849269843533627991e-04 3.389400310300031416e-01
4.173331699107419857e-01 8.392957179816071039e-04 3.389402377149861589e-01
4.173330961464483124e-01 1.004174347526827667e-03 3.389404292009479125e-01
4.173331999191373654e-01 1.216061029782945259e-03 3.389406759652399126e-01
4.173333114504304553e-01 1.451727967154298367e-03 3.389409010304813008e-01
4.173335640016397896e-01 1.722483727983875569e-03 3.389411682978190621e-01
4.173338396829774366e-01 2.015019004496063082e-03 3.389414389186646837e-01
4.173342673667627123e-01 2.338672570916662009e-03 3.389417534429419177e-01
4.173348739222758064e-01 2.706140939931693350e-03 3.389421540632829855e-01
4.173356903505137105e-01 3.114561523214287499e-03 3.389425977692339664e-01
4.173365925611661198e-01 3.554320533134362747e-03 3.389430890793969087e-01
4.173373446127435771e-01 4.002082208152651054e-03 3.389434899245629684e-01
4.173380959513056099e-01 4.450103082141505795e-03 3.389439848151322709e-01
4.173387649014436707e-01 4.898061394215244210e-03 3.389444931673172845e-01
4.173393681101554287e-01 5.346015824725556045e-03 3.389450208190248337e-01
4.173399038051949228e-01 5.793961324852436867e-03 3.389455674202670465e-01
4.173403714185130453e-01 6.241898876381403276e-03 3.389461332467864629e-01
4.173407701981243223e-01 6.689826050837640800e-03 3.389467183911971104e-01
4.173410995549939329e-01 7.137743791925924355e-03 3.389473228855820475e-01
4.173413590090940817e-01 7.585653644443874494e-03 3.389479469369862108e-01
4.173415481624810353e-01 8.033556280764955412e-03 3.389485907768212125e-01
4.173416665713060025e-01 8.481451754458309289e-03 3.389492544908953020e-01
4.173417136530318539e-01 8.929336682215240420e-03 3.389499378240153904e-01
4.173416892775689835e-01 9.377214524844405819e-03 3.389506411866037849e-01
4.173415930698627374e-01 9.825085782826301073e-03 3.389513645995080315e-01
4.173414248027895179e-01 1.027294338882296827e-02 3.389521078678968680e-01
4.173411842598436228e-01 1.072079439604091931e-02 3.389528714291510370e-01
4.173408709585236243e-01 1.116863597990336299e-02 3.389536549519878705e-01
4.173404849016823515e-01 1.161647098834282799e-02 3.389544588027622041e-01
4.173400260007082418e-01 1.206429990499522861e-02 3.389552831918679066e-01
4.173394939041649709e-01 1.251212136516318199e-02 3.389561278467394523e-01
4.173391236306981389e-01 1.296139032474495287e-02 3.389569420952718848e-01
4.173386600843198568e-01 1.341052752037838469e-02 3.389577787719295077e-01
4.173381307257946204e-01 1.385965982264327281e-02 3.389586344719804356e-01
4.173375331165572466e-01 1.430877842259247607e-02 3.389595091305651620e-01
4.173368675291698748e-01 1.475788565490763170e-02 3.389604029971390875e-01
4.173361335781087811e-01 1.520697889618096224e-02 3.389613155574673353e-01
4.173353316954029890e-01 1.565606380318783353e-02 3.389622477803578837e-01
4.173344613756928001e-01 1.610513597119859336e-02 3.389631988531549012e-01
4.173335228033427380e-01 1.655419818172280261e-02 3.389641692001031381e-01
4.173325157579194089e-01 1.700325066057486317e-02 3.389651585293504410e-01
4.173314403195895195e-01 1.745229250245067948e-02 3.389661671835473289e-01
4.173302965933085584e-01 1.790132632685496189e-02 3.389671953705518104e-01
4.173290842405696366e-01 1.835034929989896174e-02 3.389682426430404849e-01
4.173278026271978192e-01 1.879935589230767590e-02 3.389693074601893286e-01
4.173264523930255709e-01 1.924835051906112135e-02 3.389703913158291226e-01
4.173250335811780620e-01 1.969733654780128282e-02 3.389714945132501489e-01
4.173235461431243909e-01 2.014631310446559145e-02 3.389726170032602015e-01
4.173219901055222891e-01 2.059528093184824840e-02 3.389737589130182305e-01
4.173203651718662699e-01 2.104423825396531389e-02 3.389749197888486942e-01
4.173186716725797440e-01 2.149318673208401587e-02 3.389761001947516617e-01
4.173169088097987145e-01 2.194212048438467025e-02 3.389772983336468704e-01
4.173150771628236777e-01 2.239104367826367376e-02 3.389785156589069093e-01
4.173131773219033724e-01 2.283996047808243765e-02 3.389797536275635514e-01
4.173112078352674836e-01 2.328886225589461498e-02 3.389810088690144441e-01
4.173091697119481469e-01 2.373775488220616209e-02 3.389822835564999526e-01
4.173070627520374387e-01 2.418663792136103302e-02 3.389835775143386076e-01
4.173048872202196335e-01 2.463551236267873604e-02 3.389848913439142408e-01
4.173026428641444796e-01 2.508437626470420845e-02 3.389862244624605170e-01
4.173003295091029519e-01 2.553322952437673751e-02 3.389875764976538752e-01
4.172979465857243886e-01 2.598206752144734816e-02 3.389889459841973207e-01
4.172954951458790473e-01 2.643089691219553325e-02 3.389903352124871150e-01
4.172929743785831480e-01 2.687971276850977670e-02 3.389917429721145403e-01
4.172903849769741824e-01 2.732851912241356096e-02 3.389931703994326639e-01
4.172877265961028037e-01 2.777731505243822771e-02 3.389946169086657801e-01
4.172849994637263249e-01 2.822609906239044106e-02 3.389960828608568066e-01
4.172822033978080825e-01 2.867487271882763686e-02 3.389975680636224120e-01
4.172793382668052442e-01 2.912363369951971592e-02 3.389990720708178640e-01
4.172764032979528470e-01 2.957237804104537182e-02 3.390005930657770672e-01
4.172733996582848603e-01 3.002111234857834932e-02 3.390021336022969178e-01
4.172703273591374384e-01 3.046983629312909406e-02 3.390036939501079871e-01
4.172671859712839271e-01 3.091854685429017147e-02 3.390052733586574885e-01
4.172639748957612249e-01 3.136724206885605631e-02 3.390068699007457442e-01
4.172606950572820272e-01 3.181592577846090869e-02 3.390084860037703707e-01
4.172573468437615340e-01 3.226460052711373899e-02 3.390101228608548012e-01
4.172539289512841032e-01 3.271325850030958049e-02 3.390117771708602845e-01
4.172504421024550991e-01 3.316190390707966784e-02 3.390134504975236829e-01
4.172468864597688176e-01 3.361053745148706584e-02 3.390151433891813726e-01
4.172432611206918218e-01 3.405915514459544047e-02 3.390168534522808308e-01
4.172395666593407548e-01 3.450775857438401900e-02 3.390185822692521334e-01
4.172358034963194462e-01 3.495634964504532038e-02 3.390203307040635661e-01
4.172319711237977291e-01 3.540492660769065103e-02 3.390220980053714195e-01
4.172280701997981844e-01 3.585349250033412205e-02 3.390238852088967025e-01
4.172240992125958448e-01 3.630204098147507552e-02 3.390256889615118063e-01
4.172200590812549792e-01 3.675057315475094982e-02 3.390275114230481002e-01
4.172159503917260981e-01 3.719909357435200598e-02 3.390293538664148065e-01
4.172117727223587647e-01 3.764760098843585034e-02 3.390312155565043395e-01
4.172075261246220856e-01 3.809609504864679835e-02 3.390330965440543909e-01
4.172032094537260760e-01 3.854456967670603224e-02 3.390349939785297639e-01
4.171988239092832007e-01 3.899302915109886802e-02 3.390369104725836635e-01
4.171943695891793813e-01 3.944147639538219535e-02 3.390388465516200323e-01
4.171898459038496099e-01 3.988990829838724717e-02 3.390408011904734731e-01
4.171852534359520859e-01 4.033832659111366570e-02 3.390427753684675527e-01
4.171805919503912552e-01 4.078672864250427327e-02 3.390447684359895186e-01
4.171758605807899811e-01 4.123511240796224470e-02 3.390467783239964339e-01
4.171710602392028067e-01 4.168348170943041164e-02 3.390488072886548299e-01
4.171661909661675272e-01 4.213183539244529791e-02 3.390508557113500188e-01
4.171612517576916424e-01 4.258017001164091098e-02 3.390529208756649093e-01
4.171562434367341310e-01 4.302848851940329483e-02 3.390550047554573010e-01
4.171511664374467077e-01 4.347679282147581814e-02 3.390571084695342963e-01
4.171460202217750490e-01 4.392508019835740518e-02 3.390592309495649159e-01
4.171408048811364733e-01 4.437335112295553302e-02 3.390613720627170258e-01
4.171355197487442434e-01 4.482160270341434272e-02 3.390635300961787335e-01
4.171301657479027925e-01 4.526983952196654559e-02 3.390657076955932436e-01
4.171247426012325010e-01 4.571805902851466819e-02 3.390679041645698888e-01
4.171192503306121457e-01 4.616626117298976151e-02 3.390701193305694638e-01
4.171136892033961430e-01 4.661444786070165908e-02 3.390723540138853576e-01
4.171080578467092348e-01 4.706261316466563843e-02 3.390746046845121708e-01
4.171023578187907366e-01 4.751076282428785130e-02 3.390768750958318423e-01
4.170965890278751087e-01 4.795889764723433590e-02 3.390791650954825820e-01
4.170907495891041372e-01 4.840700807249764120e-02 3.390814704690585102e-01
4.170848418038181626e-01 4.885510323756443729e-02 3.390837958733542989e-01
4.170788645622345858e-01 4.930318079312610846e-02 3.390861398735784960e-01
4.170728183751023499e-01 4.975124004430868385e-02 3.390885028511270161e-01
4.170667030461707170e-01 5.019928195591568526e-02 3.390908846298783530e-01
4.170605175480209814e-01 5.064730153676266083e-02 3.390932826930043165e-01
4.170542636679762660e-01 5.109530540244222596e-02 3.390957010275947869e-01
4.170479403405179530e-01 5.154328995459614426e-02 3.390981375912101581e-01
4.170415477915583868e-01 5.199125510266294076e-02 3.391005929436564093e-01
4.170350854058169632e-01 5.243919929755454928e-02 3.391030649485909376e-01
4.170285537887139515e-01 5.288712346358505345e-02 3.391055555684008849e-01
4.170219533820210822e-01 5.333503079342072350e-02 3.391080656031848495e-01
4.170152838476390844e-01 5.378291967889890779e-02 3.391105947041258006e-01
4.170085443941256020e-01 5.423078606386138451e-02 3.391131403945796818e-01
4.170017360993223954e-01 5.467863397730200747e-02 3.391157055596065728e-01
4.169948582272213766e-01 5.512646144268010251e-02 3.391182885549723358e-01
4.169879116639740313e-01 5.557427158417368313e-02 3.391208912525654484e-01
4.169808950824649418e-01 5.602205850326229947e-02 3.391235105940157979e-01
4.169738091762961729e-01 5.646982465057229228e-02 3.391261480909573689e-01
4.169666543028292538e-01 5.691757078490864569e-02 3.391288049361130819e-01
4.169594293672835295e-01 5.736529452321278283e-02 3.391314779865887141e-01
4.169521350947987814e-01 5.781299707119468695e-02 3.391341692800966534e-01
4.169447718513744627e-01 5.826067900851879255e-02 3.391368799855970506e-01
4.169373385344365412e-01 5.870833853633072169e-02 3.391396069780599487e-01
4.169298357871654148e-01 5.915597543770372696e-02 3.391423522239795929e-01
4.169222638210658971e-01 5.960359201894074865e-02 3.391451163204465269e-01
4.169146221905745686e-01 6.005118530244011460e-02 3.391478974856847461e-01
4.169069116787375018e-01 6.049875948745558202e-02 3.391506980989020814e-01
4.168991311169249481e-01 6.094630971786082346e-02 3.391535157612101115e-01
4.168912821933021262e-01 6.139384139980039179e-02 3.391563538589457139e-01
4.168833620874761725e-01 6.184134462840411989e-02 3.391592061130556113e-01
4.168753732169969139e-01 6.228882693175285395e-02 3.391620778416249427e-01
4.168673143140539383e-01 6.273628530723396324e-02 3.391649659854042431e-01
4.168591864510527989e-01 6.318372253362931901e-02 3.391678737243288833e-01
4.168509896696776518e-01 6.363113936037634311e-02 3.391708007477481912e-01
4.168427234644396795e-01 6.407853190140309907e-02 3.391737460454847808e-01
4.168343870286462804e-01 6.452589972092712123e-02 3.391767072850783715e-01
4.168259809016228723e-01 6.497324284503383507e-02 3.391796862187865247e-01
4.168175060497741335e-01 6.542056547366344177e-02 3.391826849709967395e-01
4.168089608852349470e-01 6.586786336339878201e-02 3.391856995467449898e-01
4.168003459355920093e-01 6.631513439434438828e-02 3.391887316001945818e-01
4.167916623209083626e-01 6.676238496731415339e-02 3.391917837583171003e-01
4.167829084865025679e-01 6.720961078203137318e-02 3.391948518694687387e-01
4.167740847811663985e-01 6.765680942298275824e-02 3.391979375490595805e-01
4.167651927848718407e-01 6.810398763187154592e-02 3.392010435418760794e-01
4.167562301350904996e-01 6.855113759269165774e-02 3.392041648968680545e-01
4.167471978156949697e-01 6.899826364878515472e-02 3.392073039725984063e-01
4.167380968432357613e-01 6.944536759101763157e-02 3.392104632024954824e-01
4.167289263318293968e-01 6.989244583340585570e-02 3.392136402732141010e-01
4.167196849917805257e-01 7.033949573309798697e-02 3.392168323941578967e-01
4.167103756340919674e-01 7.078652529596153598e-02 3.392200454930071607e-01
4.167009950803901019e-01 7.123352439159112703e-02 3.392232729825369608e-01
4.166915455736007190e-01 7.168049902629423931e-02 3.392265193954491220e-01
4.166820270885274180e-01 7.212745060014373599e-02 3.392297851372780837e-01
4.166724378065714829e-01 7.257437317175956248e-02 3.392330659873451504e-01
4.166627796156278651e-01 7.302127119736066818e-02 3.392363659014639987e-01
4.166530522631616829e-01 7.346814421560560193e-02 3.392396849796530667e-01
4.166432549579885958e-01 7.391499075021540355e-02 3.392430217073198473e-01
4.166333874640104629e-01 7.436180887824701824e-02 3.392463738204555268e-01
4.166234511352275849e-01 7.480860261879236639e-02 3.392497459212017730e-01
4.166134431195599452e-01 7.525536355316009285e-02 3.392531309301546893e-01
4.166033669754295454e-01 7.570210215887794580e-02 3.392565367245247154e-01
4.165932195659922677e-01 7.614880817247704492e-02 3.392599564783150279e-01
4.165830032110566794e-01 7.659548984044570186e-02 3.392633955902256693e-01
4.165727180281801889e-01 7.704214665102926407e-02 3.392668545646931877e-01
4.165623631241933134e-01 7.748877635492648630e-02 3.392703315047896351e-01
4.165519371614619937e-01 7.793537503172447145e-02 3.392738228177545889e-01
4.165414425744652371e-01 7.838194691215516485e-02 3.392773336763342806e-01
4.165308766881923308e-01 7.882848754405707981e-02 3.392808589636491789e-01
4.165202416321250878e-01 7.927500086958187697e-02 3.392844027892333303e-01
4.165095373824441727e-01 7.972148839398479625e-02 3.392879658372552343e-01
4.164987622042624071e-01 8.016794545940095218e-02 3.392915436795765904e-01
4.164879188440703817e-01 8.061437790626065081e-02 3.392951424266344995e-01
4.164770050989425321e-01 8.106077989785810678e-02 3.392987578359803469e-01
4.164660213964058166e-01 8.150715255431405237e-02 3.393023896953830665e-01
4.164549676594170302e-01 8.195349496838409686e-02 3.393060387390045562e-01
4.164438434493473729e-01 8.239980737336621841e-02 3.393097032621555931e-01
4.164326497991087672e-01 8.284608989489800068e-02 3.393133862507421994e-01
4.164213870816976804e-01 8.329234506870759891e-02 3.393170886606605707e-01
4.164100537594761509e-01 8.373856910203031356e-02 3.393208063148324127e-01
4.163986506230277773e-01 8.418476318377851597e-02 3.393245416959779215e-01
4.163871770891496293e-01 8.463092697002908005e-02 3.393282927117317049e-01
4.163756338128800638e-01 8.507706074686695319e-02 3.393320617067905887e-01
4.163640213680295799e-01 8.552316555237785001e-02 3.393358501520722381e-01
4.163523384606908628e-01 8.596923925866897798e-02 3.393396541163832825e-01
4.163405859218227700e-01 8.641528160008303538e-02 3.393434758126925299e-01
4.163287638188049034e-01 8.686129515674444190e-02 3.393473158897826747e-01
4.163168702255794495e-01 8.730727403644583662e-02 3.393511698642273089e-01
4.163049083828769814e-01 8.775322534912734229e-02 3.393550445258384785e-01
4.162928748722613537e-01 8.819914152416111208e-02 3.393589324289823517e-01
4.162807723993237063e-01 8.864502880609574642e-02 3.393628397659926299e-01
4.162685993493842607e-01 8.909088351685019724e-02 3.393667628891391397e-01
4.162563567938310505e-01 8.953670641031039046e-02 3.393707040473533110e-01
4.162440433401843887e-01 8.998249644909982192e-02 3.393746601192106915e-01
4.162316595628485771e-01 9.042825292974648876e-02 3.393786331599969452e-01
4.162192074628922045e-01 9.087398183770425963e-02 3.393826271340632528e-01
4.162066839454461320e-01 9.131967480231496792e-02 3.393866351730779329e-01
4.161940908537245520e-01 9.176533720591698029e-02 3.393906613314122689e-01
4.161814282501806184e-01 9.221096744623925867e-02 3.393947055991900497e-01
4.161686947172943962e-01 9.265656309757798470e-02 3.393987649048283428e-01
