4.314094557798375251e-01 -4.489080949752533890e-12 3.396152352421258347e-01
4.314094557798375251e-01 -4.489080949752533890e-12 3.396152352421258347e-01
4.314008999490514529e-01 -2.243835845701875134e-06 3.395946800222144901e-01
4.314103247194858715e-01 -4.470491937302665720e-06 3.395902420579883230e-01
4.314146711977404069e-01 -6.646460008843979819e-06 3.395809210456454119e-01
4.314157761141708125e-01 -8.726025767560217377e-06 3.395687942781277502e-01
4.314322707543649105e-01 2.806462779797339675e-04 3.395759694046973642e-01
4.314462461989468922e-01 6.832428303087070181e-04 3.395800508100317305e-01
4.314533649874613963e-01 6.998714610131863065e-04 3.395788283329218560e-01
4.314490090299907821e-01 7.001873069286026607e-04 3.395642586609057822e-01
4.314443994053537845e-01 6.986168853726498632e-04 3.395502075670616127e-01
4.314395727203419462e-01 6.969410786799007775e-04 3.395365375954422782e-01
4.314346929330699631e-01 6.953623035215320599e-04 3.395234029266217535e-01
4.314298738396757371e-01 6.939016315094870876e-04 3.395108954048525751e-01
4.314251914607565297e-01 6.925580376800476862e-04 3.394990615980740256e-01
4.314207014998613365e-01 6.913294007282893856e-04 3.394879342018312096e-01
4.314164316270942545e-01 6.902103067003368059e-04 3.394775052271059024e-01
4.314124055318582784e-01 6.891980578515573361e-04 3.394677770153931573e-01
4.314086251702060060e-01 6.882862273471292711e-04 3.394587149286770189e-01
4.314050935995978886e-01 6.874706672708521009e-04 3.394502979882468297e-01
4.314018040816979815e-01 6.867458146683288892e-04 3.394424901698551156e-01
4.313987458033375910e-01 6.861056368457056241e-04 3.394352516955236876e-01
4.313959126947737865e-01 6.855467279783914207e-04 3.394285586539936839e-01
4.313932880909920886e-01 6.850625411603476073e-04 3.394223650432690587e-01
4.313908617106349541e-01 6.846489271231637717e-04 3.394166423269054378e-01
4.313886216586040878e-01 6.843016388256887520e-04 3.394113598544223342e-01
4.313865511045493761e-01 6.840145030450437043e-04 3.394064762098985555e-01
4.313846405044828303e-01 6.837840696435798548e-04 3.394019681339798811e-01
4.313828795110307146e-01 6.836069584656576581e-04 3.393978110674693571e-01
4.313812573954208807e-01 6.834795637086002722e-04 3.393939798066634705e-01
4.313797592493441302e-01 6.833962306333955881e-04 3.393904392501664313e-01
4.313783779359301462e-01 6.833544308625766860e-04 3.393871729442932139e-01
4.313771059214804304e-01 6.833518274776655002e-04 3.393841636408789775e-01
4.313759317124933879e-01 6.833840203962334098e-04 3.393813845305150845e-01
4.313748477912557888e-01 6.834481132963128895e-04 3.393788182092816741e-01
4.313738503404791480e-01 6.835432829343788316e-04 3.393764561703603300e-01
4.313742319877338915e-01 7.346797853805299428e-04 3.393759735478824591e-01
4.320119562028561511e-01 5.004195460413969447e-03 3.394278917656017858e-01
4.330060627576916010e-01 9.382068150069177923e-03 3.394759617538586904e-01
4.339680515294602747e-01 1.376550784479242326e-02 3.395238451864910911e-01
4.349190916585048972e-01 1.814556634759160320e-02 3.395722489278855116e-01
4.358639038685923062e-01 2.252111308928523084e-02 3.396212542036052273e-01
4.368021182773543787e-01 2.689209530076530630e-02 3.396707935927885114e-01
4.377337753143445420e-01 3.125854298594142600e-02 3.397208121010076853e-01
4.386588806397433982e-01 3.562049179699958157e-02 3.397712629543136464e-01
4.395774373865482532e-01 3.997796940187639536e-02 3.398220957424230582e-01
4.404894471257246313e-01 4.433099839445057977e-02 3.398732654552589771e-01
4.413949050845254463e-01 4.867959267878053942e-02 3.399247194569914310e-01
4.422938059034376979e-01 5.302376321615147325e-02 3.399764083511591650e-01
4.431861458265287101e-01 5.736352127683730373e-02 3.400282939049514286e-01
4.448386355109539836e-01 6.165949363501388447e-02 3.401083287211353334e-01
4.467933395169718103e-01 6.346705946542147148e-02 3.401593003986270181e-01
4.488929250689450701e-01 6.367196620301809884e-02 3.402089471861282632e-01
4.530104181435184452e-01 6.377241570261775461e-02 3.403792398882317105e-01
4.570034543605860367e-01 6.497029030458162380e-02 3.405386747847071738e-01
4.609713520009729448e-01 6.648413637311634261e-02 3.406873028565221562e-01
4.649245801109427312e-01 6.805655714753566787e-02 3.408261077405817518e-01
4.688595084517875322e-01 6.941918966613477848e-02 3.409526336766676158e-01
4.727799871739695181e-01 7.032863069758307772e-02 3.410659820340238291e-01
4.766950697116703606e-01 7.052392320641939771e-02 3.411655159154796113e-01
4.806392913416416834e-01 7.054773470834320437e-02 3.412618740567425202e-01
4.845789904985982055e-01 7.034991020837094711e-02 3.413493676024247914e-01
4.885229898590322528e-01 7.005310732339710411e-02 3.414308236652565109e-01
4.924630187085352051e-01 6.965367324350858758e-02 3.415052124109460574e-01
4.964018633479329035e-01 6.922690651959355346e-02 3.415737068974207258e-01
5.003346722745358743e-01 6.878750214903088522e-02 3.416359550018208679e-01
5.042687507988253826e-01 6.854774153222711885e-02 3.416940445821396999e-01
5.081860885753101131e-01 6.843494028787423800e-02 3.417458081271683712e-01
5.120934195265809397e-01 6.846245666121075768e-02 3.417920465288895038e-01
5.160313607885650411e-01 6.924063842446137595e-02 3.418372336198901573e-01
5.199709479227659914e-01 7.090496053401473819e-02 3.418787286219359123e-01
5.239309483576466420e-01 7.414246795595548500e-02 3.419173582767794373e-01
5.271083715225296507e-01 7.791103194825536871e-02 3.419254309219448840e-01
5.301414181379946466e-01 8.193385377855469387e-02 3.419289747711901084e-01
5.330289629973306020e-01 8.605157380775188547e-02 3.419256090608704390e-01
5.356679899498572039e-01 9.020086581469868858e-02 3.419137838486405734e-01
5.383114066707244127e-01 9.438335721943781620e-02 3.418995397046725171e-01
5.409303348921780108e-01 9.857205271095516308e-02 3.418815481060763495e-01
5.435343591361815330e-01 1.027607594507953109e-01 3.418600338635124913e-01
5.461230386585361751e-01 1.069461358182667160e-01 3.418348930735980451e-01
5.486963260092928563e-01 1.111269552684864409e-01 3.418060911749112307e-01
5.512539589819006602e-01 1.153026728294362091e-01 3.417735774533849358e-01
5.537956180136628381e-01 1.194729903998074383e-01 3.417373054013795874e-01
5.563209537012118178e-01 1.236376884795092196e-01 3.416972356316869130e-01
5.588295941843428594e-01 1.277965622710787452e-01 3.416533246019274883e-01
5.613211483102386046e-01 1.319493984971994160e-01 3.416055209634970558e-01
5.637952138403652391e-01 1.360959705918866058e-01 3.415537726445201927e-01
5.665190463280649347e-01 1.402527098434144248e-01 3.415012373961391345e-01
5.696605148378143246e-01 1.444020229494725194e-01 3.414497318378655333e-01
5.731383517241657177e-01 1.480711781329934751e-01 3.414046012899315530e-01
5.765076953490742007e-01 1.502039865356936676e-01 3.413664174810569496e-01
5.799821338252935110e-01 1.514711205619046763e-01 3.413122759650750737e-01
5.835090559981194192e-01 1.524797842901317868e-01 3.412434254139404821e-01
5.870335938201435289e-01 1.534101106311231699e-01 3.411665919201092301e-01
5.905406861843888189e-01 1.542825915820476568e-01 3.410840267983465957e-01
5.940325400469124162e-01 1.552013758316019010e-01 3.409937631587907636e-01
5.975028054480889805e-01 1.563100176371263195e-01 3.408946576737633127e-01
6.009416514663344921e-01 1.577420562421406325e-01 3.407861945676119442e-01
6.043293866259179525e-01 1.593085855286296704e-01 3.406750525333400170e-01
6.077048284397352784e-01 1.616134347039841490e-01 3.405418171231902047e-01
6.110087935565561290e-01 1.646257524649722970e-01 3.403998861487244065e-01
6.142469026236098140e-01 1.683694991202213942e-01 3.402456896187204816e-01
6.173095379831015084e-01 1.722619551230137047e-01 3.400953500256701512e-01
6.202138694304255573e-01 1.761816958531015609e-01 3.399396712523045649e-01
6.226872286289283354e-01 1.801091404346842895e-01 3.397819699669634708e-01
6.250259660474646317e-01 1.840650517015489096e-01 3.396213340341289189e-01
6.272974317039060610e-01 1.880232662084149464e-01 3.394561258068959364e-01
6.295351179156852828e-01 1.919716867425266815e-01 3.392851963490690070e-01
6.317376797490359408e-01 1.959047949728574267e-01 3.391082198575299245e-01
6.339047492545032414e-01 1.998213480527091523e-01 3.389250565499911105e-01
6.360260783881530600e-01 2.037211682802788915e-01 3.387358628613797995e-01
6.379545218428243070e-01 2.076138534627788579e-01 3.385451451834560199e-01
6.397453450420937937e-01 2.115116481826887773e-01 3.383526197295901872e-01
6.415191785907700117e-01 2.154025786756131600e-01 3.381544695247953314e-01
6.431510852263312428e-01 2.192845309918049768e-01 3.379549126153041927e-01
6.447396049582775346e-01 2.231599881562917054e-01 3.377507243999575137e-01
6.459389708733089819e-01 2.270561478919010112e-01 3.375574153004736178e-01
6.470206619666860615e-01 2.309801140361302796e-01 3.373651660416959741e-01
6.480806600047384070e-01 2.348988456812964587e-01 3.371692241595707351e-01
6.489156534416544719e-01 2.388267803566444802e-01 3.369798022365983470e-01
6.487319841083915017e-01 2.428975715168813776e-01 3.368474527532388518e-01
6.482078731225973112e-01 2.471015719097749974e-01 3.367368606898494821e-01
6.476738036478959515e-01 2.513329038957651806e-01 3.366262912509957461e-01
6.470598325611850443e-01 2.555674541171404912e-01 3.365192165430972993e-01
6.456862679463595267e-01 2.599255173478179914e-01 3.364651422493835642e-01
6.441440169585755937e-01 2.643750885129552142e-01 3.364223196450431552e-01
6.425895043120775085e-01 2.688368679760544944e-01 3.363793532817440646e-01
6.410392244282847596e-01 2.732896692836728203e-01 3.363339215572936913e-01
6.394706127378637639e-01 2.777348761296237756e-01 3.362874641850767676e-01
6.378808655406073003e-01 2.821749145946410575e-01 3.362401326280697877e-01
6.362798621258888287e-01 2.866081517159680403e-01 3.361911943243329204e-01
6.346674799559040014e-01 2.910334603264205233e-01 3.361406119756797373e-01
6.330437960215034021e-01 2.954505865192799674e-01 3.360883267122706797e-01
6.314088371349839690e-01 2.998593172638875370e-01 3.360343137736372943e-01
6.297626285759543308e-01 3.042594464704195811e-01 3.359785508328584913e-01
6.281051885107437061e-01 3.086507655130925620e-01 3.359209946340046549e-01
6.264365380136278638e-01 3.130330706704393395e-01 3.358616326620208481e-01
6.247566933563207803e-01 3.174061567097838932e-01 3.358004322312713730e-01
6.230656693810656677e-01 3.217698187669667531e-01 3.357373681743214822e-01
6.213634839791584152e-01 3.261238558386391762e-01 3.356724318525886597e-01
6.196501447538707019e-01 3.304680614918041881e-01 3.356055900756376165e-01
6.179257383264197268e-01 3.348020970251787132e-01 3.355368197756746773e-01
6.161902755842172397e-01 3.391257167088129743e-01 3.354661322339252405e-01
6.144437650386797012e-01 3.434386839137399394e-01 3.353935705123558542e-01
6.126862494157752081e-01 3.477407198081267081e-01 3.353191619679312674e-01
6.109177745789494685e-01 3.520315488988999819e-01 3.352429188187192044e-01
6.096154818239543083e-01 3.562029619940971226e-01 3.351356720596892491e-01
6.087187684574781876e-01 3.602206677652051714e-01 3.349989120968853706e-01
6.078344743854884324e-01 3.641764367410853520e-01 3.348546621233061127e-01
6.069329468442337117e-01 3.681147495902633571e-01 3.347075573197381138e-01
6.061030058329686110e-01 3.720174040323694364e-01 3.345531649495389614e-01
6.060965101197672844e-01 3.756917596768010736e-01 3.343489778451531613e-01
6.071363011118796615e-01 3.790036101521629952e-01 3.340774512869794655e-01
6.075911598497752975e-01 3.823253049815275584e-01 3.338171311301871280e-01
6.076593943913787266e-01 3.857663985588778988e-01 3.335760545120908804e-01
6.082474773772358345e-01 3.890638995335410355e-01 3.333026579792351951e-01
6.088274050313824404e-01 3.922782763673429152e-01 3.330171560209430615e-01
6.093778303289270060e-01 3.954601497220777140e-01 3.327247123940697549e-01
6.098965514501162311e-01 3.986118347570962728e-01 3.324262390669123768e-01
6.106575479887906832e-01 4.016437383868031730e-01 3.321038364451658342e-01
6.115228323977361935e-01 4.045719850391177874e-01 3.317624737702659643e-01
6.125180388435877976e-01 4.073937156930137471e-01 3.314003990670074673e-01
6.134724679106650091e-01 4.101634816940785133e-01 3.310285407338769414e-01
6.143834613011144308e-01 4.128949207558251788e-01 3.306487265905754258e-01
6.152508017528531825e-01 4.155880654539987340e-01 3.302612834675409670e-01
6.162649768304758746e-01 4.181642010270877341e-01 3.298510344809781891e-01
6.177390857905337151e-01 4.203620918075279267e-01 3.294019387689492429e-01
6.195435296644422607e-01 4.213391999884161798e-01 3.290270052436429227e-01
6.213814315562038448e-01 4.221439852631907463e-01 3.286163112511886197e-01
6.234458272475851270e-01 4.221487050570659205e-01 3.282614661456907945e-01
6.255675692237532282e-01 4.219154740695948425e-01 3.278930836695730933e-01
6.269394171798124971e-01 4.217740482131266400e-01 3.276261492534379149e-01
6.268939796828347788e-01 4.216797025529067100e-01 3.276160890176363916e-01
6.268613226624267787e-01 4.216635786251644591e-01 3.275941050977045910e-01
6.268317179397514538e-01 4.216463284612596008e-01 3.275763303839365204e-01
6.270730882456084787e-01 4.219282761661497516e-01 3.240181345849778016e-01
6.274015975772818665e-01 4.221785667622244276e-01 3.194254798936820849e-01
6.277163704200477978e-01 4.223798727681912779e-01 3.149052595288317491e-01
6.280193565308613834e-01 4.225749394906172518e-01 3.103766027135601013e-01
6.283091688158948251e-01 4.227603717235698944e-01 3.058463093486052387e-01
6.285856556273898832e-01 4.229362243891212625e-01 3.013139544876178855e-01
6.288485219042260210e-01 4.231023642170640420e-01 2.967797193769172170e-01
6.290975186690613841e-01 4.232586951316790191e-01 2.922437727044633893e-01
6.293324134094956390e-01 4.234051277288587434e-01 2.877062798338722027e-01
6.295530052571759461e-01 4.235415871667752574e-01 2.831674340767826314e-01
6.297591104542218376e-01 4.236680065817178820e-01 2.786274299933411136e-01
6.299505615119014301e-01 4.237843245851933283e-01 2.740864739422612106e-01
6.301272127208059626e-01 4.238904912112790302e-01 2.695447815208144582e-01
6.302889223531579210e-01 4.239864903580568556e-01 2.650026251282612821e-01
6.304355809450201686e-01 4.240722533988982024e-01 2.604601717006065908e-01
6.297128708823327425e-01 4.245612356208416371e-01 2.558588796309289592e-01
6.276412722912546593e-01 4.257120893052239730e-01 2.511742207569501173e-01
6.249817942614940280e-01 4.271490377954012541e-01 2.464611444204988788e-01
6.222865989631735095e-01 4.285731140510970483e-01 2.417424200919013333e-01
6.195455348724749900e-01 4.299759394858384542e-01 2.370072589006556596e-01
6.167581894220499628e-01 4.313587080681203223e-01 2.322572517457895114e-01
6.168712642713243266e-01 4.314204888676361205e-01 2.277817920184654898e-01
6.169095060245377571e-01 4.314254983141065369e-01 2.232385831783631203e-01
6.155731099490896474e-01 4.320269254298905737e-01 2.185538871021053264e-01
6.134523019670549138e-01 4.329832644857665724e-01 2.138077432308538028e-01
6.134430064399812865e-01 4.330055763738295815e-01 2.093197419250177327e-01
6.134226156297419852e-01 4.329736845560048786e-01 2.047874917906720160e-01
6.133845504602121190e-01 4.329347669383033503e-01 2.002616962170157555e-01
6.133308437448673489e-01 4.328857681500730692e-01 1.957389212872698847e-01
6.132615774800166397e-01 4.328265482451015278e-01 1.912196492023386929e-01
6.131768050651767998e-01 4.327571192065322592e-01 1.867041011093844294e-01
6.130765735928916937e-01 4.326774700249417238e-01 1.821925096372929986e-01
6.129609292242191865e-01 4.325875935160917729e-01 1.776851213127094709e-01
6.128299117536248897e-01 4.324874802034879839e-01 1.731821767487290720e-01
6.126835470455291865e-01 4.323771130059133605e-01 1.686839086307988511e-01
6.115597934424352733e-01 4.324782840380113069e-01 1.639960435983091325e-01
6.101955721917138309e-01 4.316081338999032124e-01 1.591174766832472443e-01
6.081782684992552701e-01 4.304386605690152523e-01 1.540361753334013595e-01
6.059490178631937729e-01 4.297550281854242149e-01 1.490028466221834935e-01
6.058329917524365449e-01 4.296132522895010908e-01 1.446867874592850378e-01
6.056330109640917225e-01 4.294613927503492801e-01 1.407785933844637183e-01
6.054432839462602356e-01 4.293179325506387145e-01 1.372568321280603909e-01
6.052622198403085907e-01 4.291826204895680119e-01 1.340824467458011648e-01
6.050910282067680779e-01 4.290558408307508786e-01 1.312209596717780757e-01
6.049303340267919715e-01 4.289376807854825002e-01 1.286413460233112871e-01
6.052427779699107724e-01 4.274235340762386204e-01 1.262052531643841902e-01
6.063894880680257282e-01 4.234434226990866912e-01 1.238108946022578316e-01
6.074081174229278846e-01 4.195799261054586893e-01 1.216250875251498748e-01
6.072189063590793801e-01 4.196314382592235548e-01 1.199378580951801776e-01
6.071187568037799132e-01 4.195559026299377492e-01 1.184675403729913284e-01
6.070252045786100892e-01 4.194876986604943458e-01 1.171401860179864390e-01
6.069399003092642575e-01 4.194254841480772877e-01 1.159433615414220409e-01
6.068623032204168988e-01 4.193687472497072410e-01 1.148641847363929269e-01
6.067918809148551418e-01 4.193170730306796656e-01 1.138910561256910314e-01
6.067281150169285819e-01 4.192700641522056904e-01 1.130135352720594427e-01
6.066704979763013483e-01 4.192273387019233022e-01 1.122222006235856218e-01
6.066185413968679940e-01 4.191885366212751984e-01 1.115085653052937664e-01
6.065717883999290905e-01 4.191533227830520070e-01 1.108649875616030817e-01
6.065298065376496517e-01 4.191213860735625851e-01 1.102845813367947375e-01
6.065418224673694292e-01 4.191194546084613948e-01 1.103284623919141283e-01
6.069426905055670396e-01 4.185741156747725955e-01 1.103467157977754409e-01
6.069266204936445419e-01 4.186016729816843807e-01 1.103352190363526830e-01
6.073103185668066173e-01 4.180748709847691980e-01 1.103512010699046753e-01
6.072935247444581908e-01 4.181031147608468279e-01 1.103403463732446355e-01
6.076603866390938302e-01 4.175964492712638254e-01 1.103542503495022892e-01
6.076431887410130850e-01 4.176249137201167305e-01 1.103439675840892920e-01
6.079942965832644264e-01 4.171384429612445266e-01 1.103568340758446231e-01
6.079768519142996208e-01 4.171668561380678653e-01 1.103470180121835231e-01
6.083129882555999846e-01 4.166997019474990571e-01 1.103589401139276893e-01
6.082960313428296129e-01 4.167274898967796570e-01 1.103496363017223009e-01
6.086174967255131296e-01 4.162789015419965377e-01 1.103603373606119042e-01
6.086095308437532436e-01 4.162968009805341763e-01 1.103501273201625971e-01
6.089198406260397656e-01 4.158646202987662521e-01 1.103609271608055886e-01
6.089067443880763486e-01 4.158856503062372534e-01 1.103513338251252696e-01
6.092019997129598519e-01 4.154710086208143749e-01 1.103599013555544295e-01
6.091886178560335097e-01 4.154901980693813668e-01 1.103494714523275966e-01
6.094697116155548544e-01 4.150936298687841197e-01 1.103569387961599868e-01
6.094564221748075550e-01 4.151122198183280765e-01 1.103466812002635300e-01
6.097238123327204384e-01 4.147338427388629345e-01 1.103538138758509007e-01
6.097097686345692713e-01 4.147528039421520263e-01 1.103437773206816797e-01
6.099653821439748880e-01 4.143905901726501195e-01 1.103509174335583209e-01
6.099470409670939564e-01 4.144055927613307655e-01 1.103349481404291288e-01
6.101899037046814023e-01 4.140568596973144833e-01 1.103400545018871221e-01
6.109131425494847001e-01 4.117405432680693589e-01 1.101828124401147829e-01
6.121314289264851993e-01 4.079087764142801387e-01 1.099815794079190279e-01
6.132944439978342821e-01 4.041759266232457515e-01 1.098081888962230968e-01
6.144417778821618104e-01 4.004376480647964809e-01 1.096449951689103530e-01
6.155754677646455564e-01 3.966857416307125184e-01 1.094874755148596279e-01
6.167071573990219324e-01 3.928634393168619621e-01 1.093085638306240670e-01
6.178204241721199086e-01 3.890412867217867832e-01 1.091407137977009750e-01
6.177628288389559463e-01 3.891691863426477438e-01 1.091477596670844402e-01
6.178580308310690494e-01 3.890587817077000854e-01 1.091756000481541589e-01
6.178438288322944949e-01 3.890968323805656381e-01 1.091803098693550356e-01
6.179201608020878922e-01 3.889997599824929209e-01 1.091971847414219682e-01
6.181225043970604016e-01 3.891180548919083160e-01 1.114937800569772985e-01
6.185632764847565079e-01 3.893730585366397823e-01 1.161726192513941325e-01
6.189597220814707645e-01 3.896301736803266524e-01 1.206491380378702100e-01
6.193464282383531749e-01 3.898746040791768452e-01 1.251481777136788653e-01
6.197193582406591572e-01 3.901095991298398902e-01 1.296495001931630142e-01
6.200788563151209409e-01 3.903349135020367511e-01 1.341546530379905677e-01
6.204248471772760842e-01 3.905506662504241722e-01 1.386632450387481619e-01
6.207568991508112255e-01 3.907570947999131072e-01 1.431748781556962669e-01
6.210751461163832587e-01 3.909540064673399651e-01 1.476894351948334072e-01
6.213806955088075901e-01 3.911414541068229944e-01 1.522071424966061626e-01
6.216720518875515911e-01 3.913197234156937099e-01 1.567271536596154813e-01
6.219499211296668495e-01 3.914886136641193004e-01 1.612495381721611443e-01
6.222145732014228159e-01 3.916482957393890296e-01 1.657741605702145460e-01
6.224654327236508466e-01 3.917988392245567164e-01 1.703005948919727452e-01
6.227031119907122658e-01 3.919401746081255244e-01 1.748288288829295267e-01
6.229268411797190819e-01 3.920724067584082095e-01 1.793583714320871603e-01
6.231376122483262003e-01 3.921955118297447695e-01 1.838893429241311439e-01
6.233342088377680223e-01 3.923095622502996704e-01 1.884211105124822261e-01
6.235178052810284033e-01 3.924144996400786289e-01 1.929538380231601569e-01
6.236874287457420118e-01 3.925103826076168367e-01 1.974869781802363056e-01
6.238435473130652387e-01 3.925972152044291397e-01 2.020204718995996795e-01
6.239860818046281121e-01 3.926750060734182091e-01 2.065540711849372935e-01
6.241148762526919080e-01 3.927437606024077876e-01 2.110875061828795252e-01
6.242301786923204476e-01 3.928034832360153272e-01 2.156206377030172872e-01
6.243316166691564861e-01 3.928541744045086492e-01 2.201531274395703841e-01
6.244194972822858514e-01 3.928958351789635928e-01 2.246848555517392543e-01
6.244936224886434850e-01 3.929284631085300239e-01 2.292155408122508731e-01
6.245539867357535746e-01 3.929520550675097978e-01 2.337449643507648056e-01
6.246005674432699717e-01 3.929666059480713125e-01 2.382729026356675828e-01
6.246333410588791324e-01 3.929721094112761381e-01 2.427991322465471447e-01
6.246522825913560784e-01 3.929685577248255290e-01 2.473234296029765134e-01
6.246573654917527696e-01 3.929559417762152340e-01 2.518455707873773486e-01
6.246485615965748917e-01 3.929342511055765041e-01 2.563653315276335221e-01
6.246258416069873087e-01 3.929034742630805876e-01 2.608824871831403880e-01
6.245891743497555826e-01 3.928635983967244116e-01 2.653968125949294210e-01
6.245385273474417520e-01 3.928146096766575446e-01 2.699080820818635096e-01
6.244734614845887100e-01 3.927564814463518905e-01 2.744159467569646793e-01
6.243945769487725395e-01 3.926890183792650646e-01 2.789203473814546586e-01
6.243016725723392613e-01 3.926123799375906831e-01 2.834210275092465259e-01
6.241947223855963678e-01 3.925265537254247761e-01 2.879177778950602340e-01
6.240736640751990416e-01 3.924315378724326231e-01 2.924103645684317243e-01
6.239384021681333437e-01 3.923273217433097537e-01 2.968985190737608026e-01
6.237887935287249608e-01 3.922138387929731684e-01 3.013819979904902024e-01
6.236253365958639439e-01 3.920909995163868178e-01 3.058608223011764493e-01
6.234474982418297673e-01 3.919588957846582566e-01 3.103345055489089566e-01
6.232552776944453310e-01 3.918174807413602467e-01 3.148028329280253557e-01
6.230486280065683502e-01 3.916667291870549739e-01 3.192655664787467096e-01
6.228275008007668756e-01 3.915066181989955707e-01 3.237224691766951712e-01
6.225918467799689271e-01 3.913371241789213029e-01 3.281733026369264561e-01
6.223416155818604079e-01 3.911582233595941038e-01 3.326178273123311380e-01
6.220767560671002228e-01 3.909698913862367231e-01 3.370558022775770324e-01
6.217972163630880456e-01 3.907721034458341292e-01 3.414869852403777384e-01
6.215029439363434216e-01 3.905648343456428195e-01 3.459111325219987876e-01
6.211938856785633734e-01 3.903480585477797082e-01 3.503279990198222560e-01
6.208699879920254183e-01 3.901217502202007359e-01 3.547373381796897207e-01
6.205311968812159407e-01 3.898858832919815942e-01 3.591389019717041720e-01
6.201774580431745898e-01 3.896404315069714741e-01 3.635324408727889089e-01
6.198087169667750862e-01 3.893853684821961258e-01 3.679177038595440874e-01
6.194249190333116495e-01 3.891206677670132064e-01 3.722944383894287723e-01
6.190260096211406271e-01 3.888463029035326701e-01 3.766623904074409834e-01
6.186119341695880403e-01 3.885622475137411880e-01 3.810213043438709923e-01
6.203042025927563152e-01 3.872965089609959333e-01 3.849079840011357945e-01
6.226530700973681443e-01 3.854273465561942613e-01 3.886629639921558299e-01
6.250425168891942107e-01 3.832529584210242479e-01 3.924121965008190993e-01
6.273988810878020628e-01 3.810270464890631037e-01 3.961250213769237916e-01
6.297044001550622383e-01 3.787736881328986338e-01 3.998088020980731239e-01
6.320741856779222845e-01 3.760900750648849544e-01 4.035224510861837310e-01
6.346853795009772536e-01 3.724416806623158660e-01 4.073247477737418909e-01
6.366186358204353191e-01 3.676434207372969443e-01 4.116529170001220761e-01
6.381235436319004917e-01 3.629286990163879123e-01 4.160668350905023516e-01
6.396140496515847484e-01 3.582435233362288307e-01 4.204463007591825452e-01
6.409481500673548382e-01 3.535716084237027768e-01 4.248624380059827788e-01
6.422412384960513032e-01 3.489019404300167659e-01 4.292626001199172370e-01
6.435019519511041564e-01 3.442187733554297191e-01 4.336480759282738129e-01
6.454990636384360103e-01 3.394597258298142073e-01 4.376072990726893042e-01
6.482636207586233157e-01 3.352063989802543387e-01 4.378349835460240147e-01
6.511285068057992564e-01 3.309682441954563403e-01 4.375131695907745200e-01
6.540439890973692716e-01 3.268106079678392839e-01 4.371654344214425669e-01
6.569224073612838222e-01 3.226360808447457096e-01 4.368186875266121816e-01
6.598016994951643177e-01 3.184649434552069280e-01 4.364506343084550988e-01
6.626898940809486938e-01 3.141229515261676486e-01 4.360959734656960074e-01
6.654481153771950597e-01 3.097114050981308320e-01 4.357859478265428410e-01
6.681401899329769689e-01 3.052322367816543425e-01 4.354958838133685672e-01
6.704143264883426490e-01 3.006631003457116980e-01 4.353852337365712866e-01
6.724794979482840995e-01 2.961224429568646288e-01 4.353368298805481706e-01
6.742190746016879510e-01 2.916570160595303718e-01 4.354011209464452303e-01
6.756146730833937353e-01 2.872981949722925865e-01 4.355812740992020538e-01
6.766456787677388451e-01 2.830517121906865330e-01 4.358872369498185129e-01
6.776610223808385847e-01 2.788401012250860123e-01 4.361788908135995624e-01
6.786608159483338287e-01 2.746200895479110615e-01 4.364688840514848178e-01
6.796468975832082871e-01 2.703889633504841794e-01 4.367552569313779554e-01
6.806190001043878057e-01 2.661465507113783269e-01 4.370378789286099575e-01
6.815768810775361120e-01 2.618929844161905773e-01 4.373165310610793721e-01
6.824667624517334330e-01 2.576380273478613425e-01 4.376123815466804734e-01
6.831289343788828905e-01 2.534150267665303269e-01 4.379869866543251722e-01
6.837521622174619340e-01 2.492091747800246337e-01 4.383588769677653207e-01
6.842661596575602134e-01 2.450097911485718538e-01 4.387629892877022986e-01
6.847717617499954335e-01 2.408071486010362749e-01 4.391558153184793034e-01
6.852622947482481797e-01 2.365910451178878660e-01 4.395436812272743854e-01
6.855485893770284500e-01 2.358790668639153265e-01 4.394588159695979046e-01
6.855912936578693051e-01 2.357688329985809239e-01 4.394600128218443258e-01
6.856101581023562597e-01 2.357394373150132616e-01 4.394614896048216757e-01
6.856097859632027669e-01 2.357611111397615034e-01 4.394867589943619590e-01
6.856056149364601060e-01 2.357935832627488237e-01 4.395098621823666507e-01
6.856009326797831704e-01 2.358260611475170021e-01 4.395308312295421738e-01
6.857317491993072389e-01 2.350147817359012070e-01 4.396067044067440976e-01
6.863297629744274930e-01 2.312344251625902680e-01 4.399303733410148132e-01
6.869882119287185063e-01 2.269913405946258067e-01 4.402258579272644856e-01
6.876451211168318478e-01 2.226913240689892826e-01 4.405131077195725831e-01
6.882879201143636827e-01 2.183758369963535173e-01 4.407951961862444645e-01
6.889153665116087844e-01 2.140492271677756353e-01 4.410722523393966754e-01
6.894307967791459824e-01 2.097216372957265151e-01 4.413811899100263392e-01
6.897454257341375516e-01 2.054106141400126873e-01 4.417524489836901491e-01
6.895141656678468456e-01 2.011535332456320102e-01 4.423158494031302901e-01
6.891767182969265049e-01 1.969486618750048712e-01 4.428867092018077822e-01
6.887831202073468884e-01 1.927533864410905240e-01 4.434608281873591018e-01
6.883479790491398020e-01 1.885484879726489205e-01 4.440339739681546383e-01
6.879014778604413127e-01 1.843283887570982826e-01 4.445949442624294590e-01
6.874181671645208658e-01 1.800913271290816853e-01 4.451541153589670397e-01
6.869267224863788712e-01 1.758384114036573298e-01 4.456998026151009484e-01
6.864040221416264353e-01 1.715684606544065072e-01 4.462414445182637524e-01
6.858580187401069894e-01 1.672703198405835479e-01 4.467764741135444861e-01
6.853019012776370156e-01 1.629540942435422635e-01 4.472991094865996775e-01
6.847118200638536711e-01 1.586214970246881684e-01 4.478181950297326352e-01
6.840974312506126198e-01 1.542749377886364903e-01 4.483294520583732679e-01
6.834642425055039716e-01 1.499142462564018174e-01 4.488313709261597118e-01
6.829182667589674960e-01 1.455398995823967978e-01 4.492886769143881187e-01
6.824628210993518573e-01 1.411450059767891396e-01 4.497049106539782737e-01
6.822948629718166291e-01 1.367330276292943736e-01 4.500177702020918269e-01
6.822515152638647384e-01 1.322894353368595510e-01 4.502878894706601187e-01
6.824333473244409420e-01 1.278287381895873709e-01 4.504798345346301414e-01
6.827181103745318946e-01 1.233452994470766312e-01 4.506359442822824302e-01
6.831445221774681276e-01 1.188497668390044032e-01 4.507413471353304280e-01
6.835492031643901623e-01 1.143377944302941401e-01 4.508470234356839468e-01
6.839404792777626918e-01 1.098205733924111360e-01 4.509460141442165337e-01
6.843175233170285532e-01 1.052998396812390158e-01 4.510392539723637739e-01
6.846804209329228064e-01 1.007761330699846192e-01 4.511267556214547669e-01
6.846654231556383863e-01 9.623515181643123306e-02 4.513179396005986277e-01
6.845569308700727440e-01 9.170559093602628775e-02 4.515174755489587133e-01
6.841145428251477201e-01 8.716471547614931814e-02 4.518067835257202347e-01
6.832302269979493303e-01 8.269337670057325118e-02 4.522087640740911629e-01
6.820148066162972089e-01 7.842520133636700363e-02 4.526820577943207469e-01
6.806817760349060942e-01 7.434528981200422271e-02 4.531651774829972279e-01
6.792716254141438759e-01 7.035155821322340575e-02 4.536547253817991288e-01
6.778615670080747613e-01 6.636225587181189545e-02 4.541296594742503245e-01
6.764081502832979265e-01 6.228972674393509074e-02 4.546070775570745237e-01
6.750898967530181149e-01 5.797710384382943893e-02 4.550364535085830164e-01
6.740451342816333735e-01 5.347724398204579260e-02 4.553810161791970734e-01
6.742202160457049231e-01 5.224144680293243970e-02 4.553173548856714326e-01
6.742392835077500868e-01 5.191593921649579474e-02 4.553277401430917970e-01
6.742496799783764816e-01 5.181944172989363939e-02 4.553332147411193187e-01
6.742687649005553174e-01 5.100111627647513357e-02 4.553552694838335357e-01
6.739656752909427562e-01 4.746775909624262324e-02 4.555112713046122197e-01
6.735979452429788905e-01 4.315533869018150365e-02 4.556652204055559041e-01
6.730394012758973421e-01 3.864061180077327240e-02 4.558601981437735429e-01
6.724439530769175111e-01 3.407788728660947342e-02 4.560512038439997196e-01
6.718354966788274707e-01 2.950117482589868778e-02 4.562359576138068085e-01
6.711467579358381119e-01 2.491382088339972461e-02 4.564323279374035702e-01
6.704638276975146693e-01 2.032385015645059995e-02 4.566160927345853660e-01
6.697647587775322764e-01 1.573012711023663579e-02 4.567952416408430638e-01
6.688254870609178226e-01 1.111797759150640920e-02 4.570267960056937917e-01
6.677479437214371982e-01 6.497137169124657906e-03 4.572787845220535052e-01
6.661832983523184870e-01 2.058225181089684813e-03 4.576456808333780324e-01
6.645218223904992838e-01 -2.195328736960155524e-03 4.580161111222573189e-01
6.628389206785052501e-01 -6.373767156628590974e-03 4.583803242188046467e-01
6.606869678115165900e-01 -1.010782932692271853e-02 4.588596915163132284e-01
6.581097134861941811e-01 -1.328409024976306627e-02 4.594339083290132630e-01
6.553031038346953663e-01 -1.573388681588485521e-02 4.600531336446920805e-01
6.523421792997414759e-01 -1.760731656145903684e-02 4.607009752334695896e-01
6.492791929240122606e-01 -1.918361008576495788e-02 4.613623924559168143e-01
6.461340611140311552e-01 -2.053834437275085800e-02 4.620321379076450241e-01
6.429525062246930212e-01 -2.169887844431707402e-02 4.626981123260985873e-01
6.397451804234238759e-01 -2.278256065421963017e-02 4.633578314918733732e-01
6.365102291484753261e-01 -2.385250146387736872e-02 4.640114868349479726e-01
6.332466113130523766e-01 -2.490866371213558417e-02 4.646593979777728922e-01
6.299573735950828590e-01 -2.603120157044953170e-02 4.653000682603893323e-01
6.266609924572092982e-01 -2.746715975558352424e-02 4.659263691157065068e-01
6.233863792076261845e-01 -2.910305950183307913e-02 4.665333301079769290e-01
6.202265673108099397e-01 -3.095639330811035886e-02 4.670995687001347485e-01
6.171317564760593344e-01 -3.313349643605668915e-02 4.676383808497603378e-01
6.140573491556311492e-01 -3.555229372609614025e-02 4.681604222866443954e-01
6.110418502072942903e-01 -3.816756146006978351e-02 4.686567470751569209e-01
6.079880076592111271e-01 -4.085148831526033003e-02 4.691521956491815359e-01
6.049001180382912457e-01 -4.355627887433849432e-02 4.696438953195836707e-01
6.016074700582649815e-01 -4.587925421186129366e-02 4.701770733772053235e-01
5.980964518447778877e-01 -4.770871128716218379e-02 4.707514047113272593e-01
5.945074296103638467e-01 -4.902799223139896884e-02 4.713361407707651884e-01
5.909051262553507433e-01 -4.974733106609580124e-02 4.719219259562585367e-01
5.873053814910244030e-01 -5.014737368574271464e-02 4.725011693730776785e-01
5.836973311315388768e-01 -5.040889531334821760e-02 4.730745078559832617e-01
5.800743062756839041e-01 -5.060962142799550756e-02 4.736424502517327939e-01
5.764338745257963081e-01 -5.078292350619258849e-02 4.742051983513250746e-01
5.727785248892139913e-01 -5.101398568845175868e-02 4.747609186892047251e-01
5.730324234726086319e-01 -5.127382060532304636e-02 4.746832744404850257e-01
5.729894265443417067e-01 -5.137914358486652538e-02 4.747011884797270875e-01
5.729779127120631088e-01 -5.142907879944563082e-02 4.747055382634681187e-01
5.729871219692403983e-01 -5.142831428876416117e-02 4.747561146827093959e-01
5.729979778492187981e-01 -5.140291869151510790e-02 4.748008139861880084e-01
5.730085549988479521e-01 -5.136726249288176005e-02 4.748415891761064711e-01
5.706851381892207309e-01 -5.154271330072365820e-02 4.751822201818621805e-01
5.669326910994103574e-01 -5.223879051060927731e-02 4.757508711720809247e-01
5.632473620378584123e-01 -5.322583270816138440e-02 4.762711502769136906e-01
5.595045615375237036e-01 -5.404732771422966764e-02 4.768029925030986549e-01
5.557521198846093746e-01 -5.473682356960679618e-02 4.773292832236622485e-01
5.519859502551798247e-01 -5.531975615154171438e-02 4.778522706741081816e-01
5.482050771042306092e-01 -5.579311793665263364e-02 4.783721754494578149e-01
5.444146214266614159e-01 -5.624191427226254980e-02 4.788866433567118275e-01
5.406091920128237582e-01 -5.667673057771257378e-02 4.793969285335615838e-01
5.367893855022880523e-01 -5.710598731493624763e-02 4.799027043941778148e-01
5.329552120584968300e-01 -5.753306931007250158e-02 4.804041373285614647e-01
5.291057917613368744e-01 -5.792920586201023153e-02 4.809020016805892750e-01
5.252445915560540746e-01 -5.832605039116655482e-02 4.813951097035912285e-01
5.213695576639901796e-01 -5.871098672639541577e-02 4.818842774449410005e-01
5.174828789093416370e-01 -5.911240495285345620e-02 4.823685868772932817e-01
5.135850445882669257e-01 -5.958530474780082686e-02 4.828472301735102779e-01
5.096734555830666480e-01 -6.011716860455324635e-02 4.833211455676322266e-01
5.057476330627930228e-01 -6.063449124826703757e-02 4.837917387156570048e-01
5.018113593899746760e-01 -6.114929714828541696e-02 4.842577087463716956e-01
4.978644110895329988e-01 -6.166390333948497393e-02 4.847193905576722139e-01
4.939071582849159925e-01 -6.217890748224071118e-02 4.851767471110176588e-01
4.899399911520730955e-01 -6.269446980333891195e-02 4.856297936810993754e-01
4.859633100508548575e-01 -6.321064155685626740e-02 4.860785336511230237e-01
4.819775150046571310e-01 -6.372745039485250285e-02 4.865229617719705746e-01
4.779830049896975352e-01 -6.424492101413797895e-02 4.869630718069413167e-01
4.739801782176967238e-01 -6.476307943922425536e-02 4.873988621649991138e-01
4.699694288727006009e-01 -6.528195194439373461e-02 4.878303136112330796e-01
4.659511523101530495e-01 -6.580156789013213992e-02 4.882574263035245332e-01
4.619257427648970071e-01 -6.632195850217938171e-02 4.886801903975389605e-01
4.578935918525987026e-01 -6.684315640608283482e-02 4.890985902672485008e-01
4.538550930168561703e-01 -6.736519722127752574e-02 4.895126224456703423e-01
4.498106361370383666e-01 -6.788811738818816000e-02 4.899222660607131519e-01
4.457612232573658351e-01 -6.834544191478747477e-02 4.903285385416847886e-01
4.417071090248591014e-01 -6.880006368207666756e-02 4.907302533236438391e-01
4.376482195245792184e-01 -6.925554409613765561e-02 4.911275700934705224e-01
4.335849637725793793e-01 -6.971181420055683198e-02 4.915204712376900487e-01
4.295177331349848693e-01 -7.016894042709012624e-02 4.919089453663317846e-01
4.254476598697081169e-01 -7.057648707972169477e-02 4.922937211987095107e-01
4.213752292999770610e-01 -7.093829019488567811e-02 4.926746422023268179e-01
4.173000045055634266e-01 -7.130491139787360766e-02 4.930509920957030223e-01
4.132223210374676992e-01 -7.167824579014822617e-02 4.934228341141724816e-01
4.091425776852445906e-01 -7.205822958912271037e-02 4.937901602898617237e-01
4.050634265727087180e-01 -7.232289998249501195e-02 4.941547603114898046e-01
4.009830771776350389e-01 -7.258732029850493983e-02 4.945147920494863403e-01
3.969021645862685355e-01 -7.284591581768992685e-02 4.948705401280643623e-01
3.928209291131836700e-01 -7.310594301886103041e-02 4.952218808996604049e-01
3.887400626095983136e-01 -7.335388684749731547e-02 4.955690506235242432e-01
3.846593897021371999e-01 -7.361695568035030168e-02 4.959116511638044233e-01
3.805796714883898368e-01 -7.387950450032873539e-02 4.962499738613738720e-01
3.765026218274705738e-01 -7.407871172837425522e-02 4.965849680354646467e-01
3.724256498691070338e-01 -7.435051936665901251e-02 4.969146003093924402e-01
3.683510547563710325e-01 -7.461582604842358080e-02 4.972402508632907114e-01
3.642890108722522946e-01 -7.498467150506192558e-02 4.967330604922264858e-01
3.604374559747728912e-01 -7.582302821258686543e-02 4.922414801214123337e-01
3.565295529247330952e-01 -7.665885463186745963e-02 4.881258038350689277e-01
3.526228210049464629e-01 -7.763344589033853438e-02 4.839547961340247006e-01
3.487106929232768326e-01 -7.868891293703693390e-02 4.797718019188780270e-01
3.447955789155502937e-01 -7.977827425173177056e-02 4.755728837796305841e-01
3.408783976926769155e-01 -8.087981972558211385e-02 4.713586137345964211e-01
3.369560632513158849e-01 -8.219083885739587869e-02 4.671290176913385217e-01
3.330319383372531417e-01 -8.356130508012787894e-02 4.628845628246109345e-01
3.291061473429625073e-01 -8.499475985392147825e-02 4.586255754174598520e-01
3.251755210960144971e-01 -8.669659960643270880e-02 4.543538780254725573e-01
3.212996806955699669e-01 -8.881025393725885952e-02 4.500708269118535165e-01
3.177653354408152553e-01 -9.213693004598014213e-02 4.457941315503982649e-01
3.154015172804023326e-01 -9.706923380775409060e-02 4.415877586314679859e-01
3.135533273100411522e-01 -1.018925128506059929e-01 4.374022985687804344e-01
3.121272649676182787e-01 -1.066065880912310665e-01 4.332492294574135094e-01
3.110340338948107686e-01 -1.112307369492235160e-01 4.291305827897521352e-01
3.099601234590721455e-01 -1.158316479931399134e-01 4.250287452318698977e-01
3.093214470463028221e-01 -1.203095047685671382e-01 4.209799539558314319e-01
3.093546236492688006e-01 -1.198690990153508523e-01 4.167733879816842846e-01
3.092857598252191642e-01 -1.199092751612849395e-01 4.126033660986321849e-01
3.092116411006096688e-01 -1.198937026975401138e-01 4.084439484426253264e-01
3.091208506913598053e-01 -1.198759473023750938e-01 4.042991968086280252e-01
3.090145062518652175e-01 -1.198507135403768520e-01 4.001695409379452117e-01
3.088923691105089353e-01 -1.198185850169873196e-01 3.960558185134450682e-01
3.087543814992549374e-01 -1.197795605854910378e-01 3.919588205877401199e-01
3.086005038709131454e-01 -1.197337021304813592e-01 3.878793413082154973e-01
3.084307311129795282e-01 -1.196810705055929014e-01 3.838181687943861276e-01
3.082450904945633896e-01 -1.196217334241020391e-01 3.797760842002561588e-01
3.080436411033649069e-01 -1.195557653991490693e-01 3.757538583708506796e-01
3.078264786103474537e-01 -1.194832469785116758e-01 3.717522523880339991e-01
3.075937323084610986e-01 -1.194042665110123663e-01 3.677720141286729416e-01
3.073455641085784951e-01 -1.193189200807948241e-01 3.638138749995633581e-01
3.070821708020733398e-01 -1.192273124730119788e-01 3.598785504380809241e-01
3.068037812208059822e-01 -1.191295567309173936e-01 3.559667352797138418e-01
3.065106576214314815e-01 -1.190257747695542406e-01 3.520791036814815977e-01
3.062030942593025884e-01 -1.189160976087812738e-01 3.482163061642822854e-01
3.058814183804004494e-01 -1.188006681469628706e-01 3.443789706034871001e-01
3.055459848428346836e-01 -1.186796326098365495e-01 3.405676928421558225e-01
3.051963362439321092e-01 -1.185702764504623363e-01 3.367840086125563626e-01
3.042271937269499515e-01 -1.203693426384812304e-01 3.330460511435417437e-01
3.028536638446667206e-01 -1.243376441478674099e-01 3.294427558758487584e-01
3.012986150426973375e-01 -1.286354753195565470e-01 3.258646136004695881e-01
2.997594885770716311e-01 -1.328655631374716095e-01 3.223238639062220856e-01
2.982006623090031616e-01 -1.370728646159218855e-01 3.188163005037389364e-01
2.966470408154292526e-01 -1.412465100828446118e-01 3.153460670384781173e-01
2.950798456155719895e-01 -1.453918111490983545e-01 3.119091749446873951e-01
2.935090581866146020e-01 -1.495049725534821350e-01 3.085073199429975710e-01
2.922529405842220762e-01 -1.535063888603797611e-01 3.051972019037551553e-01
2.916781691248500619e-01 -1.538135514258131831e-01 3.016691537760313180e-01
2.912748909778464235e-01 -1.535273252292990442e-01 2.981701005524298731e-01
2.908445038469921196e-01 -1.532922441548205117e-01 2.947022355367484581e-01
2.904078402785276736e-01 -1.530476407405887140e-01 2.912641627833786884e-01
2.899632956374867399e-01 -1.527992192400813853e-01 2.878562209421741680e-01
2.895112960251819967e-01 -1.525464354433342662e-01 2.844784285158730719e-01
2.890523928270219978e-01 -1.522892656343392548e-01 2.811309218386931486e-01
2.885868808196082602e-01 -1.520276567369345522e-01 2.778137463053526601e-01
2.881150694154213654e-01 -1.517615237645442983e-01 2.745269535050919307e-01
2.875683800582726768e-01 -1.528161140597224243e-01 2.713913068081154067e-01
2.870020466230624456e-01 -1.543794977993229178e-01 2.683296479940461277e-01
2.863067958833322435e-01 -1.559534255978905493e-01 2.652671648733075371e-01
2.856137221447245800e-01 -1.575046872419218480e-01 2.622366943018925034e-01
2.848103699813267498e-01 -1.607526668478186649e-01 2.594341725982180491e-01
2.839971794356184742e-01 -1.643535382456267624e-01 2.567106029263562794e-01
2.831608288373509974e-01 -1.678790849692146092e-01 2.540150231806683201e-01
2.822982514777798713e-01 -1.713615252808169120e-01 2.513583890531545517e-01
2.814128073232166627e-01 -1.747958973418185513e-01 2.487441314537454651e-01
2.805034531569801648e-01 -1.781814338048563207e-01 2.461757814240459474e-01
2.795697891243612010e-01 -1.815172653217771714e-01 2.436570352929344208e-01
2.786116952578475692e-01 -1.848028597772977399e-01 2.411916354812564944e-01
2.776293686942298278e-01 -1.880380133981915114e-01 2.387832883289068564e-01
2.766233214659345463e-01 -1.912228691802936309e-01 2.364355775078179067e-01
2.755943710819387937e-01 -1.943579181725397786e-01 2.341518807317765904e-01
2.748212467451667806e-01 -1.945876890776949142e-01 2.313688149326402210e-01
2.742602658922272951e-01 -1.939177480701842204e-01 2.285459449169361945e-01
2.743726117784175411e-01 -1.939712082825960915e-01 2.287347748278903414e-01
2.743693488526447455e-01 -1.939575690998689983e-01 2.287124079451780256e-01
2.743905160356490125e-01 -1.939675385674023422e-01 2.287277368744456418e-01
2.744094516042536180e-01 -1.939772903111766367e-01 2.287411289411289406e-01
2.744270861937242456e-01 -1.939869167647824133e-01 2.287533620003893708e-01
2.744435004029701086e-01 -1.939963935381226190e-01 2.287645032381499521e-01
2.744587768272146455e-01 -1.940057181451133594e-01 2.287746288707760145e-01
2.744729920158586745e-01 -1.940148883792265355e-01 2.287838095045939824e-01
2.744862193447010767e-01 -1.940239046339762574e-01 2.287921124257173144e-01
2.738190069040596919e-01 -1.933233679860287824e-01 2.258860198168577693e-01
2.732253252420790979e-01 -1.926660343317168900e-01 2.231938944922878809e-01
2.726061877182107129e-01 -1.919836760354806104e-01 2.205458532978620267e-01
2.719715152792261392e-01 -1.912831679529795326e-01 2.179560029869707372e-01
2.713207636645402765e-01 -1.905642332241637704e-01 2.154250463127294068e-01
2.706544398101285442e-01 -1.898273913046305827e-01 2.129546219620438163e-01
2.699730562146818169e-01 -1.890732408267217501e-01 2.105461581576863472e-01
2.692772226101562416e-01 -1.883025160615952598e-01 2.082009381505678103e-01
2.685676344644711278e-01 -1.875160717641269903e-01 2.059200702495061763e-01
2.678450678516726691e-01 -1.867148724184394815e-01 2.037044690110718093e-01
2.671103715601030326e-01 -1.858999787819752836e-01 2.015548399144869995e-01
2.663644574658128872e-01 -1.850725320671010865e-01 1.994716684027321441e-01
2.656082898535024328e-01 -1.842337388745951543e-01 1.974552133613008409e-01
2.648428736869100630e-01 -1.833848536165891829e-01 1.955055051698386392e-01
2.649240027259806007e-01 -1.833839423297193572e-01 1.956983604387383391e-01
2.648566817942512586e-01 -1.833598768745719754e-01 1.957514719919312141e-01
2.648494768469742411e-01 -1.833504602053040167e-01 1.957760768403716822e-01
2.648431521230643071e-01 -1.833370919496056239e-01 1.957989566724472608e-01
2.648346690902782519e-01 -1.833253977414051050e-01 1.958201827112949212e-01
2.648261237966973436e-01 -1.833132484040408128e-01 1.958402484907521834e-01
2.648175505615236736e-01 -1.833006434436884324e-01 1.958592155161654469e-01
2.648089658564828364e-01 -1.832876469539269082e-01 1.958771600765307208e-01
2.648003823831777681e-01 -1.832743238785055628e-01 1.958941491685340375e-01
2.647918106193679066e-01 -1.832607318258606954e-01 1.959102472572346598e-01
2.647832605935686034e-01 -1.832469235661317031e-01 1.959255132857319615e-01
2.647747406173374674e-01 -1.832329451354892669e-01 1.959400036039760096e-01
2.647662604724690394e-01 -1.832188417280874726e-01 1.959537666514824250e-01
2.647578269724252809e-01 -1.832046503485396660e-01 1.959668512258382622e-01
2.647494487848113809e-01 -1.831904085365320400e-01 1.959792986656369307e-01
2.647411317397330155e-01 -1.831761464298402309e-01 1.959911507384898277e-01
2.647328808312645609e-01 -1.831618904293481898e-01 1.960024464914404962e-01
2.647247023517662057e-01 -1.831476672756870150e-01 1.960132196187731601e-01
2.647166012330264273e-01 -1.831334995841933655e-01 1.960235025460680403e-01
2.647085819404212392e-01 -1.831194075467533766e-01 1.960333253893496719e-01
2.647006484832953310e-01 -1.831054091321859534e-01 1.960427161319022171e-01
2.646928044467736219e-01 -1.830915202911510276e-01 1.960517007783484367e-01
2.646850530135768653e-01 -1.830777551280679261e-01 1.960603035071144529e-01
2.646773969940662274e-01 -1.830641260743035292e-01 1.960685468009714660e-01
2.646698388464214791e-01 -1.830506440318892536e-01 1.960764515770740402e-01
2.646623807022839281e-01 -1.830373185159905602e-01 1.960840373003334691e-01
2.646550243875606112e-01 -1.830241577791486274e-01 1.960913220919413003e-01
2.646477714431542672e-01 -1.830111689264148078e-01 1.960983228287506708e-01
2.646406231454753177e-01 -1.829983580222187822e-01 1.961050552343242548e-01
2.646335805247200246e-01 -1.829857301860577656e-01 1.961115339642402200e-01
2.646266443826915116e-01 -1.829732896808451692e-01 1.961177726844915425e-01
