4.314094557798375251e-01 -4.489080949752533890e-12 3.396152352421258347e-01
4.314094557798375251e-01 -4.489080949752533890e-12 3.396152352421258347e-01
4.314008999490514529e-01 -2.243835845701875134e-06 3.395946800222144901e-01
4.314103247194858715e-01 -4.470491937302665720e-06 3.395902420579883230e-01
4.314146711977404069e-01 -6.646460008843979819e-06 3.395809210456454119e-01
4.314157761141708125e-01 -8.726025767560217377e-06 3.395687942781277502e-01
4.314145367119217589e-01 -1.071147735242366117e-05 3.395548597599926111e-01
4.314116587112052925e-01 -1.260105300094566328e-05 3.395398961846973762e-01
4.314076777486245962e-01 -1.439245739719335326e-05 3.395244783057125293e-01
4.314029958527124120e-01 -1.608361544025327952e-05 3.395090229533120896e-01
4.313979185163412944e-01 -1.767115892508109692e-05 3.394938436046295305e-01
4.313926604390171393e-01 -1.915501967312936235e-05 3.394791361592288670e-01
4.313873777362325357e-01 -2.053562639079111328e-05 3.394650334217864107e-01
4.313821888306960672e-01 -2.181184845597052550e-05 3.394516376897054877e-01
4.313771654958023505e-01 -2.298615099617271504e-05 3.394389853223866438e-01
4.313723554540949134e-01 -2.406150568264033235e-05 3.394270897101243634e-01
4.313677945655657875e-01 -2.503930450799414612e-05 3.394159623627064359e-01
4.313634941643781362e-01 -2.592411141904724128e-05 3.394055760766827579e-01
4.313594645243975512e-01 -2.671850135455994268e-05 3.393959159487736077e-01
4.313557003643062049e-01 -2.742751086707138043e-05 3.393869411275108883e-01
4.313521951331842907e-01 -2.805551967110667537e-05 3.393786158782147178e-01
4.313489379277135050e-01 -2.860722773712407298e-05 3.393709002199330471e-01
4.313459186462879069e-01 -2.908639190815570728e-05 3.393637605578109229e-01
4.356731344726406108e-01 2.102452146368570755e-06 3.396117142391852917e-01
4.396249606087813677e-01 -2.384407946524779625e-04 3.397932085573558969e-01
4.436101027042058109e-01 -2.567199937802002547e-04 3.399738102809864437e-01
4.475962670379037278e-01 2.543178301824533787e-04 3.401454672588326567e-01
4.515798438431458117e-01 8.168780267429667221e-04 3.403066633022172605e-01
4.555600587185479333e-01 1.236376397407705670e-03 3.404583629798464961e-01
4.595368036320391925e-01 1.301828466229910681e-03 3.406006554858808655e-01
4.635123249971751513e-01 1.313495472478020060e-03 3.407357249753023010e-01
4.674896345235101114e-01 1.768300264036799796e-03 3.408648512139021980e-01
4.714706208826353051e-01 2.710819244219662451e-03 3.409869779088829378e-01
4.754731590800489460e-01 4.462480755631889964e-03 3.411052379460482453e-01
4.795693645161719365e-01 7.802673031129809221e-03 3.412280259356296752e-01
4.835917621307838643e-01 1.173818921269541120e-02 3.413354263898590313e-01
4.874965900377881134e-01 1.583386028538028012e-02 3.414291060990332638e-01
4.913569557867258908e-01 1.997722392404602948e-02 3.415147734538827584e-01
4.944574447052171307e-01 2.414382530226368700e-02 3.415612525669590727e-01
4.975897196144525303e-01 2.834331982566320671e-02 3.416083473969176443e-01
5.007124801701258177e-01 3.254983754304959648e-02 3.416509397594075237e-01
5.038232158226841895e-01 3.675699241254092725e-02 3.416894498698298532e-01
5.069217971331078099e-01 4.096262618428542918e-02 3.417234751115350022e-01
5.099584986525222963e-01 4.516581885327314305e-02 3.417522092010158996e-01
5.129868896951721435e-01 4.936963133185599123e-02 3.417772093841687231e-01
5.160023276977783180e-01 5.357183677564882063e-02 3.417981931683083396e-01
5.191721712819089563e-01 5.777641443760874601e-02 3.418202647739631006e-01
5.231294783820535921e-01 6.199538858349020604e-02 3.418662269404221243e-01
5.269755023017895779e-01 6.592717085218090245e-02 3.418984484122293832e-01
5.307776050665514722e-01 6.938279414484004037e-02 3.419233458581263374e-01
5.345444082105146322e-01 7.224118123214347265e-02 3.419406505270022323e-01
5.383303163784026735e-01 7.484141388605621004e-02 3.419517131395033438e-01
5.421146357887931533e-01 7.734368819379923432e-02 3.419563170366302085e-01
5.458882260559464461e-01 7.980834515420436037e-02 3.419546373449903198e-01
5.496472515295748318e-01 8.225787214737090292e-02 3.419467844558940484e-01
5.533898592007040484e-01 8.470049625383301029e-02 3.419328232383129773e-01
5.571239995766836817e-01 8.722505190311742596e-02 3.419124185498713109e-01
5.608411960859805978e-01 8.985616630571689745e-02 3.418857693978685219e-01
5.645462766857134440e-01 9.266816577337641525e-02 3.418524322101146318e-01
5.682348090120680206e-01 9.570903517323163523e-02 3.418123611478627866e-01
5.719149210929143079e-01 9.910641029642865141e-02 3.417644978159451452e-01
5.755577616846370148e-01 1.027538631333876074e-01 3.417108003888167378e-01
5.791558136931175271e-01 1.064794609279221538e-01 3.416520140713520948e-01
5.827335584056800855e-01 1.103403837807531152e-01 3.415854298020498114e-01
5.862699168591342103e-01 1.142305481631306074e-01 3.415132121940887555e-01
5.897740896884722250e-01 1.181242674649026908e-01 3.414342359304168850e-01
5.932586586859800448e-01 1.221431418937352631e-01 3.413461066480659722e-01
5.966990105534705213e-01 1.261912542039081431e-01 3.412521629653579303e-01
6.001029628281534523e-01 1.302404317550163448e-01 3.411511504078085788e-01
6.034385668882141784e-01 1.342812064014281825e-01 3.410426387371064960e-01
6.067238403967109006e-01 1.383142363843262446e-01 3.409268078483715381e-01
6.099728877709419406e-01 1.423377179860311481e-01 3.408035884737103394e-01
6.131839260721434481e-01 1.463492526775752589e-01 3.406728059224651273e-01
6.163560296315745424e-01 1.503478250221418067e-01 3.405343345768838126e-01
6.194881200158148804e-01 1.543326473008267419e-01 3.403880686721912352e-01
6.225790971080236158e-01 1.583029801258901414e-01 3.402338872380284429e-01
6.256278487821153034e-01 1.622580833272952994e-01 3.400716747602150480e-01
6.286032720513782257e-01 1.661976845613956644e-01 3.399017117500442997e-01
6.313478454863309386e-01 1.701277481111876377e-01 3.397268412938569404e-01
6.335812495686358181e-01 1.740739315734718129e-01 3.395556654868459590e-01
6.355500076277438293e-01 1.780605827696105647e-01 3.393864425267371643e-01
6.372655749840284711e-01 1.820718803453925672e-01 3.392202544800703157e-01
6.384303735766551080e-01 1.861233957877137246e-01 3.390699979338475112e-01
6.395251553179756021e-01 1.902183250300643336e-01 3.389193715480995350e-01
6.399823069469882109e-01 1.943563374295753654e-01 3.387950480351925586e-01
6.403931478836468738e-01 1.985465426925762389e-01 3.386704306067768178e-01
6.405542785432545294e-01 2.027565968099144245e-01 3.385569082569767629e-01
6.407043204210415288e-01 2.069810466072501687e-01 3.384414728799480798e-01
6.405262908918876175e-01 2.112277296312882469e-01 3.383422334123258324e-01
6.401296214482879998e-01 2.155169547663751128e-01 3.382535611604338133e-01
6.397260887117753869e-01 2.198214079232848339e-01 3.381634937629904303e-01
6.393094033110400254e-01 2.241201752748893661e-01 3.380723422054260907e-01
6.388809843606254590e-01 2.284113480195991697e-01 3.379796588662412615e-01
6.384408299246926433e-01 2.326944624814335505e-01 3.378854183192039895e-01
6.379889018198627859e-01 2.369692859836985133e-01 3.377895638105534171e-01
6.375251513061602759e-01 2.412356104760664255e-01 3.376920650451217254e-01
6.370495177331919612e-01 2.454932281941896444e-01 3.375928784999612242e-01
6.365619399437113524e-01 2.497419335452824574e-01 3.374919715743318616e-01
6.360623495251229720e-01 2.539815185498746075e-01 3.373893022473201664e-01
6.347199801852220213e-01 2.583256184489954865e-01 3.373388769787389885e-01
6.330676880066453682e-01 2.627898485740992607e-01 3.373079616598514963e-01
6.308376123748007380e-01 2.673698855958660525e-01 3.373181015835591268e-01
6.282983263650062655e-01 2.720509478194231279e-01 3.373488631568328233e-01
6.254710029697071461e-01 2.768047115558047722e-01 3.373991420562464372e-01
6.223773896836302111e-01 2.816241281373172978e-01 3.374665438071584034e-01
6.192443376698083535e-01 2.864694548855528100e-01 3.375327846409384991e-01
6.160906422532932414e-01 2.913129995654664128e-01 3.375965499878953446e-01
6.131069920188787492e-01 2.961205731174901268e-01 3.376434526553735993e-01
6.102267151847070581e-01 3.008819715587972565e-01 3.376790645396392510e-01
6.073996794321623316e-01 3.056110996769855759e-01 3.377069278593005652e-01
6.045764945158536019e-01 3.103214188793317341e-01 3.377305031476199315e-01
6.017573278315567764e-01 3.150186961323974133e-01 3.377503475527671717e-01
5.989207755880630035e-01 3.197061200543325210e-01 3.377677682220852629e-01
5.960955712813973406e-01 3.243815697713661739e-01 3.377811074955570647e-01
5.932567760443393512e-01 3.290454663135476410e-01 3.377919644794590837e-01
5.904046518910609498e-01 3.337002017526434772e-01 3.378004271020342286e-01
5.878311463211788324e-01 3.383018938217201010e-01 3.377902149386908803e-01
5.857369081035678215e-01 3.427884383970387083e-01 3.377513208632629826e-01
5.840477646763819752e-01 3.471465336455417661e-01 3.376879512545073458e-01
5.832148206723740680e-01 3.513238434405516197e-01 3.375831613767049655e-01
5.825512768082994342e-01 3.553590157571628327e-01 3.374624042097317256e-01
5.818864690236038584e-01 3.593527670768240645e-01 3.373362780481478640e-01
5.817179613322560616e-01 3.632577527246830251e-01 3.371887153430338513e-01
5.815427292229137235e-01 3.670863502410685597e-01 3.370333447812660088e-01
5.814188926039300931e-01 3.708844250670260134e-01 3.368716314167555792e-01
5.816547657795125836e-01 3.745981237658745910e-01 3.366924781083300844e-01
5.830041811555415343e-01 3.780699536782916037e-01 3.364684293956642369e-01
5.845064089531696316e-01 3.813553428025088787e-01 3.362187951404906339e-01
5.863691238824857432e-01 3.845150829661147518e-01 3.359446715083238555e-01
5.884908354412489162e-01 3.875386000652801810e-01 3.356458378897983486e-01
5.906715507355255745e-01 3.904658882796039898e-01 3.353279274056521486e-01
5.928074814366247614e-01 3.933352775657144029e-01 3.349962804031844654e-01
5.948904325388201242e-01 3.961579607733379804e-01 3.346524448378836447e-01
5.969148274565100332e-01 3.989351867214716574e-01 3.342968728594074013e-01
5.988800776600398112e-01 4.016668227505555966e-01 3.339297364873237139e-01
6.005375047685279633e-01 4.044220337909413265e-01 3.335646195647213874e-01
6.019640888336420526e-01 4.072085436988405194e-01 3.332020302972952819e-01
6.030916399637840097e-01 4.100471282822822916e-01 3.328475044771202485e-01
6.041217253415056554e-01 4.128855436829176884e-01 3.324907912628661255e-01
6.050634551964039209e-01 4.157058772653446921e-01 3.321301490254551791e-01
6.064602555086484603e-01 4.183152541359890231e-01 3.317278099783115830e-01
6.078837191683118535e-01 4.208124067497643894e-01 3.313061247923630437e-01
6.094043455499118522e-01 4.231992175070456441e-01 3.308622802765898152e-01
6.108764233652628217e-01 4.255231391268879393e-01 3.304063300833282590e-01
6.122859836303216063e-01 4.278002645540403548e-01 3.299406906425541575e-01
6.136922048801870533e-01 4.300056754849874152e-01 3.294608479931734335e-01
6.151313391156011390e-01 4.317759566675108407e-01 3.290094249626856482e-01
6.147416460401696758e-01 4.339169158163123652e-01 3.287699688319146718e-01
6.146129976398988504e-01 4.339660368008156910e-01 3.288150233266232680e-01
6.145795018704708346e-01 4.339496696929532327e-01 3.287897608521365700e-01
6.145479793056323192e-01 4.339328300653587100e-01 3.287701086872882872e-01
6.145200467947842249e-01 4.339177814638663366e-01 3.287517524870879337e-01
6.146949419270961723e-01 4.341401299414069381e-01 3.259395965354296432e-01
6.150207843906057015e-01 4.344309985748671110e-01 3.212883113685051639e-01
6.153308935746368835e-01 4.346433394624186763e-01 3.167740288322002939e-01
6.156306277451698561e-01 4.348515161795519779e-01 3.122457551411303434e-01
6.159175323923380407e-01 4.350498492005082096e-01 3.077162680370955639e-01
6.161915837054482425e-01 4.352385707923372427e-01 3.031846396723450465e-01
6.164524902422621189e-01 4.354175251084972942e-01 2.986510838785693123e-01
6.167000092719374660e-01 4.355866121676443270e-01 2.941157507604685861e-01
6.169339246251480668e-01 4.357457417335816041e-01 2.895788207520514912e-01
6.171540359478646653e-01 4.358948322923109076e-01 2.850404643522177484e-01
6.173601677579179103e-01 4.360338131175756082e-01 2.805008771160923953e-01
6.175521599040884047e-01 4.361626205012220092e-01 2.759602566482294850e-01
6.177298703698534954e-01 4.362811987093339061e-01 2.714188132897693007e-01
6.178931644318571559e-01 4.363895253766612581e-01 2.668768157582616096e-01
6.180419375710364260e-01 4.364875319291213196e-01 2.623344304279476846e-01
6.181760840926951994e-01 4.365751783303456479e-01 2.577918861378453719e-01
6.182955066003037459e-01 4.366524284812253742e-01 2.532494055914320530e-01
6.184001284235922657e-01 4.367192520043293169e-01 2.487072345869461021e-01
6.184898707338096768e-01 4.367756180811012134e-01 2.441656014075063996e-01
6.181975949603567555e-01 4.369301661558479544e-01 2.395892075230853235e-01
6.173042829967098077e-01 4.363496906250787788e-01 2.348966085842176255e-01
6.160650363687121267e-01 4.354882369893132155e-01 2.301340915563083178e-01
6.147818156451988481e-01 4.346796193663048369e-01 2.253632979036786221e-01
6.133447371846384444e-01 4.341622055800233304e-01 2.205881938465817094e-01
6.134045560743697223e-01 4.341857636892177408e-01 2.160820228596794790e-01
6.133973651205456568e-01 4.341708600027833764e-01 2.115474085904003043e-01
6.133760758705464333e-01 4.341467293305640851e-01 2.070181369035690166e-01
6.133392870580552936e-01 4.341122614125634827e-01 2.024915222003131343e-01
6.132871058404605336e-01 4.340674341663354752e-01 1.979680517559943287e-01
6.132195683356013172e-01 4.340122552718680415e-01 1.934479418664792616e-01
6.131367125032068932e-01 4.339467274163311683e-01 1.889314454794443487e-01
6.114095777564974021e-01 4.345963052867340970e-01 1.841824819362666010e-01
6.090014114311458338e-01 4.355008576298447509e-01 1.793604297515597468e-01
6.068105605496650901e-01 4.361222910121458352e-01 1.745564144430269971e-01
6.067529248921480489e-01 4.360070816584334374e-01 1.701061424835826896e-01
6.066009269246780411e-01 4.358917226858959881e-01 1.656044212874727972e-01
6.064351338354682097e-01 4.357677435409103017e-01 1.611134692277288172e-01
6.062541303993868036e-01 4.356334451456559953e-01 1.566274585735101255e-01
6.060579797215678299e-01 4.354888302215211837e-01 1.521471173476826588e-01
6.058467117145353020e-01 4.353338902789310461e-01 1.476726347204210810e-01
6.056326920698539285e-01 4.351740421260787417e-01 1.434762982873989956e-01
6.054253004190531806e-01 4.350187141037125671e-01 1.396916448900156205e-01
6.052266091084791411e-01 4.348714841541021503e-01 1.362802492547335043e-01
6.050380345433857832e-01 4.347328237045191002e-01 1.332050670884225296e-01
6.048604082221230582e-01 4.346030012296179801e-01 1.304327361696668852e-01
6.046941406579814382e-01 4.344820480135607732e-01 1.279332342060614525e-01
6.045393304728258199e-01 4.343698262010869393e-01 1.256795602300165571e-01
6.043958400950271148e-01 4.342660728458946351e-01 1.236474086063458488e-01
6.042633587535978235e-01 4.341704347357672189e-01 1.218148886716159673e-01
6.041414632622724712e-01 4.340825082272938840e-01 1.201623084836814515e-01
6.040296454259678205e-01 4.340018505675448668e-01 1.186719229924216024e-01
6.039273547203244386e-01 4.339280077439665595e-01 1.173277618551811785e-01
6.038340032989110151e-01 4.338605120466851317e-01 1.161154186328082483e-01
6.037490006805328324e-01 4.337989077842264729e-01 1.150219257472979151e-01
6.041703002208469453e-01 4.322941924574140171e-01 1.139228417929905590e-01
6.054291181888575846e-01 4.283904715678846231e-01 1.127396202577660433e-01
6.066170409197568780e-01 4.245823564025583696e-01 1.116591267081900735e-01
6.078007485933435428e-01 4.207673373713976539e-01 1.106966436759915101e-01
6.089801749802130626e-01 4.169274593019770547e-01 1.098281794538176342e-01
6.101083721741038524e-01 4.132045283097192101e-01 1.090578343975248388e-01
6.099966238856932010e-01 4.133541619950932833e-01 1.086304110441660142e-01
6.100091353781870174e-01 4.133491959538051486e-01 1.086617635806979565e-01
6.102844484562842675e-01 4.129808416844362728e-01 1.086882550212880660e-01
6.102742768850289989e-01 4.130003242798327978e-01 1.086773516160314118e-01
6.105251039656188761e-01 4.126624638840284964e-01 1.087009769982489743e-01
6.105147915879267639e-01 4.126812475292517268e-01 1.086911061322454186e-01
6.107464733932579382e-01 4.123820687861009526e-01 1.087218668049648590e-01
6.107358383103742572e-01 4.123996155090813298e-01 1.087122165402434198e-01
6.109473349858074442e-01 4.121099673551709697e-01 1.087288163668401475e-01
6.109369250147937969e-01 4.121273725626947715e-01 1.087208212652747696e-01
6.111326924642769276e-01 4.118577328516328517e-01 1.087351533034169176e-01
6.111224412140733309e-01 4.118743637625087439e-01 1.087278152502712258e-01
6.113044384007141341e-01 4.116229043783620201e-01 1.087406851007160502e-01
6.112943939626411805e-01 4.116387439883145150e-01 1.087338765716030220e-01
6.114643446925248638e-01 4.114020159904950291e-01 1.087445442411835855e-01
6.114573562682481533e-01 4.114141279302627741e-01 1.087377772042650570e-01
6.116183344564083413e-01 4.111899661502395609e-01 1.087475590114817398e-01
6.116130292404355906e-01 4.111994495300878572e-01 1.087413494942644221e-01
6.117626857455823464e-01 4.109878033573239331e-01 1.087484299044030878e-01
6.117560933353987096e-01 4.109945847173046007e-01 1.087397448670524847e-01
6.118942437273037216e-01 4.107946129796981594e-01 1.087435040873152015e-01
6.118877182795167124e-01 4.108012559756737403e-01 1.087353640258073156e-01
6.120212246880611939e-01 4.106137722866615714e-01 1.087424131420011708e-01
6.120202655950370829e-01 4.106181231239047213e-01 1.087375753238594978e-01
6.121469129164610612e-01 4.104400665547510707e-01 1.087436860118283499e-01
6.121431735063231905e-01 4.104455826386542716e-01 1.087377231167389047e-01
6.122603443809946366e-01 4.102777134495208533e-01 1.087415812018377170e-01
6.122578202191136798e-01 4.102812408576320680e-01 1.087358022469614993e-01
6.123699837798189938e-01 4.101200888577060666e-01 1.087391990129438490e-01
6.123676162212993157e-01 4.101231455030903139e-01 1.087335344990964237e-01
6.124749656546832899e-01 4.099685095253583489e-01 1.087365345333677069e-01
6.124727448542174324e-01 4.099711336633308223e-01 1.087309704530568244e-01
6.125754812309385233e-01 4.098227839956712359e-01 1.087336215539259215e-01
6.125734008245422579e-01 4.098250061783593190e-01 1.087281467364333426e-01
6.126717264226139159e-01 4.096827051960835742e-01 1.087304914591856186e-01
6.126708527595067233e-01 4.096832087289888902e-01 1.087252441218185123e-01
6.127649510137249678e-01 4.095467297370653514e-01 1.087273079945490356e-01
6.128153392750137485e-01 4.095809512647978212e-01 1.093369326234198968e-01
6.132111515404359281e-01 4.097997623549474722e-01 1.134387394873746513e-01
6.136334296133533206e-01 4.100705605381942953e-01 1.179590349584035691e-01
6.140375289618295040e-01 4.103314577821207676e-01 1.224493769108795649e-01
6.144279727504681210e-01 4.105819377625876676e-01 1.269468431971796096e-01
6.148043161387100053e-01 4.108225563281762693e-01 1.314480813070641185e-01
6.151665819897775833e-01 4.110532837418622853e-01 1.359531278308672153e-01
6.155147532731172211e-01 4.112741499335849649e-01 1.404617230223788871e-01
6.158488238962347427e-01 4.114851808393638621e-01 1.449736447157405905e-01
6.161687757662729359e-01 4.116863923181418583e-01 1.494886454170578916e-01
6.164746038050036292e-01 4.118778053494533964e-01 1.540064985242454165e-01
6.167663007163715072e-01 4.120594372551208973e-01 1.585269709084877188e-01
6.170438591120607219e-01 4.122313028613368013e-01 1.630498263302604944e-01
6.173072666762842164e-01 4.123934117942939515e-01 1.675748238175694127e-01
6.175565196772156984e-01 4.125457772922642707e-01 1.721017359443434147e-01
6.177916090316291076e-01 4.126884076778343791e-01 1.766303246349850697e-01
6.180125255828022857e-01 4.128213096030657892e-01 1.811603532168215847e-01
6.182192619314371695e-01 4.129444895879226807e-01 1.856915885013199485e-01
6.184118086376473311e-01 4.130579517239099108e-01 1.902237956455160028e-01
6.185901558876685247e-01 4.131616987814258346e-01 1.947567402518557977e-01
6.187542934479651757e-01 4.132557323622219059e-01 1.992901881237789108e-01
6.189042102466866258e-01 4.133400527293938365e-01 2.038239051874013441e-01
6.190398939126465772e-01 4.134146585704626675e-01 2.083576575153342492e-01
6.191613315645981830e-01 4.134795476304451989e-01 2.128912113613199986e-01
6.192685090533300851e-01 4.135347162863370341e-01 2.174243330633164883e-01
6.193614112015332074e-01 4.135801597599318424e-01 2.219567890274402600e-01
6.194400216872524290e-01 4.136158721207490174e-01 2.264883457002616063e-01
6.195043230433942005e-01 4.136418463357158792e-01 2.310187695224730497e-01
6.195542965162739169e-01 4.136580742298454072e-01 2.355478268449975876e-01
6.195899224667920091e-01 4.136645467880314953e-01 2.400752840030846991e-01
6.196111795203851358e-01 4.136612536535064777e-01 2.446009070726073709e-01
6.196180455717451574e-01 4.136481838155609547e-01 2.491244620159536460e-01
6.196104966052091712e-01 4.136253248544548011e-01 2.536457144351917936e-01
6.195885079483299807e-01 4.135926638130999478e-01 2.581644297098703023e-01
6.195520534107721300e-01 4.135501866443887509e-01 2.626803728106638647e-01
6.195011067037862196e-01 4.134978767103694719e-01 2.671933077778785304e-01
6.194356408725949503e-01 4.134357168114673464e-01 2.717029987106361899e-01
6.193556280041740969e-01 4.133636890407568765e-01 2.762092092067267024e-01
6.192610389872333920e-01 4.132817746009129212e-01 2.807117021947052038e-01
6.191518431354016139e-01 4.131899538417702633e-01 2.852102399346281292e-01
6.190280085683012024e-01 4.130882065452550211e-01 2.897045839970719960e-01
6.188895020319322704e-01 4.129765117826452725e-01 2.941944952008078706e-01
6.187362890763353773e-01 4.128548481115946189e-01 2.986797335467892278e-01
6.185683340077399173e-01 4.127231935254838113e-01 3.031600581711086928e-01
6.183855999742192688e-01 4.125815255172812224e-01 3.076352272915153785e-01
6.181880491782055786e-01 4.124298212136988662e-01 3.121049981974296506e-01
6.179756430166738479e-01 4.122680574735778647e-01 3.165691272281546675e-01
6.177483414414787211e-01 4.120962104419408356e-01 3.210273695740134547e-01
6.175061038991686013e-01 4.119142561853641471e-01 3.254794794240590261e-01
6.172488891718416193e-01 4.117221705757352912e-01 3.299252098904578712e-01
6.169766551424418211e-01 4.115199291130888226e-01 3.343643129012235371e-01
6.166893589059129210e-01 4.113075069971934838e-01 3.387965391700352158e-01
6.163869575286518021e-01 4.110848796267835836e-01 3.432216383413100314e-01
6.160694075170811690e-01 4.108520222262107557e-01 3.476393588300740189e-01
6.157366647499796786e-01 4.106089097860660120e-01 3.520494477440943015e-01
6.153886851070226038e-01 4.103555174759423441e-01 3.564516510154396300e-01
6.150254244318202890e-01 4.100918206062388327e-01 3.608457133664467742e-01
6.146468384054842859e-01 4.098177945257747146e-01 3.652313782407810572e-01
6.142528826822066801e-01 4.095334147028852345e-01 3.696083878042699111e-01
6.138435133082356110e-01 4.092386569955475117e-01 3.739764830435003407e-01
6.134186865676507505e-01 4.089334975297436170e-01 3.783354037109122325e-01
6.129783592028112960e-01 4.086179128383428116e-01 3.826848883564463732e-01
6.125224883942669285e-01 4.082918798321837350e-01 3.870246743258501931e-01
6.120510321415167931e-01 4.079553760476871127e-01 3.913544978577279121e-01
6.117755169415454164e-01 4.068280827253969445e-01 3.958091156626716289e-01
6.118596255976831433e-01 4.044789519908053577e-01 4.004253678509163139e-01
6.125621314885691948e-01 4.005651411974609499e-01 4.051864061593374866e-01
6.136679257009773902e-01 3.962635240294474226e-01 4.098306028037557724e-01
6.147961620917534731e-01 3.918705754546900066e-01 4.144625272454020015e-01
6.159375249878874525e-01 3.874414751916234745e-01 4.190708156555948971e-01
6.171202126971895296e-01 3.829722943261657520e-01 4.236451999825744386e-01
6.184454242701558080e-01 3.784390183300612720e-01 4.281483961012886308e-01
6.198035109076036608e-01 3.738611354372263773e-01 4.325593759561507379e-01
6.211916040307537967e-01 3.693026773553169662e-01 4.365496876991947772e-01
6.226553392095334205e-01 3.648008063078822527e-01 4.398198285770735239e-01
6.243942522100738302e-01 3.603853121416479288e-01 4.420550867447035071e-01
6.265477518522368783e-01 3.560383643711164114e-01 4.431543267359896454e-01
6.293004093349949812e-01 3.518477845253831227e-01 4.429371115177416218e-01
6.320587145187607225e-01 3.475599438009772668e-01 4.428043710907760278e-01
6.348087958646473350e-01 3.432519856182116857e-01 4.426561506261196266e-01
6.375379832991283635e-01 3.389343146637949777e-01 4.425014671391631627e-01
6.402458706881763995e-01 3.346095437869413547e-01 4.423399106874708053e-01
6.429321214103799198e-01 3.302782376442067180e-01 4.421716075951958591e-01
6.455964535063787313e-01 3.259406867136800945e-01 4.419965284705505981e-01
6.482386025249706751e-01 3.215971667473428441e-01 4.418146487812714684e-01
6.508582954840469448e-01 3.172479923628911402e-01 4.416259487837914111e-01
6.534553057053180680e-01 3.128934882172548781e-01 4.414304231114802857e-01
6.560598761942357804e-01 3.084017339193444451e-01 4.412421545916052068e-01
6.583699923341633786e-01 3.038556320798085353e-01 4.411575097558522174e-01
6.600587669519334399e-01 2.993927577599607148e-01 4.412787173436391597e-01
6.616167694795532794e-01 2.950180667034487114e-01 4.414144592869833073e-01
6.630488377879963924e-01 2.906739398447134026e-01 4.415830825287940242e-01
6.641394987306437070e-01 2.863903601084887285e-01 4.418621672663064492e-01
6.651678649844363633e-01 2.821468752711447925e-01 4.421424577119679178e-01
6.661254246722322359e-01 2.779102079019231675e-01 4.424381891243426290e-01
6.670684172553860147e-01 2.736699701476927871e-01 4.427276980301280696e-01
6.679966456849855128e-01 2.694190671885094424e-01 4.430130786455983016e-01
6.686033488743087227e-01 2.651979606927085675e-01 4.434053470579318867e-01
6.691746365418175246e-01 2.610046975023486149e-01 4.437883108546083477e-01
6.696496331383523515e-01 2.568136552966828745e-01 4.441954747263751058e-01
6.698694695160379853e-01 2.526460143600960939e-01 4.446807800933923471e-01
6.699101281224271176e-01 2.485099868993941863e-01 4.452097743578455336e-01
6.699411903526631962e-01 2.443789024181393654e-01 4.457236980685927441e-01
6.698128944631552839e-01 2.402446532520596811e-01 4.462821351975216344e-01
6.696473630909388630e-01 2.361110686686238025e-01 4.468346032270050228e-01
6.693643923376235705e-01 2.320096055606435115e-01 4.474085806400873722e-01
6.690459826216040851e-01 2.279440987368495930e-01 4.479721848900762304e-01
6.686531174160069702e-01 2.239041588960248297e-01 4.485428269091594200e-01
6.681493356365941771e-01 2.198685482035734884e-01 4.491342434413007068e-01
6.680106863604658995e-01 2.157051513382796937e-01 4.495976707603105971e-01
6.683768879912755922e-01 2.114474802199070302e-01 4.498968412673477468e-01
6.690612171089297400e-01 2.071026913681994208e-01 4.501003265570933110e-01
6.697259825168716540e-01 2.027030694782616660e-01 4.503093112255027175e-01
6.703789513773005249e-01 1.982891065585773160e-01 4.505105448597738760e-01
6.711415820883489536e-01 1.938647137000538700e-01 4.506669560294060406e-01
6.721571813914442028e-01 1.894179247024092017e-01 4.507385214018605479e-01
6.731344892554669279e-01 1.849371617324559181e-01 4.508194145134537534e-01
6.740998867797081129e-01 1.804493444348029274e-01 4.508923121856371896e-01
6.750507893141574067e-01 1.759566386053248999e-01 4.509594862734769283e-01
6.759315241326968593e-01 1.714598098180168950e-01 4.510379418206603708e-01
6.768000417580303241e-01 1.669640357657083685e-01 4.511083419045597842e-01
6.776538652780338401e-01 1.624650606138093034e-01 4.511733439028454140e-01
6.784943956344575700e-01 1.579638618748406831e-01 4.512331813653760459e-01
6.793195513705287958e-01 1.534577905988364355e-01 4.512869697608235531e-01
6.801315373916165807e-01 1.489497355932244138e-01 4.513356501473914095e-01
6.806883720353454903e-01 1.444339356353406822e-01 4.514523885964554228e-01
6.812139290258514279e-01 1.399325746418062788e-01 4.515623098822074688e-01
6.816690035179426843e-01 1.354307678039629037e-01 4.516844152879122554e-01
6.821138976041717372e-01 1.309311125196225833e-01 4.517994666604488452e-01
6.825429861259781905e-01 1.264265719413024958e-01 4.519089759579989485e-01
6.829582612996424329e-01 1.219184601004219548e-01 4.520132840216147252e-01
6.833595985804791217e-01 1.174066946776221448e-01 4.521124273356362799e-01
6.837470570614160303e-01 1.128914246254901499e-01 4.522064126538027917e-01
6.841206621394438914e-01 1.083728480132463423e-01 4.522952543325470809e-01
6.844815736883195223e-01 1.038520912550787018e-01 4.523794327386992942e-01
6.848274452575547899e-01 9.932747396092224401e-02 4.524579699179057113e-01
6.851596542946023494e-01 9.480029385143640130e-02 4.525314182153695741e-01
6.854781035705772574e-01 9.027064504662676847e-02 4.525997863111945185e-01
6.857831097073719961e-01 8.573889457045735796e-02 4.526632043439519082e-01
6.860745386642155275e-01 8.120512804473214996e-02 4.527216188288388232e-01
6.863518405884134754e-01 7.666920406126939702e-02 4.527747964633433986e-01
6.866169538600581657e-01 7.213245481214328181e-02 4.528235529424246564e-01
6.868668679451637171e-01 6.759333776374416847e-02 4.528666374791137650e-01
6.871033110667260635e-01 6.305302909261802091e-02 4.529047520327152410e-01
6.873261453529284637e-01 5.851161982688374980e-02 4.529378993101122464e-01
6.875362294338599467e-01 5.396966815720911220e-02 4.529664407617164934e-01
6.877318418212653439e-01 4.942656908895999568e-02 4.529896484552379254e-01
6.879146884460584088e-01 4.488326303371240056e-02 4.530082367207370897e-01
6.880832328959080035e-01 4.033929834072588066e-02 4.530215841619361083e-01
6.880160825468990549e-01 3.578161307648462103e-02 4.530952802801202495e-01
6.877550066810304008e-01 3.121410125809916808e-02 4.532118375842056901e-01
6.872233841697565904e-01 2.663025037745909984e-02 4.533959754029565636e-01
6.864645852194793951e-01 2.203101382283041698e-02 4.536323162014554433e-01
6.855155649855484423e-01 1.745352408258491611e-02 4.539097778509060821e-01
6.843980671710400143e-01 1.293642682421409715e-02 4.542226189893291410e-01
6.829393497023928949e-01 8.666162961251314481e-03 4.546235016329327472e-01
6.811891897392777784e-01 4.875566480095048366e-03 4.550933105392989675e-01
6.792487886012152920e-01 1.299318277846015770e-03 4.556023370074011591e-01
6.771750885402368914e-01 -2.136424526785590458e-03 4.561350924418277608e-01
6.746930254821571493e-01 -4.936739008960105979e-03 4.567790930572768748e-01
6.721986319261553655e-01 -7.534097844048710281e-03 4.574021047062435397e-01
6.696284051616344657e-01 -9.975467965269272513e-03 4.580356522586243595e-01
6.670236853346572792e-01 -1.237704225389468088e-02 4.586635148077183310e-01
6.643838168716845738e-01 -1.477295028217204091e-02 4.592871447792463702e-01
6.617157023693888140e-01 -1.717145747357971819e-02 4.599043165348294382e-01
6.590191554972472110e-01 -1.957460314737357113e-02 4.605153076980302851e-01
6.562956342124247611e-01 -2.201355484854044045e-02 4.611192675632617144e-01
6.535437194362737623e-01 -2.446796085123189093e-02 4.617170469442987701e-01
6.507643664734646949e-01 -2.693056597211742134e-02 4.623084092110786858e-01
6.479581050901707107e-01 -2.939920511475768716e-02 4.628933341145458624e-01
6.451254131535838487e-01 -3.187317482656578521e-02 4.634717987229632907e-01
6.422667476457301072e-01 -3.435219425988027958e-02 4.640437843060953860e-01
6.393825700382332888e-01 -3.683610955041674573e-02 4.646093111186422320e-01
6.364733354857642356e-01 -3.932480482875245348e-02 4.651683772863801636e-01
6.335395036842581540e-01 -4.181817766130547370e-02 4.657210036436032485e-01
6.305818873355109044e-01 -4.431612806817154804e-02 4.662673791507926935e-01
6.275980988693018459e-01 -4.678024068146410808e-02 4.668087616516011784e-01
6.243712077505534364e-01 -4.879814110326578802e-02 4.674075625403329437e-01
6.209555791072346453e-01 -5.024087228409523931e-02 4.680452813151340652e-01
6.175509424106231382e-01 -5.141440171397494013e-02 4.686694902597922652e-01
6.141135402006966393e-01 -5.215671041963250432e-02 4.692967698545701949e-01
6.116107940901566176e-01 -5.257505931195018828e-02 4.697107844719256575e-01
6.117540644906286351e-01 -5.286273176624049774e-02 4.696575139197198268e-01
6.117152671102285000e-01 -5.297881436013843898e-02 4.696746002724374036e-01
6.117017237962547593e-01 -5.303327600364560190e-02 4.696822297624113629e-01
6.117118573144094684e-01 -5.302604727976260868e-02 4.697542118063553485e-01
6.101763655653287266e-01 -5.310548381491920350e-02 4.700161303496511178e-01
6.065989407117657883e-01 -5.331056544573311434e-02 4.706858319034221694e-01
6.031364563323655670e-01 -5.350866154070469533e-02 4.712808727205028969e-01
5.996382840959718630e-01 -5.369231493732499333e-02 4.718789771232450025e-01
5.961190067288062444e-01 -5.386977571830820627e-02 4.724709509605823921e-01
5.925774622294631699e-01 -5.404378980341653649e-02 4.730580106717772182e-01
5.890141658387409995e-01 -5.421559074198925576e-02 4.736400282749443913e-01
5.854295633718384906e-01 -5.438571658081534088e-02 4.742170323881854110e-01
5.818241380173881927e-01 -5.455442215873854139e-02 4.747890385376738465e-01
5.781983784860563746e-01 -5.472184029212400630e-02 4.753560649375346836e-01
5.745527750448745641e-01 -5.488804990401902756e-02 4.759181300611334264e-01
5.708878301169492131e-01 -5.505309711691490360e-02 4.764752640242005399e-01
5.672040255008662379e-01 -5.521702172105660139e-02 4.770274777553825674e-01
5.635018416094376148e-01 -5.537986016816123097e-02 4.775748145617581542e-01
5.597817527019106620e-01 -5.554164288405789157e-02 4.781173032779078014e-01
5.560442310426521040e-01 -5.570239685779304617e-02 4.786549868022193510e-01
5.522897403294750873e-01 -5.586214492105961993e-02 4.791878911115041717e-01
5.485187415615712103e-01 -5.602090849421226953e-02 4.797160512317187320e-01
5.447316929620610315e-01 -5.617870710133029272e-02 4.802395155502183766e-01
5.409290447957854076e-01 -5.633555755652533414e-02 4.807583122050126390e-01
5.371112434921653245e-01 -5.649147480727116644e-02 4.812724727282265968e-01
5.332787328104359181e-01 -5.664647271491089070e-02 4.817820345055820463e-01
5.294319498047133088e-01 -5.680056315894049801e-02 4.822870244575246934e-01
5.255713293331670810e-01 -5.695375773196589136e-02 4.827874781936419279e-01
5.216973011710333008e-01 -5.710606672828236891e-02 4.832834208702339596e-01
5.178102934982506955e-01 -5.725750078754418548e-02 4.837748871172921072e-01
5.139107283830808282e-01 -5.740806957999026322e-02 4.842618922864436737e-01
5.099990319012158713e-01 -5.755778258287321675e-02 4.847444724378959235e-01
5.060756221549792544e-01 -5.770664879478432790e-02 4.852226348520142230e-01
5.021409161874529348e-01 -5.785468131180704354e-02 4.856964079581925775e-01
4.981953262824094786e-01 -5.800189336477692276e-02 4.861657956317260720e-01
4.942392647630901581e-01 -5.814830105570514135e-02 4.866308198534101126e-01
4.902731413569188512e-01 -5.829392236622927409e-02 4.870914888103649032e-01
4.862973641046062778e-01 -5.843877742834751449e-02 4.875478116248688210e-01
4.823922848751227010e-01 -5.861185547115794342e-02 4.868445065946775951e-01
4.788763376160986018e-01 -5.887977845766567686e-02 4.823831666970014309e-01
4.752562210225295125e-01 -5.912856252956081443e-02 4.782887260167086874e-01
4.716297465604434302e-01 -5.938035671740701099e-02 4.741358821717860939e-01
4.679838522048947458e-01 -5.963264586027756248e-02 4.699692758538510096e-01
4.643192522018362300e-01 -6.009281509766784685e-02 4.657831471338867435e-01
4.606350898451082032e-01 -6.059106958920375263e-02 4.615804749731247103e-01
4.569346783943976642e-01 -6.109279435931325858e-02 4.573613490797960868e-01
4.532186371704345351e-01 -6.160875791260017609e-02 4.531259922065400403e-01
4.494864043282945087e-01 -6.215164131422894894e-02 4.488743369613178991e-01
4.457375202978219320e-01 -6.284998900839385005e-02 4.446070473338508688e-01
4.419729107241498478e-01 -6.356036198579778640e-02 4.403253414535659993e-01
4.381931794363322363e-01 -6.434923058621662417e-02 4.360293711099641478e-01
4.343981674908432011e-01 -6.521444588627804684e-02 4.317198482757566014e-01
4.305889183185785951e-01 -6.608700708757885012e-02 4.273973963233439477e-01
4.267621457405038621e-01 -6.735232062234927652e-02 4.230629191148062573e-01
4.229193343987720510e-01 -6.869455863022715103e-02 4.187171380838113910e-01
4.190618492378009319e-01 -7.010932099960413832e-02 4.143607216802538962e-01
4.151885594462332296e-01 -7.177066933209202970e-02 4.099954025310311723e-01
4.113000720965214185e-01 -7.345240361720314914e-02 4.056209235326402873e-01
4.074431525217780403e-01 -7.537902530831555592e-02 4.012394716348424706e-01
4.035896814161188950e-01 -7.754094210705628210e-02 3.968533836852128349e-01
3.998126284680414422e-01 -7.986710614358563665e-02 3.924640346122019730e-01
3.960770688494847369e-01 -8.227772864543096698e-02 3.880729052675507273e-01
3.923869408719810603e-01 -8.505891386509192853e-02 3.836876957811037880e-01
3.887877717187495086e-01 -8.807397816128444135e-02 3.793106087348264710e-01
3.852269268623089160e-01 -9.115888659709067698e-02 3.749397395022933122e-01
3.816793935335601740e-01 -9.457732075934473237e-02 3.705841874325244145e-01
3.781371889293237420e-01 -9.799449763003788283e-02 3.662364726309453311e-01
3.746819008744870505e-01 -1.014961314331411651e-01 3.619080416448715587e-01
3.712355078840953171e-01 -1.050394904784890809e-01 3.575941725316408859e-01
3.678238980500551092e-01 -1.086688012417265509e-01 3.533019508907417339e-01
3.643827779185921378e-01 -1.122954610282629606e-01 3.490240846352652415e-01
3.612209725179783004e-01 -1.159967787415185358e-01 3.447985762013837108e-01
3.581372930742897087e-01 -1.198645639778621319e-01 3.406108362838207171e-01
3.550530845467179675e-01 -1.237347082310312485e-01 3.364478323970510054e-01
3.519900841188126073e-01 -1.276435790014218141e-01 3.323178070528440275e-01
3.489700407624665157e-01 -1.316134256055181972e-01 3.282269898217777815e-01
3.459622833921168761e-01 -1.355899367505817299e-01 3.241697423499858566e-01
3.429366341498046866e-01 -1.395388104466592227e-01 3.201417939704520599e-01
3.398914122746051758e-01 -1.434621943285463441e-01 3.161450536204776229e-01
3.368268738397516282e-01 -1.473584065723360370e-01 3.121808997443002442e-01
3.337431022797694991e-01 -1.512261280513343964e-01 3.082507497976393340e-01
3.307183243249451343e-01 -1.550847433421588262e-01 3.043712225000188010e-01
3.282687941436706613e-01 -1.593782244451405206e-01 3.006796367697691652e-01
3.262270949686621457e-01 -1.635593307496100435e-01 2.970863554275366969e-01
3.254005181643989664e-01 -1.673964076942604517e-01 2.937275855317180717e-01
3.245397395094068438e-01 -1.712110524780610099e-01 2.903882139218023628e-01
3.231450936922004025e-01 -1.750968865668958707e-01 2.870005190590639299e-01
3.229175070388692337e-01 -1.744800213071575068e-01 2.833529724207866085e-01
3.225814721782820360e-01 -1.741801695762682234e-01 2.797776596073017208e-01
3.222432938058914509e-01 -1.738424185771498265e-01 2.762279443072557794e-01
3.218941731438030307e-01 -1.734924588411696222e-01 2.727099970938501317e-01
3.215346019825134349e-01 -1.731279145963764698e-01 2.692244110145762814e-01
3.211643606303182241e-01 -1.727484013026894250e-01 2.657724093271064403e-01
3.207832796325290059e-01 -1.723533971148888955e-01 2.623552610709629085e-01
3.203911942279091263e-01 -1.719423972086474850e-01 2.589743364096738776e-01
3.199879568516733053e-01 -1.715149135937647229e-01 2.556311032601191191e-01
3.195734474395376390e-01 -1.710704857669383960e-01 2.523271263383317087e-01
3.191475848984159924e-01 -1.706086920547298658e-01 2.490640629939485373e-01
3.187103395386263749e-01 -1.701291615058656559e-01 2.458436559421800782e-01
3.182617461324383501e-01 -1.696315861315128848e-01 2.426677225421222661e-01
3.167655237498819276e-01 -1.704087886004760910e-01 2.395127025392246589e-01
3.147408843377522691e-01 -1.729007557833255326e-01 2.366055336899387240e-01
3.125078219795725532e-01 -1.764738239861787517e-01 2.339273300955610480e-01
3.102303304597074374e-01 -1.799903462662372777e-01 2.313077783196135773e-01
3.079345260092395953e-01 -1.834582608671864457e-01 2.287764880449608407e-01
3.056199866968387080e-01 -1.868759721166547705e-01 2.263327334057836926e-01
3.035691152440304075e-01 -1.902034796801775618e-01 2.240340246959387493e-01
3.019699106330863692e-01 -1.934156587669463578e-01 2.219095454272630441e-01
3.003365893757612426e-01 -1.965597907958763213e-01 2.198547932240145775e-01
2.989344185746521387e-01 -1.996507193778585265e-01 2.179268853479561230e-01
2.976921722215703503e-01 -2.021049302632244027e-01 2.159625533223343274e-01
2.969369642765408712e-01 -2.014309790595701644e-01 2.134264463861448580e-01
2.963736360803520542e-01 -2.006087197451187909e-01 2.110418508657613823e-01
2.958113640583162618e-01 -1.997539073160510825e-01 2.087170241353556444e-01
2.952517127350980930e-01 -1.988891850251282567e-01 2.064579063932006908e-01
2.946941053184047865e-01 -1.980169968002441772e-01 2.042635736911752597e-01
2.941398698253438471e-01 -1.971389200278851617e-01 2.021336565573562116e-01
2.935903594430996355e-01 -1.962563254128038281e-01 2.000675274001306736e-01
2.930469660994422521e-01 -1.953705647058585904e-01 1.980643646753173781e-01
2.925117373251776565e-01 -1.944827089235424411e-01 1.961234979544784762e-01
2.919847129072566383e-01 -1.935946092040584099e-01 1.942429845481000728e-01
2.914680604464890967e-01 -1.927072652663207319e-01 1.924218784211892685e-01
2.909630549144463507e-01 -1.918218958237871141e-01 1.906586276149221382e-01
2.904710550419967174e-01 -1.909396908907170232e-01 1.889515748591404087e-01
2.899933939453178677e-01 -1.900617784585832415e-01 1.872989341919042428e-01
2.895313826884396424e-01 -1.891892299060329297e-01 1.856988076319920355e-01
2.890863077899957778e-01 -1.883230577927183791e-01 1.841491974817487109e-01
2.886594304774404707e-01 -1.874642149707394512e-01 1.826480178700346235e-01
2.882519866106051376e-01 -1.866135945142530228e-01 1.811931052030408551e-01
2.878651871715135480e-01 -1.857720305496841084e-01 1.797822272012505607e-01
2.875002192552195135e-01 -1.849402997920853720e-01 1.784130905541931600e-01
2.871582474712504607e-01 -1.841191236840095669e-01 1.770833471100738687e-01
2.868404155532600086e-01 -1.833091710275350228e-01 1.757905985124737780e-01
2.865478482182298725e-01 -1.825110610332827399e-01 1.745323992862009010e-01
2.862816530497254708e-01 -1.817253666176300020e-01 1.733062584489456770e-01
2.863042432741268462e-01 -1.815830638946721309e-01 1.736849870812265384e-01
2.861945573841693791e-01 -1.815298999962678406e-01 1.739715487057339194e-01
2.860963190767674136e-01 -1.814949990086092979e-01 1.742382561339193003e-01
2.860045795761286258e-01 -1.814632569723482192e-01 1.744816517132258549e-01
2.859208707097163349e-01 -1.814346992418114368e-01 1.747048949805358187e-01
2.858440840179643505e-01 -1.814084269601364263e-01 1.749090933130308667e-01
2.857739048333233778e-01 -1.813842558216707812e-01 1.750960517338982503e-01
2.857097740009247322e-01 -1.813619238057498639e-01 1.752672121534451510e-01
2.856512902152134048e-01 -1.813413625421585185e-01 1.754240864491451446e-01
2.855978068723594721e-01 -1.813226128151313177e-01 1.755677610077514550e-01
2.855488683269474248e-01 -1.813054510301289612e-01 1.756993045423137223e-01
2.855040952391091902e-01 -1.812897447765899894e-01 1.758197451120494248e-01
2.854631453878601621e-01 -1.812753478230096638e-01 1.759300197076055228e-01
2.854256769791500559e-01 -1.812621770515463748e-01 1.760309880761307122e-01
2.853914224875186978e-01 -1.812500791599562788e-01 1.761234344963850673e-01
2.854001923873206170e-01 -1.812432221488857187e-01 1.761568908946252177e-01
2.854104536338132325e-01 -1.812312317706993581e-01 1.761888012638126999e-01
2.854206475942773213e-01 -1.812183005040201300e-01 1.762194744888443687e-01
2.854302108965715568e-01 -1.812051655378409398e-01 1.762488764152622955e-01
2.854391238633447458e-01 -1.811919866601407747e-01 1.762770885961656986e-01
2.854474223986267489e-01 -1.811788080857205940e-01 1.763041794097578718e-01
2.854551495903750458e-01 -1.811656538788475046e-01 1.763302119282526004e-01
2.854623469286310389e-01 -1.811525431242928807e-01 1.763552448320462873e-01
2.854690531012019639e-01 -1.811394925553721225e-01 1.763793328230357504e-01
2.854753039840640105e-01 -1.811265171115229167e-01 1.764025269257454565e-01
2.854811328160923867e-01 -1.811136301425133044e-01 1.764248747651500915e-01
2.854865703867980331e-01 -1.811008435531757388e-01 1.764464208065743556e-01
2.854916452166174068e-01 -1.810881679258691535e-01 1.764672065847893712e-01
