4.314094557798375251e-01 -4.489080949752533890e-12 3.396152352421258347e-01
4.314094557798375251e-01 -4.489080949752533890e-12 3.396152352421258347e-01
4.314008999490514529e-01 -2.243835845701875134e-06 3.395946800222144901e-01
4.314103247194858715e-01 -4.470491937302665720e-06 3.395902420579883230e-01
4.314146711977404069e-01 -6.646460008843979819e-06 3.395809210456454119e-01
4.314157761141708125e-01 -8.726025767560217377e-06 3.395687942781277502e-01
4.314145367119217589e-01 -1.071147735242366117e-05 3.395548597599926111e-01
4.314116587112052925e-01 -1.260105300094566328e-05 3.395398961846973762e-01
4.314076777486245962e-01 -1.439245739719335326e-05 3.395244783057125293e-01
4.314029958527124120e-01 -1.608361544025327952e-05 3.395090229533120896e-01
4.313979185163412944e-01 -1.767115892508109692e-05 3.394938436046295305e-01
4.313926604390171393e-01 -1.915501967312936235e-05 3.394791361592288670e-01
4.313873777362325357e-01 -2.053562639079111328e-05 3.394650334217864107e-01
4.313821888306960672e-01 -2.181184845597052550e-05 3.394516376897054877e-01
4.313771654958023505e-01 -2.298615099617271504e-05 3.394389853223866438e-01
4.313723554540949134e-01 -2.406150568264033235e-05 3.394270897101243634e-01
4.313677945655657875e-01 -2.503930450799414612e-05 3.394159623627064359e-01
4.313634941643781362e-01 -2.592411141904724128e-05 3.394055760766827579e-01
4.313594645243975512e-01 -2.671850135455994268e-05 3.393959159487736077e-01
4.313557003643062049e-01 -2.742751086707138043e-05 3.393869411275108883e-01
4.313521951331842907e-01 -2.805551967110667537e-05 3.393786158782147178e-01
4.313489379277135050e-01 -2.860722773712407298e-05 3.393709002199330471e-01
4.313459186462879069e-01 -2.908639190815570728e-05 3.393637605578109229e-01
4.313431246431444488e-01 -2.949709238752967305e-05 3.393571604813475640e-01
4.313405414621004907e-01 -2.984379586359228563e-05 3.393510615201468794e-01
4.313381572779387829e-01 -3.012999118436445259e-05 3.393454331209945218e-01
4.313359551522282231e-01 -3.036080787863770983e-05 3.393402336348741999e-01
4.313339215224433754e-01 -3.054046367316541019e-05 3.393354301646628324e-01
4.313320461192558519e-01 -3.067184302049780865e-05 3.393309982699361793e-01
4.313303181526145780e-01 -3.075792326700566465e-05 3.393269126160268212e-01
4.313287226085044668e-01 -3.080351920546162706e-05 3.393231378752026295e-01
4.313272523098460320e-01 -3.081064680638064983e-05 3.393196575063007203e-01
4.313258957467623333e-01 -3.078287268588745970e-05 3.393164447275364148e-01
4.313246453929249213e-01 -3.072240152495385142e-05 3.393134821931038658e-01
4.313234935354206545e-01 -3.063143498582756864e-05 3.393107521255989134e-01
4.313224285400570901e-01 -3.051420094418555616e-05 3.393082272592099491e-01
4.313214466991545093e-01 -3.037157183322811919e-05 3.393058991878882824e-01
4.313205401558366514e-01 -3.020610002300060237e-05 3.393037496305914003e-01
4.313197050704610791e-01 -3.001862046156779799e-05 3.393017697838279778e-01
4.313189336367825311e-01 -2.981198966338894870e-05 3.392999413359388816e-01
4.313182220507604803e-01 -2.958727413830822812e-05 3.392982554301630094e-01
4.313175663906224089e-01 -2.934540675732588843e-05 3.392967029496103404e-01
4.313169589915287760e-01 -2.908982900949752621e-05 3.392952657415888029e-01
4.313163998869908866e-01 -2.881949910688443950e-05 3.392939439990818040e-01
4.313158813975421779e-01 -2.853806183747880563e-05 3.392927195287037678e-01
4.313154035710202172e-01 -2.824452841475213254e-05 3.392915924809074002e-01
4.313149625146172617e-01 -2.794015671190537822e-05 3.392905536820511880e-01
4.313145545199374986e-01 -2.762661632974501815e-05 3.392895942934715525e-01
4.313141794785300132e-01 -2.730264428171071245e-05 3.392887140934139900e-01
4.313138301207859460e-01 -2.697314972992091329e-05 3.392878957389726668e-01
4.313135099523691118e-01 -2.663394927454226021e-05 3.392871475658408853e-01
4.313132117750624328e-01 -2.629019610301147500e-05 3.392864524505722623e-01
4.313129356501250178e-01 -2.594121964015243121e-05 3.392858104443080558e-01
4.313126813281841221e-01 -2.558561390167716706e-05 3.392852209935599550e-01
4.313124453443253348e-01 -2.522587863509524617e-05 3.392846758245443017e-01
4.313122275660516980e-01 -2.486103483558596883e-05 3.392841745759101468e-01
4.313120276694195621e-01 -2.448964643630285537e-05 3.392837164926757465e-01
4.313118423800167411e-01 -2.411473779359412574e-05 3.392832937410080185e-01
4.313116715084942543e-01 -2.373547559565485101e-05 3.392829058113979723e-01
4.313115120175945449e-01 -2.335546807766182112e-05 3.392825454342157654e-01
4.313113637776797016e-01 -2.297417162445930761e-05 3.392822122413097219e-01
4.313112264987854494e-01 -2.259058454793919619e-05 3.392819055432849118e-01
4.313110998407410634e-01 -2.220365101694039958e-05 3.392816245259498986e-01
4.313109834129769116e-01 -2.181231844315054192e-05 3.392813682525576136e-01
4.313108746641426960e-01 -2.142110778405528505e-05 3.392811306094531409e-01
4.313107754252241133e-01 -2.102417757464797977e-05 3.392809159229359661e-01
4.313106832131350932e-01 -2.062581976267143058e-05 3.392807182956903422e-01
4.313105977899788224e-01 -2.022588333906023716e-05 3.392805371013813964e-01
4.313105171320232301e-01 -1.982971563775003744e-05 3.392803674935583880e-01
4.313104427356000969e-01 -1.943150763453879910e-05 3.392802130036955965e-01
4.313103741832137739e-01 -1.903015017321204699e-05 3.392800726525011523e-01
4.313103097324192947e-01 -1.863120730340185989e-05 3.392799422555435318e-01
4.313102505574727963e-01 -1.822879296461693831e-05 3.392798245760197395e-01
4.313101950275228802e-01 -1.782814556480789085e-05 3.392797157502850935e-01
4.313101441416159476e-01 -1.742330594242356165e-05 3.392796181223894370e-01
4.313100964509731239e-01 -1.701965601304442123e-05 3.392795282615014285e-01
4.313100528040590964e-01 -1.661123102157716070e-05 3.392794481536200446e-01
4.313100119244060449e-01 -1.620353485267708824e-05 3.392793747768434454e-01
4.313099736836326636e-01 -1.579700475468091687e-05 3.392793077881089969e-01
4.313099379133820688e-01 -1.539155907023835181e-05 3.392792467801173384e-01
4.313099044533130755e-01 -1.498707509085636820e-05 3.392791913652241087e-01
4.313098738348968286e-01 -1.457697658091280728e-05 3.392791428018463451e-01
4.313098451476438666e-01 -1.416690952446199557e-05 3.392790989426061055e-01
4.313098182917001755e-01 -1.375739761179237868e-05 3.392790595191897962e-01
4.313097931393077844e-01 -1.334843201137108020e-05 3.392790242217642582e-01
4.313097695704321555e-01 -1.293995431154255738e-05 3.392789927597374966e-01
4.313097474726733105e-01 -1.253190812886902200e-05 3.392789648610672892e-01
4.313097267409995994e-01 -1.212424375161835766e-05 3.392789402715223335e-01
4.313097072773724450e-01 -1.171691780182280705e-05 3.392789187537744167e-01
4.313096889903623721e-01 -1.130989246006761196e-05 3.392789000864775417e-01
4.313096717947721981e-01 -1.090313473840800420e-05 3.392788840633556569e-01
4.313096556112642754e-01 -1.049661584055996531e-05 3.392788704923118126e-01
4.313096403660068301e-01 -1.009031060510899028e-05 3.392788591945652410e-01
4.313096262697106997e-01 -9.677632782561086493e-06 3.392788506596082221e-01
4.313096129386119193e-01 -9.264410205008295247e-06 3.392788439980303217e-01
4.313096003342863360e-01 -8.851247398933371276e-06 3.392788390987506730e-01
4.313095884024213400e-01 -8.438197706933726655e-06 3.392788358292853634e-01
4.313095768843412392e-01 -8.031831986797577765e-06 3.392788335823300194e-01
4.313095661668295833e-01 -7.619703198662784678e-06 3.392788332387285388e-01
4.313095559638472354e-01 -7.207040385380184863e-06 3.392788341584253575e-01
4.313095462519042633e-01 -6.794389810395410862e-06 3.392788362693869297e-01
4.313095368387701023e-01 -6.388388432460440409e-06 3.392788391233284018e-01
4.313095280175021085e-01 -5.976583864873410824e-06 3.392788433773524792e-01
4.313095195694004458e-01 -5.564215970853934714e-06 3.392788485512027163e-01
4.313095114798489171e-01 -5.151834969872249609e-06 3.392788545954323332e-01
4.313095036048918973e-01 -4.746086551188564138e-06 3.392788611777954877e-01
4.313094961690618900e-01 -4.334509707287925473e-06 3.392788687919103263e-01
4.313094890029338657e-01 -3.922351111512433043e-06 3.392788770744516458e-01
4.313094820984160194e-01 -3.510163273068065815e-06 3.392788859925784384e-01
4.313094753468641462e-01 -3.104597922619932164e-06 3.392788952989124196e-01
4.313094689227591760e-01 -2.693187157179669030e-06 3.392789053676869560e-01
4.313094626927052588e-01 -2.281182446008407995e-06 3.392789159210666261e-01
4.313094566533947627e-01 -1.869137693686918378e-06 3.392789269383851281e-01
4.313094507219968343e-01 -1.463709021672262169e-06 3.392789382342902837e-01
4.313094450364320376e-01 -1.052422903172599949e-06 3.392789500958374171e-01
4.313094394896359041e-01 -6.405343560578942300e-07 3.392789623076619687e-01
4.313094340818027783e-01 -2.285981688805418028e-07 3.392789748580054554e-01
4.313094287489667722e-01 1.767262091533498433e-07 3.392789876068338928e-01
4.313094236023405914e-01 5.879169512627495049e-07 3.392790007775433048e-01
4.313094185540992109e-01 9.997163069189335523e-07 3.392790142004027953e-01
4.313094136069985929e-01 1.411568899655501126e-06 3.392790278701688922e-01
4.313094087108576002e-01 1.816812675879244383e-06 3.392790416799091879e-01
4.313094039573758254e-01 2.227929679274664058e-06 3.392790558065332807e-01
4.313093992727843329e-01 2.639659987644511307e-06 3.392790701136407794e-01
4.313093946617110874e-01 3.051447817334565990e-06 3.392790846007500694e-01
4.313093900840486716e-01 3.456629024564156881e-06 3.392790991851026838e-01
4.313093856172374729e-01 3.867688895433770967e-06 3.392791140096635960e-01
4.313093811977776193e-01 4.279365743477544457e-06 3.392791289623737216e-01
4.313093768010226037e-01 4.684497764821564931e-06 3.392791439872129278e-01
4.313093724969659370e-01 5.095518647997105320e-06 3.392791592086161212e-01
4.313093682280261798e-01 5.507159654397305831e-06 3.392791745284540195e-01
4.313093640009841856e-01 5.918863887451439935e-06 3.392791899517039189e-01
4.313093597872851848e-01 6.323964261538428128e-06 3.392792054233026988e-01
4.313093556480041002e-01 6.734950682003994957e-06 3.392792210473111192e-01
4.313093515314146420e-01 7.146559006592342057e-06 3.392792367395522368e-01
4.313093474450804821e-01 7.558232792394141643e-06 3.392792525070029708e-01
4.313093433647045005e-01 7.963303814218528699e-06 3.392792683047931024e-01
4.313093393453290569e-01 8.374263975888387524e-06 3.392792842226733385e-01
4.313093353395659468e-01 8.785848089243648257e-06 3.392793001867305813e-01
4.313093313348120295e-01 9.190890648987739859e-06 3.392793161700191629e-01
4.313093273833492614e-01 9.601831146977497436e-06 3.392793322549432222e-01
4.313093234403377885e-01 1.001339778394157774e-05 3.392793483735171978e-01
4.313093195142564951e-01 1.042503324076843042e-05 3.392793645350254406e-01
4.313093155857011252e-01 1.083006747840002386e-05 3.392793807062773892e-01
4.313093117027756440e-01 1.124099530093248918e-05 3.392793969606212601e-01
4.313093078230705313e-01 1.165255000135931417e-05 3.392794132358965542e-01
4.313093039377146609e-01 1.205756448717427365e-05 3.392794295141231542e-01
4.313093000934955512e-01 1.246848080222322342e-05 3.392794458647445666e-01
4.313092962495151395e-01 1.288002581158544213e-05 3.392794622290647988e-01
4.313092924147758356e-01 1.329164203033234284e-05 3.392794786176966948e-01
4.313092885727142223e-01 1.369665813897092428e-05 3.392794950041929658e-01
4.313092847673981045e-01 1.410757109451441899e-05 3.392795114524277955e-01
4.313092809593044308e-01 1.451911306615913822e-05 3.392795279070277004e-01
4.313092771417357807e-01 1.492411579803149935e-05 3.392795443551905876e-01
4.313092733582756799e-01 1.533502322266278749e-05 3.392795608588730083e-01
4.313092695703132362e-01 1.574656121675767188e-05 3.392795773647430679e-01
4.313092657871564484e-01 1.615817217676903436e-05 3.392795938841803305e-01
4.313092619938986849e-01 1.656318384093304397e-05 3.392796103946355557e-01
4.313092582322445856e-01 1.697409475854609281e-05 3.392796269545041432e-01
4.313092544643516435e-01 1.738563626680731481e-05 3.392796435123353604e-01
4.313092506847954200e-01 1.779063925437295777e-05 3.392796600583197209e-01
4.313092469352768910e-01 1.820154904958739159e-05 3.392796766500824623e-01
4.313092431785198189e-01 1.861309079645638538e-05 3.392796932373929319e-01
4.313092394240104488e-01 1.902470680728237957e-05 3.392797098320729510e-01
4.313092356578148157e-01 1.942972412636873391e-05 3.392797264138273095e-01
4.313092319202405100e-01 1.984064247772128928e-05 3.392797430378806656e-01
4.313092281744297929e-01 2.025219258178015199e-05 3.392797596550485850e-01
4.313092244157109567e-01 2.065720470141492606e-05 3.392797762572563602e-01
4.313092206846662613e-01 2.106812519140791872e-05 3.392797928996179602e-01
4.313092169448028423e-01 2.147967865547093392e-05 3.392798095336964082e-01
4.313092131916821392e-01 2.188469444561185419e-05 3.392798261519276992e-01
4.313092094655532338e-01 2.229561929609410805e-05 3.392798428087011042e-01
4.313092057301537996e-01 2.270717756804351885e-05 3.392798594560968994e-01
4.313092019951039191e-01 2.311881148491945701e-05 3.392798761062653101e-01
4.313091982472228025e-01 2.352384735964737239e-05 3.392798927405961118e-01
4.313091945257248594e-01 2.393478615374953269e-05 3.392799094119376968e-01
4.313091907945056369e-01 2.434635793755272938e-05 3.392799260727971111e-01
4.313091870494852875e-01 2.475139231316117539e-05 3.392799427163998849e-01
4.313091833303585587e-01 2.516233671861043637e-05 3.392799593959736071e-01
4.313091796012392121e-01 2.557391518507953849e-05 3.392799760644218954e-01
4.313091758717963464e-01 2.598556989990954402e-05 3.392799927340137134e-01
4.313091721291373304e-01 2.639062686315034998e-05 3.392800093867434086e-01
4.313091684120486935e-01 2.680158756796061802e-05 3.392800260746015040e-01
4.313091646847109772e-01 2.721318180149385761e-05 3.392800427507033922e-01
4.313091609432768703e-01 2.761823888663772088e-05 3.392800594087417299e-01
4.313091572270855156e-01 2.802920672271460835e-05 3.392800761012607635e-01
4.313091535004839883e-01 2.844080909437561320e-05 3.392800927816478906e-01
4.313091497597071333e-01 2.884587453388794980e-05 3.392801094437429277e-01
4.313091460439821279e-01 2.925685112412797264e-05 3.392801261398908919e-01
4.313091423177269346e-01 2.966846250948685341e-05 3.392801428236197903e-01
4.313091385906496211e-01 3.008015083356378202e-05 3.392801595072844623e-01
4.313091348501014166e-01 3.048524174584801727e-05 3.392801761733382215e-01
4.313091311344932621e-01 3.089623733394800321e-05 3.392801928731153382e-01
4.313091274082423432e-01 3.130786706765636561e-05 3.392802095601910595e-01
4.313091236677060181e-01 3.171295995616615004e-05 3.392802262286168102e-01
4.313091199519035190e-01 3.212396441513568665e-05 3.392802429304082601e-01
4.313091162253783195e-01 3.253560395226035397e-05 3.392802596193204012e-01
4.313091124845417901e-01 3.294070682803505295e-05 3.392802762894823743e-01
4.313091087683421088e-01 3.335172157272923380e-05 3.392802929928117051e-01
4.313091050413649374e-01 3.376337158966659070e-05 3.392803096831311649e-01
4.313091013133384388e-01 3.417509899612083447e-05 3.392803263728351171e-01
4.313090975717577824e-01 3.458022922310015438e-05 3.392803430446014179e-01
4.313090938548007069e-01 3.499126472784988865e-05 3.392803597494382095e-01
4.313090901270175692e-01 3.540293477974179625e-05 3.392803764411421730e-01
4.313090863848973999e-01 3.580806819464264800e-05 3.392803931139423690e-01
4.313090826672474898e-01 3.621911370746017529e-05 3.392804098195873475e-01
4.313090789387298840e-01 3.663079465093186911e-05 3.392804265120125673e-01
4.313090751958720825e-01 3.703593912037377890e-05 3.392804431854915537e-01
4.313090714774326373e-01 3.744699591969470175e-05 3.392804598917218972e-01
4.313090677480999058e-01 3.785868830128086212e-05 3.392804765846727522e-01
4.313090640044291435e-01 3.826384428467991802e-05 3.392804932586467870e-01
4.313090602851311628e-01 3.867491279474930747e-05 3.392805099652970724e-01
4.313090565549197453e-01 3.908661701904134059e-05 3.392805266586205182e-01
4.313090528235353216e-01 3.949839905227199398e-05 3.392805433510348023e-01
4.313090490786015696e-01 3.990358413384153760e-05 3.392805600253541165e-01
4.313090453580775141e-01 4.031467504203993963e-05 3.392805767323768817e-01
4.313090416266273652e-01 4.072640086960745636e-05 3.392805934260358924e-01
4.313090378808580039e-01 4.113159026564646987e-05 3.392806101006732855e-01
4.313090341593752153e-01 4.154269223895500377e-05 3.392806268078596976e-01
4.313090304269437403e-01 4.195442997000635470e-05 3.392806435016433864e-01
4.313090266802043216e-01 4.235963141250184515e-05 3.392806601763940222e-01
4.313090229577211110e-01 4.277074560323037330e-05 3.392806768836563736e-01
4.313090192242791110e-01 4.318249566344317225e-05 3.392806935774945187e-01
4.313090154765420459e-01 4.358770949348992713e-05 3.392807102522933382e-01
4.313090117530348766e-01 4.399883621429170026e-05 3.392807269595727870e-01
4.313090080185599806e-01 4.441059890151736496e-05 3.392807436534110432e-01
4.313090042828693904e-01 4.482243963830649175e-05 3.392807603462338339e-01
4.313090005336814303e-01 4.522768357141510167e-05 3.392807770209246843e-01
4.313089968087792103e-01 4.563883363316577232e-05 3.392807937281686059e-01
4.313089930729100963e-01 4.605061882596432924e-05 3.392808104219642851e-01
4.313089893227806670e-01 4.645586772236515399e-05 3.392808270967159201e-01
4.313089855968234576e-01 4.686702945766423051e-05 3.392808438038907304e-01
4.313089818598848657e-01 4.727882713696306518e-05 3.392808604975962039e-01
4.313089781087002250e-01 4.768408865081347588e-05 3.392808771722582439e-01
4.313089743816672650e-01 4.809526313977893438e-05 3.392808938793253626e-01
4.313089706436479820e-01 4.850707366117046050e-05 3.392809105729160946e-01
4.313089668913994701e-01 4.891234806593164249e-05 3.392809272474649473e-01
4.313089631632819332e-01 4.932353555691834071e-05 3.392809439544048344e-01
4.313089594241742430e-01 4.973535915749296201e-05 3.392809606478613405e-01
4.313089556708539218e-01 5.014064668537590103e-05 3.392809773222806857e-01
4.313089519416453688e-01 5.055184739652085051e-05 3.392809940290764659e-01
4.313089482014430542e-01 5.096368428482648795e-05 3.392810107223845906e-01
4.313089444600062272e-01 5.137559942404137703e-05 3.392810274146343397e-01
4.313089407051606261e-01 5.178091790084477831e-05 3.392810440887638057e-01
4.313089369744894097e-01 5.219214274650303112e-05 3.392810607953602453e-01
4.313089332328299830e-01 5.260400289990105615e-05 3.392810774884744141e-01
4.313089294769998361e-01 5.300932688587115476e-05 3.392810941625616361e-01
4.313089257452353276e-01 5.342056391789152934e-05 3.392811108689968713e-01
4.313089220024707848e-01 5.383243704840997700e-05 3.392811275619351252e-01
4.312919929152274623e-01 1.258207161145691853e-04 3.393804665261366815e-01
4.318331201606166458e-01 8.330366943047443377e-04 3.411066230406525901e-01
4.327989638264524985e-01 1.516133720890956325e-03 3.427067704590064379e-01
4.337401475996637834e-01 2.224886714258192226e-03 3.443445990450942906e-01
4.347016449992266995e-01 2.962621142928761626e-03 3.460026606727110710e-01
4.356790242953272885e-01 3.730329682795693359e-03 3.476825456876315168e-01
4.366727839529541688e-01 4.529043888054697445e-03 3.493838393561318756e-01
4.376829192737997087e-01 5.359793240461088390e-03 3.511062934116861434e-01
4.387094667026965045e-01 6.223626657608423776e-03 3.528496036879612552e-01
4.397524445029207252e-01 7.121609418196487955e-03 3.546134234421060571e-01
4.408118592342465392e-01 8.054823184246247617e-03 3.563973620517884577e-01
4.418877034838499251e-01 9.024364440973320356e-03 3.582009832677113259e-01
4.425769792713100115e-01 1.005070388887858643e-02 3.600164276932306118e-01
4.430294594796873042e-01 1.113238917845587456e-02 3.618492597896854623e-01
4.429188743388691729e-01 1.228159178868422005e-02 3.637025288888690588e-01
4.428636501761628597e-01 1.347550158380013754e-02 3.655754748793883513e-01
4.423277171264493601e-01 1.473191380683092772e-02 3.674744688429758543e-01
4.411284394846354817e-01 1.607298285210931321e-02 3.694063466381961591e-01
4.399822156031085174e-01 1.746849639245723687e-02 3.713514335075514539e-01
4.399022418429348047e-01 1.884773478131556226e-02 3.732986376221703595e-01
4.397965267086535457e-01 2.025817171814623188e-02 3.752687164990107793e-01
4.396918776980878740e-01 2.171350177441908752e-02 3.772563588528909939e-01
4.395854971623014418e-01 2.321499947594577243e-02 3.792613014429117579e-01
4.394776057008328296e-01 2.476381314772919603e-02 3.812827421894799396e-01
4.393681278030363013e-01 2.636106233423747558e-02 3.833198754789347573e-01
4.392570127918679068e-01 2.800786051463608622e-02 3.853718128991532321e-01
4.391442140382074699e-01 2.970531673328818262e-02 3.874376218784168491e-01
4.390296796173908667e-01 3.145452735673691380e-02 3.895162840644533775e-01
4.389133605182854447e-01 3.325657544004159000e-02 3.916067169694397720e-01
4.387952107292107939e-01 3.511252767944920972e-02 3.937077742714719664e-01
4.386751836789158365e-01 3.702342874835380659e-02 3.958182302534766217e-01
4.385532359901561650e-01 3.899029885066852136e-02 3.979367859531824925e-01
4.384293245415379348e-01 4.101412814339611829e-02 4.000620645325312363e-01
4.383034147128080926e-01 4.309587606019348732e-02 4.021926260959829968e-01
4.381754665885079780e-01 4.523646023240730091e-02 4.043269298453316396e-01
4.381797992479903314e-01 4.518454552424837345e-02 4.041192623268686224e-01
4.381801854341841329e-01 4.518985539293483150e-02 4.041326437526856497e-01
4.381778049895161953e-01 4.518808239577174618e-02 4.041239963167213012e-01
4.381756950885933866e-01 4.518616442853777559e-02 4.041164785241337376e-01
4.381737424669850944e-01 4.518435887399178258e-02 4.041095260908688647e-01
4.381719366548436634e-01 4.518267616530478870e-02 4.041031095872159029e-01
4.381702666555084003e-01 4.518111042358723822e-02 4.040971890437109471e-01
4.380575479739454714e-01 4.589365873844439975e-02 4.047843732938268269e-01
4.376598267437650236e-01 4.821458809395072487e-02 4.070625314654477966e-01
4.374444876119593095e-01 5.049753915429673612e-02 4.091851398565922171e-01
4.372190262118177406e-01 5.284872087976186933e-02 4.113210345678467994e-01
4.370002625880608504e-01 5.526126642324614979e-02 4.134515454709781768e-01
4.367594473911344810e-01 5.773916720405162378e-02 4.155763640421604732e-01
4.365173976236501052e-01 6.028113724256453643e-02 4.176931949712641701e-01
4.362721631419230195e-01 6.288767127019739833e-02 4.198000398008218115e-01
4.360239666910976086e-01 6.555917453796095140e-02 4.218947122897061530e-01
4.357728335942527287e-01 6.829596164527416968e-02 4.239749746490966698e-01
4.355188243232257506e-01 7.109825936829530790e-02 4.260385299452544849e-01
4.352620035177336422e-01 7.396619219509821541e-02 4.280829996874502275e-01
4.350024518265359630e-01 7.689978447733510081e-02 4.301059672649304999e-01
4.347402610293581438e-01 7.989895266796039064e-02 4.321049572031606112e-01
4.344755342581595459e-01 8.296349913983298852e-02 4.340774401305841357e-01
4.342083873894755919e-01 8.609310922763688256e-02 4.360208463947605195e-01
4.339389485119587442e-01 8.928734608340146983e-02 4.379325684001469932e-01
4.336673573266098813e-01 9.254564563893739881e-02 4.398099689227235598e-01
4.333937674997901390e-01 9.586731658106167897e-02 4.416503897992260508e-01
4.331183410327131833e-01 9.925153053268055692e-02 4.434511426870800799e-01
4.328412555806442352e-01 1.026973269507593933e-01 4.452095487956866382e-01
4.325626980560662860e-01 1.062036052257543384e-01 4.469229204798758071e-01
4.324515712051573701e-01 1.068275678915753535e-01 4.471078811667063002e-01
4.324577305890662804e-01 1.068086554022467938e-01 4.470861968121125907e-01
4.324549652639660957e-01 1.068079781249838267e-01 4.470725077742146447e-01
4.324523354168799960e-01 1.068078237400090086e-01 4.470597033662073727e-01
4.324499140069247849e-01 1.068076591905321449e-01 4.470478881526873116e-01
4.324476724336592248e-01 1.068075283134155423e-01 4.470369817729696882e-01
4.324455973732401759e-01 1.068074269561751499e-01 4.470269144760016800e-01
4.324436765138237604e-01 1.068073533661331453e-01 4.470176241560127606e-01
4.324418980600331919e-01 1.068073058187951480e-01 4.470090513596371995e-01
4.324402498242779225e-01 1.068072822052524712e-01 4.470011344821900878e-01
4.324563944982832697e-01 1.063653220759383372e-01 4.470039866956865282e-01
4.334430313815535452e-01 1.030384397895283133e-01 4.470057539375332234e-01
4.364261237884340394e-01 9.878067270919342613e-02 4.470093526222597702e-01
4.399145626057608394e-01 9.501789734654157715e-02 4.470188162370149487e-01
4.439929807080789104e-01 9.229261983894390675e-02 4.470407880968861325e-01
4.480349507349506433e-01 9.024252535100552031e-02 4.470527624623368279e-01
4.520402879650949335e-01 8.873908152399698213e-02 4.470571307697403518e-01
4.560214752798651960e-01 8.762827640598941370e-02 4.470541709169729150e-01
4.599771017455622224e-01 8.710430108035520369e-02 4.470444830797576929e-01
4.639134357342513115e-01 8.692700628645000371e-02 4.470271257898955630e-01
4.678374917989713833e-01 8.687226619739790712e-02 4.470022451756335835e-01
4.717535208639416222e-01 8.682347858225862580e-02 4.469697343460001804e-01
4.756639827374852247e-01 8.677401398813008870e-02 4.469310096469304994e-01
4.795680880354268871e-01 8.672288643693579213e-02 4.468854617380058625e-01
4.834654668126512900e-01 8.667003169279012542e-02 4.468331648302517611e-01
4.873556581950597710e-01 8.661542914071353183e-02 4.467740978801943430e-01
4.912376898169373840e-01 8.648798387008203858e-02 4.467081796913553449e-01
4.951130941239366701e-01 8.615538963611465983e-02 4.466356423063698178e-01
4.989881804889267358e-01 8.571987914011243437e-02 4.465572661926984210e-01
5.028585764020775395e-01 8.526902186013961271e-02 4.464725973391739933e-01
5.067200795072913655e-01 8.481670666854261575e-02 4.463812815515663113e-01
5.105717348173217651e-01 8.436278128713940727e-02 4.462832583411764920e-01
5.144167231093805803e-01 8.405261585798450008e-02 4.461783516362100577e-01
5.182442525534421973e-01 8.382942841411603063e-02 4.460660031244832457e-01
5.220569808061856776e-01 8.366226311691164763e-02 4.459464395055878216e-01
5.258567136031278011e-01 8.355898929780362916e-02 4.458196320094963139e-01
5.296403234812814276e-01 8.347481531698727752e-02 4.456856855912289528e-01
5.334102228604626905e-01 8.339606983905788196e-02 4.455446747295706000e-01
5.371666260231267032e-01 8.331784350646705140e-02 4.453966046838147008e-01
5.409092364930928598e-01 8.323817728343822775e-02 4.452412159583157836e-01
5.446376879993564124e-01 8.315644171320489553e-02 4.450785137282851078e-01
5.483517294551363275e-01 8.307246748527472024e-02 4.449088410882106603e-01
5.520508135632665736e-01 8.298619749891032737e-02 4.447320900753359840e-01
5.557343837959003441e-01 8.289748765347766668e-02 4.445480113511656728e-01
5.594019541565886655e-01 8.280626459201434475e-02 4.443565753194244072e-01
5.630561852499978981e-01 8.276808753640774174e-02 4.441567989603228961e-01
5.666978631842535252e-01 8.289347157426008028e-02 4.439470673116148736e-01
5.703153969007708213e-01 8.317581569710183476e-02 4.437285025666575788e-01
5.739139960369711302e-01 8.367833979957788049e-02 4.434992838939773030e-01
5.774826911254273831e-01 8.434924600503705683e-02 4.432613557264749593e-01
5.810346048243050232e-01 8.529120609567264477e-02 4.430108058633711599e-01
5.845579190190266505e-01 8.650764203673134978e-02 4.427490630035188501e-01
5.880393747395604720e-01 8.784288947725625574e-02 4.424804796839283960e-01
5.915191144689836422e-01 8.957529758916953078e-02 4.421921382186783656e-01
5.949707175932326120e-01 9.177990952297854221e-02 4.418873148245340832e-01
5.983889678861127326e-01 9.448175641580043582e-02 4.415652691517247819e-01
6.017490107522784903e-01 9.748401422308879127e-02 4.412338123723537620e-01
6.050538805290857081e-01 1.005901031006897761e-01 4.408950765728462673e-01
6.083184704261501707e-01 1.037307519656313209e-01 4.405463338581293575e-01
6.115461612269378344e-01 1.068780445369418575e-01 4.401869851889690377e-01
6.147206299719654155e-01 1.097985118705069596e-01 4.398273992875094685e-01
6.178802041898158182e-01 1.126353867015433968e-01 4.394526455035299706e-01
6.210107675847409414e-01 1.154530597034315320e-01 4.390653305102939497e-01
6.241238802746761349e-01 1.185384963320729318e-01 4.386519227783400310e-01
6.272022059644305481e-01 1.221267404617791819e-01 4.382090713610062860e-01
6.298057633270837119e-01 1.259836256669110144e-01 4.377912852246075848e-01
6.313436581890050636e-01 1.299503239858391113e-01 4.374679524855067392e-01
6.319870562625817811e-01 1.339259028368257609e-01 4.376490190531158730e-01
6.325889035533259763e-01 1.380090225698650253e-01 4.377788984160492780e-01
6.329970321172371239e-01 1.420936348351743150e-01 4.380433248318909012e-01
6.332297220472636878e-01 1.461738685214243327e-01 4.384243324128005437e-01
6.334168740681471732e-01 1.502855290538697708e-01 4.387648947567481805e-01
6.335636435941757183e-01 1.544239283134112850e-01 4.390620741900974622e-01
6.336668135987961747e-01 1.585852358316049426e-01 4.393190877040392683e-01
6.338113532210124523e-01 1.627883620514972429e-01 4.394249374629488614e-01
6.339149132064029191e-01 1.670041931058059981e-01 4.394879405651616056e-01
6.339774037231002968e-01 1.712347170323667289e-01 4.395039936911226963e-01
6.339984168266051823e-01 1.754789487112229374e-01 4.394731517523175479e-01
6.339778599074090693e-01 1.797352571752538486e-01 4.393950546460472228e-01
6.338077703198337076e-01 1.839840313617434608e-01 4.394154640700692616e-01
6.336021267800749923e-01 1.882564295764420081e-01 4.393743569210877831e-01
6.333539755943244920e-01 1.925398391173693269e-01 4.392872412815266303e-01
6.330646016462153636e-01 1.968311021278674744e-01 4.391520192887342633e-01
6.327342109428416572e-01 2.011277533421506614e-01 4.389685974874183993e-01
6.323808686246855659e-01 2.054239386678524404e-01 4.387682035182726148e-01
6.320148518602133336e-01 2.097144756088694661e-01 4.385656341154816062e-01
6.316364127013748275e-01 2.139972176442331842e-01 4.383594242099922433e-01
6.312456639224136579e-01 2.182714738230362717e-01 4.381495983301236796e-01
6.308425906718780896e-01 2.225369238891626300e-01 4.379360980569603212e-01
6.304271460758390511e-01 2.267933361299243056e-01 4.377188805627701407e-01
6.299992716207438725e-01 2.310404997991631626e-01 4.374979007349903415e-01
6.295589041670351937e-01 2.352782084345255709e-01 4.372731090706782897e-01
6.291059842271899960e-01 2.395062592034921389e-01 4.370444744672943860e-01
6.286404437449565341e-01 2.437244466514368602e-01 4.368119489412204404e-01
6.281622174637300215e-01 2.479325664744210234e-01 4.365754960478310243e-01
6.276712412621109349e-01 2.521304146565322979e-01 4.363350875450472399e-01
6.271674425251670959e-01 2.563177836720767488e-01 4.360906749353872791e-01
6.266507550055809839e-01 2.604944675142356614e-01 4.358422260929721848e-01
6.261211072847135961e-01 2.646602576443370936e-01 4.355897059416736217e-01
6.255784311808666454e-01 2.688149459943772190e-01 4.353330790008310136e-01
6.250139893816913927e-01 2.729591890495545736e-01 4.350736936845692737e-01
6.245074112494818364e-01 2.771411508706177473e-01 4.342870223938875562e-01
6.251123294422801235e-01 2.818381663700982309e-01 4.306278481053068541e-01
6.256046725378159312e-01 2.863632999906770005e-01 4.271537062815428665e-01
6.260513853195532885e-01 2.908777930931750189e-01 4.235469187377375877e-01
6.264360330722713588e-01 2.953809627536731486e-01 4.198453573240368275e-01
6.267572595780209754e-01 2.998720361720657590e-01 4.160467791430427220e-01
6.269882114862556088e-01 3.043588427681817588e-01 4.121808034098168871e-01
6.271522432458545016e-01 3.088319984597798218e-01 4.082189289114613873e-01
6.272491023967633472e-01 3.132820087778747653e-01 4.041655314434201007e-01
6.272783372382031430e-01 3.177038853945924890e-01 4.000223500135075549e-01
6.272392988468952213e-01 3.220929933340707652e-01 3.957918804567615023e-01
6.271314502783867928e-01 3.264447336867558613e-01 3.914768764987505145e-01
6.269544109363452966e-01 3.307544990219180026e-01 3.870804315092216674e-01
6.267289450406834384e-01 3.348715480281931334e-01 3.827333127255133083e-01
6.268185943189805709e-01 3.378871934717662118e-01 3.788836494675247302e-01
6.270832663774970062e-01 3.402503931610486032e-01 3.752746676994302977e-01
6.272478798130655120e-01 3.427620305230147935e-01 3.714701807218759311e-01
6.272004892955375110e-01 3.457217139219089796e-01 3.673316912147249758e-01
6.268310718438165896e-01 3.492337139911161903e-01 3.629090442061209121e-01
6.263042808259638994e-01 3.528967615369463240e-01 3.584046722183216738e-01
6.257283284053706263e-01 3.564826019403870005e-01 3.538753465673319942e-01
6.251152976682564644e-01 3.598951851839348182e-01 3.494347837783177146e-01
6.245936037209739444e-01 3.629886647564014024e-01 3.450595120148598483e-01
6.241086864450904326e-01 3.658818318286958249e-01 3.406785957849965407e-01
6.235888153744117979e-01 3.687051047955376970e-01 3.362500493847987437e-01
6.230588530464749031e-01 3.714181622334916666e-01 3.318088093548270390e-01
6.226655733800677828e-01 3.738018576004366600e-01 3.274369187199224762e-01
6.224512945901380379e-01 3.758065832585123500e-01 3.231374471356830425e-01
6.223287580021763521e-01 3.775797497063759223e-01 3.188424234305847760e-01
6.224124947000524433e-01 3.789625187868174150e-01 3.146511285898516697e-01
6.227327864393686907e-01 3.799307921713675484e-01 3.105460505695473161e-01
6.230446590777316551e-01 3.808312511995218252e-01 3.063822701404642079e-01
6.233281265525718595e-01 3.816976198611117810e-01 3.021806320711257765e-01
6.235196870614893028e-01 3.826121396406185760e-01 2.979122162340384627e-01
6.234122826164778530e-01 3.838059095173025348e-01 2.936238803489066296e-01
6.230703864738189601e-01 3.852176828096887107e-01 2.893002781301052262e-01
6.226517890455978144e-01 3.866505676945891090e-01 2.849478552414355104e-01
6.209971713944847371e-01 3.894513044530182322e-01 2.806290519641974623e-01
6.182719807499186260e-01 3.934867923330934714e-01 2.763042922846265514e-01
6.153252437565249755e-01 3.976807500241636983e-01 2.719231160911171896e-01
6.121075679074289289e-01 4.020211003950046047e-01 2.674528999085629688e-01
6.086796539600365374e-01 4.064172974298608243e-01 2.629228647748148018e-01
6.051374990092626138e-01 4.107403941795755853e-01 2.583637665689720864e-01
6.015221194481674694e-01 4.149372244340805427e-01 2.537776684838004004e-01
6.016545328270174187e-01 4.151927216924756747e-01 2.493654384015999148e-01
6.017664345743640730e-01 4.152474975335602170e-01 2.448219327548570301e-01
6.018576485614746119e-01 4.152911956821710437e-01 2.402875140533920761e-01
6.019359129803647512e-01 4.153275747324723932e-01 2.357535374161403297e-01
6.019827473893690772e-01 4.152200178907348715e-01 2.361476115834872658e-01
6.019898077262892944e-01 4.152351471682739770e-01 2.361083452513743630e-01
6.026475897387398861e-01 4.143447461925598430e-01 2.361511040220048430e-01
6.026596346408283900e-01 4.143292963507181903e-01 2.361241789359127541e-01
6.032864298529179159e-01 4.134771480998024051e-01 2.361642572224920134e-01
6.032963151464961760e-01 4.134642075591880017e-01 2.361387206377900116e-01
6.032977629748323967e-01 4.135179119394844505e-01 2.343440552952669731e-01
6.033424802924632901e-01 4.136131329915753718e-01 2.295739896246798140e-01
6.033876151337269622e-01 4.136240649400909630e-01 2.250649280744609626e-01
6.034190256585156842e-01 4.136347163988428055e-01 2.205340892548059428e-01
6.034375728963176089e-01 4.136362676960035345e-01 2.160073850289729036e-01
6.034432622383203437e-01 4.136293977793887300e-01 2.114826727786219551e-01
6.034360651636573314e-01 4.136140539849514353e-01 2.069603828978229532e-01
6.034159530646424630e-01 4.135902369218200092e-01 2.024406917649825277e-01
6.033829020505202534e-01 4.135579477793604464e-01 1.979238250466824334e-01
6.033368840020020274e-01 4.135171777151381844e-01 1.934099854589031997e-01
6.032778703307964951e-01 4.134679176638509923e-01 1.888993867843099805e-01
6.032058365076020667e-01 4.134101592431739802e-01 1.843922434740680738e-01
6.031207515311454159e-01 4.133438865361944159e-01 1.798887669222004049e-01
6.030225883993387548e-01 4.132690844806546915e-01 1.753891767372426358e-01
6.029113162343342491e-01 4.131857593283308483e-01 1.708937162083953576e-01
6.027869063446400499e-01 4.130938628615827279e-01 1.664025681996514627e-01
6.026493249176836375e-01 4.129933718205637261e-01 1.619159494833732060e-01
6.024985397476084747e-01 4.128842596563704892e-01 1.574340753042690610e-01
6.023345206201549118e-01 4.127665014949978284e-01 1.529571740359878806e-01
6.021572323762636181e-01 4.126400675390024531e-01 1.484854637621624840e-01
6.019738582139316785e-01 4.125076791363221362e-01 1.442146121342294529e-01
6.017947019108055295e-01 4.123771835679866937e-01 1.403620287777600506e-01
6.016214458728897929e-01 4.122532715745103049e-01 1.368886789595737952e-01
6.014558607932073420e-01 4.121363610233402253e-01 1.337570391168151074e-01
6.012990779002977959e-01 4.120267767315263230e-01 1.309333202958415099e-01
6.011517576302142229e-01 4.119246125520915069e-01 1.283870887254637272e-01
6.017035349404860067e-01 4.118239503073038432e-01 1.264964880069349706e-01
6.047312169270100402e-01 4.101651447435104569e-01 1.250843138600769566e-01
6.079735050523635831e-01 4.083301712458453081e-01 1.238570721328268315e-01
6.079506838373220923e-01 4.085082192535652301e-01 1.223983216785848732e-01
6.080780047109886066e-01 4.085907451282914105e-01 1.210996429534345470e-01
6.081137973336792069e-01 4.086445904846369714e-01 1.213141138154662235e-01
6.081592978271992411e-01 4.087106310747721793e-01 1.214077002755640233e-01
6.082060412454007858e-01 4.087700245995800619e-01 1.215082048920148872e-01
6.082522899342870382e-01 4.088261824223407559e-01 1.216051589937852118e-01
6.082997612619813754e-01 4.088795342432166025e-01 1.217003773742617312e-01
6.083463657653958023e-01 4.089304888206434785e-01 1.217931323992900439e-01
6.083938509243027593e-01 4.089794477781777959e-01 1.218843618341077240e-01
6.084402936187006672e-01 4.090266038002602356e-01 1.219733838802327663e-01
6.088348385680248942e-01 4.085711100529015316e-01 1.220386902144189878e-01
6.088527392144170713e-01 4.086614520084299040e-01 1.221301079919417387e-01
6.088895648590172405e-01 4.087266460785070055e-01 1.222208746440741345e-01
6.089276041837135001e-01 4.087857712351074535e-01 1.223086509129217569e-01
6.089668035233848364e-01 4.088400742240177466e-01 1.223941461274872800e-01
6.093331087644228150e-01 4.084197382143102129e-01 1.224579471358128446e-01
6.093486516277981657e-01 4.085062574314046735e-01 1.225436019149234446e-01
6.093795125920209443e-01 4.085743696368245303e-01 1.226296769555564325e-01
6.094120476879069104e-01 4.086350237680904107e-01 1.227124637429830717e-01
6.097580413947775169e-01 4.082346721910239951e-01 1.227715150182276532e-01
6.096907750945455007e-01 4.083167689516864485e-01 1.227801057195142681e-01
6.097373404266301922e-01 4.083010754101280004e-01 1.228213889256685731e-01
6.100401349669808404e-01 4.079201765096551191e-01 1.228476316987741207e-01
6.100605603496286333e-01 4.079376922095912517e-01 1.228869798967377747e-01
6.103581155498869482e-01 4.075717087156497942e-01 1.229206529137169407e-01
6.103826920137979117e-01 4.075848295559894585e-01 1.229618658404636328e-01
6.106698154411674961e-01 4.072357045017358512e-01 1.229978850866444429e-01
6.106923511504280810e-01 4.072528755535657075e-01 1.230395494204158252e-01
6.109679236008890291e-01 4.069203613950692633e-01 1.230764314039017732e-01
6.109908792936680211e-01 4.069336913919275323e-01 1.231172760252844944e-01
6.112569615473528728e-01 4.066122462422743777e-01 1.231547948728857478e-01
6.112943473717081799e-01 4.066224911731733394e-01 1.232042132043063981e-01
6.115224008672506262e-01 4.063291478422769165e-01 1.232265091856592221e-01
6.115147227302466515e-01 4.063622789911682798e-01 1.232532321004035369e-01
6.117364364005036803e-01 4.060818651530757606e-01 1.232801490114484866e-01
6.117283350255744434e-01 4.061175861283956579e-01 1.233069975434470666e-01
6.118236817317040943e-01 4.062436732024494179e-01 1.239221553789614239e-01
6.125060048389220357e-01 4.072843771782188593e-01 1.278209995200482452e-01
6.131363679249823839e-01 4.083354676797836813e-01 1.315322305765987410e-01
6.137535381313589111e-01 4.093541526644773332e-01 1.353071006588459357e-01
6.143531780964871514e-01 4.103464750494255076e-01 1.391213680578983758e-01
6.149351133933930180e-01 4.113109014469816249e-01 1.429766783057889457e-01
6.154988054761705296e-01 4.122466553096326147e-01 1.468721761370533618e-01
6.160437645464371670e-01 4.131528775840787038e-01 1.508071758651637895e-01
6.165695141384144318e-01 4.140286984199877396e-01 1.547809062015733927e-01
6.170755821728892698e-01 4.148732563484828217e-01 1.587925380339604009e-01
6.175615132443655897e-01 4.156856919638832193e-01 1.628411848984613886e-01
6.180268593439892655e-01 4.164651522879344037e-01 1.669258938415235094e-01
6.184711942022269593e-01 4.172107889979684847e-01 1.710456558998131593e-01
6.188940965804651251e-01 4.179217713386625399e-01 1.751993935174258055e-01
6.192951692350129322e-01 4.185972742767612997e-01 1.793859713469543871e-01
6.196737821829507720e-01 4.192370818301137114e-01 1.836033748601050841e-01
6.200295759592396871e-01 4.198399108737513319e-01 1.878512236132904301e-01
6.203623252867567217e-01 4.204049910999879125e-01 1.921281119800099246e-01
6.206717021999089701e-01 4.209315827419106704e-01 1.964326586534612673e-01
6.209574023027011336e-01 4.214189815281453311e-01 2.007634216381747883e-01
6.212191422935043894e-01 4.218665124688573131e-01 2.051189027248112584e-01
6.214566594874549876e-01 4.222735306920925580e-01 2.094975426796404083e-01
6.216697080633264427e-01 4.226394432098134479e-01 2.138977400762210324e-01
6.218580669565467733e-01 4.229636964772541807e-01 2.183178445487146679e-01
6.220215404981012108e-01 4.232457715084804728e-01 2.227561512405962785e-01
6.221599505679930031e-01 4.234851982305786744e-01 2.272109070395326724e-01
6.222731327807446977e-01 4.236815555655731314e-01 2.316803054366772807e-01
6.223600011385760356e-01 4.238341331915511101e-01 2.361611711942100955e-01
6.224214792782536421e-01 4.239431325199868872e-01 2.406531962486297416e-01
6.224574324826405158e-01 4.240082231255465905e-01 2.451543139195399013e-01
6.224678065357701628e-01 4.240291813809761723e-01 2.496626037625190309e-01
6.224525812654003731e-01 4.240058324945121804e-01 2.541761070530026423e-01
6.224183314380965504e-01 4.239574937173470337e-01 2.586891338249064365e-01
6.223695538903946112e-01 4.238989396689154532e-01 2.631989620572038890e-01
6.230102829195025560e-01 4.231071438445159205e-01 2.676828105856363660e-01
6.259962778448558973e-01 4.204484215372686351e-01 2.719734631974957129e-01
6.292915783677230923e-01 4.169130020078531396e-01 2.762792279228805103e-01
6.326208773534001129e-01 4.131456886033180731e-01 2.805660761132856007e-01
6.359069781092382412e-01 4.093492161928389828e-01 2.848354226498508446e-01
6.391394627059494571e-01 4.055376404142425062e-01 2.890863639881051106e-01
6.423247405153036382e-01 4.017034970358478452e-01 2.933212675863239860e-01
6.454421029404819876e-01 3.978850095563866152e-01 2.975320068986984645e-01
6.485065361177597687e-01 3.940484840374375297e-01 3.017261896759135809e-01
6.515214965468145714e-01 3.901857107127509883e-01 3.059020816628298944e-01
6.544890466957486996e-01 3.863016874725075933e-01 3.100650676565078756e-01
6.574015928873393477e-01 3.824001503388775314e-01 3.142073391590137210e-01
6.602084913267572963e-01 3.786270129564883735e-01 3.183153491393891366e-01
6.628331333381130008e-01 3.751887595494980965e-01 3.223705212302973022e-01
6.653850071521207887e-01 3.717742830258215503e-01 3.264097102665284855e-01
6.678448827832789148e-01 3.684517871522045018e-01 3.304156194862238882e-01
6.702508339484974931e-01 3.651077313945662040e-01 3.344017795244637603e-01
6.726021960117465337e-01 3.617488262013882627e-01 3.383632638730946218e-01
6.749011416560198873e-01 3.583676675373457243e-01 3.423008117135211692e-01
6.771514314403422885e-01 3.549357054872838702e-01 3.462090145319396406e-01
6.793487832986342401e-01 3.514862187891892309e-01 3.500937904793735012e-01
6.814759901942487597e-01 3.480710174833551718e-01 3.539479109740250040e-01
6.814461285372765964e-01 3.470669333458459294e-01 3.582087330966575722e-01
6.809268004218201886e-01 3.467132907255485730e-01 3.625551168745395070e-01
6.803766531957148311e-01 3.463982338613338374e-01 3.668984681234958023e-01
6.798093563441419684e-01 3.460740484373195369e-01 3.712355515686622809e-01
6.792216922443068405e-01 3.457394318737255778e-01 3.755618593222958546e-01
6.786163668777742686e-01 3.453970517194221990e-01 3.798788863989241982e-01
6.779930960860177658e-01 3.450478658990102088e-01 3.841870773767001590e-01
6.780418054959069796e-01 3.451662485415405435e-01 3.839111159701942277e-01
6.780089014072271381e-01 3.451280990079843569e-01 3.839100309145253576e-01
6.779907300584619989e-01 3.451065858437958878e-01 3.838404982021731415e-01
6.779713077223038509e-01 3.450851133974954799e-01 3.837781180626551603e-01
6.779553059062948250e-01 3.450611840472779801e-01 3.837237669894465464e-01
6.779418813053246229e-01 3.450383460629903865e-01 3.836779479545719407e-01
6.779322345921402482e-01 3.450213752497744424e-01 3.836403289944850248e-01
6.781613575867094790e-01 3.444342950797258940e-01 3.837992726476553429e-01
6.796158813378081476e-01 3.411280980204101643e-01 3.847972967846067793e-01
6.811907092331599411e-01 3.375894214689024175e-01 3.857049625424395778e-01
6.827559747033167259e-01 3.340055257102506614e-01 3.866040601603357718e-01
6.843134546695345266e-01 3.303823697027968853e-01 3.874911334318484890e-01
6.858649512125036818e-01 3.267196639987767215e-01 3.883671553116284647e-01
6.874053881164922108e-01 3.230178879170719775e-01 3.892286374929689874e-01
6.889342889210366971e-01 3.192775530221683700e-01 3.900753179865733555e-01
6.904504722044796372e-01 3.155010388285365841e-01 3.909056992284281606e-01
6.918546476483559138e-01 3.117832851588434040e-01 3.918621282712420051e-01
6.931928446658522924e-01 3.080955282299585596e-01 3.928737839140731825e-01
6.945180968698042578e-01 3.043780526402590780e-01 3.938686971131186709e-01
6.958115606354253746e-01 3.006403096377359141e-01 3.948796383115708020e-01
6.970917110113812321e-01 2.968680639729104898e-01 3.958751078170954507e-01
6.984503412129269284e-01 2.929747460636280554e-01 3.967049839184760840e-01
6.998157216047249385e-01 2.890108520698060901e-01 3.974875520248908334e-01
7.011588856510994061e-01 2.850122826361108364e-01 3.982555680710012647e-01
7.025029608100549217e-01 2.809673002045723345e-01 3.989714125230190978e-01
7.038263589596563952e-01 2.768904925746903389e-01 3.996689591775015593e-01
7.051292459275833036e-01 2.727856271007019773e-01 4.003455296397364083e-01
7.064106585796843252e-01 2.686538909039894452e-01 4.010008152329191389e-01
7.076695303799118708e-01 2.644967005959498740e-01 4.016342472491181148e-01
7.089087044074237065e-01 2.603170719161769231e-01 4.022487982575427279e-01
7.101234760614085761e-01 2.561142915152552213e-01 4.028400100778186110e-01
7.113133030303158133e-01 2.518898694604890798e-01 4.034077802840125293e-01
7.124771812554299144e-01 2.476450328657856248e-01 4.039517513069240673e-01
7.136147275939322965e-01 2.433811771704196270e-01 4.044717139825194652e-01
7.147254105895969323e-01 2.390997559279876006e-01 4.049673084981231241e-01
7.158085869118433475e-01 2.348021548662232172e-01 4.054382840740027860e-01
7.168636381205688579e-01 2.304897922815596634e-01 4.058843960593728761e-01
7.178899661570351531e-01 2.261640984917754338e-01 4.063054287682786869e-01
7.188869972662184082e-01 2.218265106940844056e-01 4.067011969507965952e-01
7.198541809410888836e-01 2.174784703905969507e-01 4.070715398065638535e-01
7.207909921916432205e-01 2.131214214440780019e-01 4.074163275099021986e-01
7.216962019719683763e-01 2.087582776962776943e-01 4.077337544470275854e-01
7.225714567519232467e-01 2.043867006572786804e-01 4.080278406866717500e-01
7.234148738963205316e-01 2.000104447720985335e-01 4.082957283542180127e-01
7.242265126542398734e-01 1.956304933343041286e-01 4.085381605444408648e-01
7.250059578666681048e-01 1.912488131852948525e-01 4.087547743701043235e-01
7.257604153897279087e-01 1.868629763611899530e-01 4.089574874078883981e-01
7.264972310649195908e-01 1.824692347754716948e-01 4.091559388501818662e-01
7.272164751558712892e-01 1.780673146968395071e-01 4.093495441119157086e-01
7.279180679474761551e-01 1.736573980750171220e-01 4.095382912376288598e-01
7.286019506034773219e-01 1.692397089391203813e-01 4.097221411400163715e-01
7.292680713598316267e-01 1.648144720235199812e-01 4.099010627418657737e-01
7.299163856251738025e-01 1.603819150895831325e-01 4.100750278346325106e-01
7.305468556744139086e-01 1.559422666124724022e-01 4.102440121256024086e-01
7.311594499604330277e-01 1.514957559691255673e-01 4.104079946685225688e-01
7.316841463978487337e-01 1.470516127726364808e-01 4.106003318421022064e-01
7.321738807421814821e-01 1.426078224385981807e-01 4.107938594773160590e-01
7.326461000721163908e-01 1.381585263505815675e-01 4.109818790925018339e-01
7.330786604596782885e-01 1.337046539800924860e-01 4.111752332625723261e-01
7.334553359565212372e-01 1.292651457482505983e-01 4.118860118314462415e-01
7.338279005226239216e-01 1.248276605469121892e-01 4.125079085474803176e-01
7.341853746833576499e-01 1.203752633754201773e-01 4.130755826171801370e-01
7.345282423994378140e-01 1.159093946123465751e-01 4.135870386651254171e-01
7.348582786401087752e-01 1.114349635990714571e-01 4.140418102550197377e-01
7.351736974611049469e-01 1.069492556638980685e-01 4.144390150341111800e-01
7.354749270098198677e-01 1.024543899352301918e-01 4.147787396944534466e-01
7.357610296858019261e-01 9.795304343375282885e-02 4.150607839411673550e-01
7.359692043423603502e-01 9.344627208104024085e-02 4.153561370156342858e-01
7.359929820460688887e-01 8.893557586519044988e-02 4.157836673678876882e-01
7.359428837695253245e-01 8.442663086239673986e-02 4.162145160324678406e-01
7.358813852388348398e-01 7.991592679152755008e-02 4.165796035032384159e-01
7.358002377551969841e-01 7.540089337705206674e-02 4.168892632795576647e-01
7.357040812640317506e-01 7.088348745117621641e-02 4.171378761748237851e-01
7.355853279944021272e-01 6.635951359044746367e-02 4.173804926393923642e-01
7.354473473201552647e-01 6.182939386021773370e-02 4.176178712626859024e-01
7.352900236573324255e-01 5.729330321628123973e-02 4.178499844516708195e-01
7.349525377119043856e-01 5.274643511593880146e-02 4.181479807991282938e-01
7.344081978649962261e-01 4.818874090735119492e-02 4.185195886263772813e-01
7.335887627693254975e-01 4.377917532944556461e-02 4.190662424167624911e-01
7.327504270175282386e-01 3.946459548327116429e-02 4.195501463704897627e-01
7.318554451821277507e-01 3.518536790851414797e-02 4.200088922764567689e-01
7.309234764938291606e-01 3.091629671174486726e-02 4.204672476873638765e-01
7.299631827200077083e-01 2.671206242299503306e-02 4.209192462190050610e-01
7.289935368225258783e-01 2.214987617313845386e-02 4.213671914419156450e-01
7.290785789123309657e-01 2.145187775250917764e-02 4.212927693880922364e-01
7.290924428132552482e-01 2.135831632262922414e-02 4.213069036627232200e-01
7.291087187036331407e-01 2.133144346515606846e-02 4.213171058930083035e-01
7.291242601299773307e-01 2.135195222397694853e-02 4.213700829160778594e-01
7.288257270814268995e-01 2.093632166709768691e-02 4.215354314371432820e-01
7.266661138083816418e-01 1.925547092925555467e-02 4.232694219080883058e-01
7.245967156243928731e-01 1.732962378529425557e-02 4.247980716149758473e-01
7.225353887601830838e-01 1.521947822030410465e-02 4.262182498978100420e-01
7.204509673592480734e-01 1.299555072955263339e-02 4.275708664329193054e-01
7.183293793593116261e-01 1.075711451584980029e-02 4.288864352813631098e-01
7.161704677654119333e-01 8.486210886257949948e-03 4.301538696846873289e-01
7.140560318452184863e-01 6.125679400592613094e-03 4.312877051083482405e-01
7.124074136197436902e-01 5.316269078134120037e-03 4.339512130497846787e-01
7.107388704367744170e-01 4.799919898174087769e-03 4.365218847210832198e-01
7.090253039090149700e-01 4.402664930434799229e-03 4.390390856931490893e-01
7.072271670248224673e-01 4.148099609348838458e-03 4.415175551259613584e-01
7.052518467347599351e-01 4.191242214146167350e-03 4.439513052922903213e-01
7.032517591771959564e-01 4.210663255673042539e-03 4.464438438399989106e-01
7.012391753665381255e-01 4.064610469023090950e-03 4.490219201870921939e-01
6.992725042395312451e-01 3.760464522320177815e-03 4.515791005115827872e-01
6.972713826723521136e-01 3.393623078897240429e-03 4.541379620817254104e-01
6.952543544000373554e-01 2.932125242203077308e-03 4.567263052562426928e-01
6.933048135051281813e-01 2.216163390291200127e-03 4.593731875064203662e-01
6.913840996105981018e-01 1.363559474991964029e-03 4.619830190477017262e-01
6.915496986290130543e-01 1.201939569574029826e-03 4.617498171083878056e-01
6.915466768560103450e-01 1.161401378443675542e-03 4.617882822610750448e-01
6.915608035668782128e-01 1.153627620373802410e-03 4.618516571787157354e-01
6.915742200119378014e-01 1.154875448501786360e-03 4.619094787951339431e-01
6.915866960548117115e-01 1.157961933864732392e-03 4.619626416929946133e-01
6.913719168002600002e-01 1.188197712014073997e-03 4.621019938299298357e-01
6.888055305637343917e-01 1.898445678836015518e-03 4.642168625632496215e-01
6.863871740058263837e-01 2.837388700572612225e-03 4.661099312805731532e-01
6.839182378449490951e-01 3.810040040307989800e-03 4.680138452252824433e-01
6.814122137092253340e-01 4.777857957988886940e-03 4.698988087640760813e-01
6.788677617984751889e-01 5.732450687401709384e-03 4.717664328313198596e-01
6.762850318242965564e-01 6.671742986970301964e-03 4.736156304477345258e-01
6.736642721749102058e-01 7.595093388245321986e-03 4.754455586907556097e-01
6.710053027933817749e-01 8.501883467857124579e-03 4.772555840791992132e-01
6.683082796388006841e-01 9.391730828364181979e-03 4.790449450525433583e-01
6.655820588904396429e-01 1.018076321715650524e-02 4.808833514610578730e-01
6.628261946744340438e-01 1.085699717393718081e-02 4.827531844885761259e-01
6.606498529018430821e-01 1.000486674275723187e-02 4.847679783632315442e-01
6.584034295463756514e-01 8.640092586020529236e-03 4.867757268773765245e-01
6.561228589651296739e-01 7.132519497644036581e-03 4.887758813616919218e-01
6.538036358726930786e-01 5.587614684535938646e-03 4.907685466718836875e-01
6.514455046908348423e-01 4.036349062784973241e-03 4.927529145884540496e-01
6.490482715289801474e-01 2.488285783383449492e-03 4.947283618348972678e-01
6.460496257083655491e-01 2.210991347709416206e-03 4.964721007824013932e-01
6.430528208981326488e-01 2.396950088329112809e-03 4.982125268485665393e-01
6.400184013012979456e-01 2.721293940210123361e-03 4.999297577831394168e-01
6.374943681130298412e-01 1.930824622196142303e-03 5.018875680599571565e-01
6.349392777136725341e-01 8.454525944670040604e-04 5.039218233256023138e-01
6.323473929226257617e-01 -3.292968905102186517e-04 5.059393233623307173e-01
6.297164153640663065e-01 -1.528169618677168318e-03 5.079466979932372173e-01
6.270466910381823356e-01 -2.728212013703972243e-03 5.099423718111932846e-01
6.243382315673158267e-01 -3.920831479384401588e-03 5.119257209719184631e-01
6.215911266018757653e-01 -5.102566873377492075e-03 5.138960469313995638e-01
6.188054691524372819e-01 -6.271808317437126308e-03 5.158526727750304408e-01
6.159813724431013604e-01 -7.427636275512621879e-03 5.177949013425030556e-01
6.131189725895597187e-01 -8.569383778822728392e-03 5.197220515269136420e-01
6.102184242123569469e-01 -9.696509044305886074e-03 5.216334274772227442e-01
6.068177860371206656e-01 -1.000079249355361084e-02 5.228999894411716642e-01
6.034229931183763274e-01 -9.949045911925432847e-03 5.241842211146473529e-01
6.004407816494286010e-01 -1.051015383848656962e-02 5.260876673435123108e-01
5.973891456941873290e-01 -1.134358624081872879e-02 5.279260494763973188e-01
5.942996811095316856e-01 -1.228417746530529979e-02 5.297506222289883882e-01
5.911723013732550491e-01 -1.326112743215552420e-02 5.315553538931065969e-01
5.880078957462815392e-01 -1.424369541807504747e-02 5.333395483157801209e-01
5.848070561607736639e-01 -1.521825137343330199e-02 5.351022990520772904e-01
5.815702749157172224e-01 -1.617857684381963576e-02 5.368428594825070954e-01
5.782980089636077237e-01 -1.712165655823768770e-02 5.385604953456154531e-01
5.749907872361004202e-01 -1.804578670514234151e-02 5.402544622153824250e-01
5.716489748495534595e-01 -1.895015018928855599e-02 5.419241233316367534e-01
5.682746695246662094e-01 -1.983312920862363715e-02 5.435699698765664722e-01
5.648667777385585342e-01 -2.069525639562804289e-02 5.451902324622476259e-01
5.614255767469369385e-01 -2.153868682314548366e-02 5.467824100462447268e-01
5.579519267468129318e-01 -2.236013224381020945e-02 5.483476513084198922e-01
5.544464401233939466e-01 -2.315905811270511927e-02 5.498851853463884165e-01
5.509097194892565996e-01 -2.393499732503741664e-02 5.513944115059168372e-01
5.473423952067574261e-01 -2.468752353951259373e-02 5.528747212115848741e-01
5.437451203052942050e-01 -2.541623506610643859e-02 5.543255305099205055e-01
5.401227761450153597e-01 -2.609117923175890280e-02 5.557750050190174429e-01
5.364796868043576472e-01 -2.667582962216200060e-02 5.572440199777630720e-01
5.328172695826121075e-01 -2.715027956573266496e-02 5.587361550191174420e-01
5.291300225482883368e-01 -2.755546880785850888e-02 5.602060256368429636e-01
5.254159557666117086e-01 -2.791960202034952931e-02 5.616441853075946344e-01
5.216754510323748928e-01 -2.825197009517075100e-02 5.630510627933532630e-01
5.178941218165223903e-01 -2.873551501679870099e-02 5.642684980148117146e-01
5.140853098985490588e-01 -2.923955545999509797e-02 5.654674551155902673e-01
5.102527981767566168e-01 -2.973002834917058690e-02 5.666308547566424325e-01
5.063976553777779221e-01 -3.019698483812396569e-02 5.677595108896471565e-01
5.025209201783586987e-01 -3.063767315939499095e-02 5.688527824832795288e-01
4.986235046856819508e-01 -3.105127256778539638e-02 5.699102125483374026e-01
4.947063334985888350e-01 -3.143738784869555547e-02 5.709313806309500583e-01
4.907701154542055133e-01 -3.179556546067511397e-02 5.719158488231448345e-01
4.869518344211283822e-01 -3.259765056082693235e-02 5.724591434678255597e-01
4.834904789478630116e-01 -3.481238971488928580e-02 5.718511216805350905e-01
4.799148723795371163e-01 -3.713462177255628938e-02 5.713242449600498540e-01
4.763028026249319646e-01 -3.946412707186785357e-02 5.707374411071838294e-01
4.726480806594030581e-01 -4.179050397977426140e-02 5.701004725871230416e-01
4.689524772015989940e-01 -4.411211263384325759e-02 5.694111106957207014e-01
4.652158184914033101e-01 -4.642715442985343582e-02 5.686683745626480713e-01
4.614391731273248531e-01 -4.873499797472231193e-02 5.678713530112708963e-01
4.576231637179474787e-01 -5.103433587302968338e-02 5.670190995273011181e-01
4.537644540488801059e-01 -5.329526328713336814e-02 5.661321985552926206e-01
4.498692057051533744e-01 -5.554603344741123466e-02 5.651863415328022278e-01
4.459372411172541906e-01 -5.778425987847196632e-02 5.641833583470617919e-01
4.413949786805971276e-01 -5.684939853316853253e-02 5.631072621747321705e-01
4.368889234284216716e-01 -5.614654935146805304e-02 5.619598871892153014e-01
4.329074621321233329e-01 -5.853492739028759440e-02 5.607899476469961897e-01
4.288205942998616904e-01 -6.065433377988607017e-02 5.595893993534815092e-01
4.247095612538446807e-01 -6.277918561155503008e-02 5.583199571309850340e-01
4.200981978462908772e-01 -6.192596022914793885e-02 5.569208584161667863e-01
4.155132808727557414e-01 -6.139051544015813183e-02 5.554510157939628323e-01
4.109181654088370772e-01 -6.084259855904571024e-02 5.539039831604186670e-01
4.067266354734412892e-01 -6.310443972533937018e-02 5.524121888269716285e-01
4.024598081632702051e-01 -6.504536706326412288e-02 5.508680266794195868e-01
3.981953875050657232e-01 -6.671106664556537835e-02 5.494634445218939955e-01
3.940483977300063279e-01 -6.668687807961697078e-02 5.501017396548618654e-01
3.898910551406760683e-01 -6.684666940487718478e-02 5.505417132579916162e-01
3.857309904357897890e-01 -6.698507769393431677e-02 5.509959729377016391e-01
3.815681525524687312e-01 -6.712488629690713249e-02 5.514443119397847148e-01
3.774028049593967649e-01 -6.726375566516633320e-02 5.518887292027693237e-01
3.732352064331445618e-01 -6.740209737787332400e-02 5.523291092627274912e-01
3.690656147604539083e-01 -6.754001008704971221e-02 5.527655296821286646e-01
3.648878473347675344e-01 -6.826724033038730766e-02 5.531874637958305030e-01
3.607587466358157524e-01 -7.026725808511780080e-02 5.535796776836965361e-01
3.570769335393648158e-01 -7.341014764801688519e-02 5.538948172712789830e-01
3.539994182852816418e-01 -7.752149216106016261e-02 5.541315042006627056e-01
3.516000997674890161e-01 -8.205925572858369099e-02 5.542944287207698384e-01
3.492633232528868370e-01 -8.662256020235178933e-02 5.544521553647646650e-01
3.470192153557710157e-01 -9.126455459143008320e-02 5.545959621790913507e-01
3.449848704446673575e-01 -9.590491669791986751e-02 5.547540475614863853e-01
3.429884242714613118e-01 -1.005516514978958692e-01 5.548653317401530671e-01
3.411747784366130354e-01 -1.051536861056114047e-01 5.549970023736348068e-01
3.396724822123627363e-01 -1.096701605169713434e-01 5.552171229568177990e-01
3.381820849305428034e-01 -1.142045032888148043e-01 5.553839947721344039e-01
3.367076202665860163e-01 -1.187469363228295383e-01 5.554998469169559749e-01
3.352596606019088155e-01 -1.232935315313492958e-01 5.555696823479241431e-01
3.338207633778321193e-01 -1.278396778928652666e-01 5.556129578631487931e-01
3.340102657504532835e-01 -1.267933619723771721e-01 5.556208818358067125e-01
3.339998054893680846e-01 -1.269000686693977642e-01 5.556144030152383451e-01
3.340102758469629673e-01 -1.268936164663344024e-01 5.556073897728810440e-01
3.323825050860877983e-01 -1.263765947949457569e-01 5.544472142146973370e-01
3.307203985888441111e-01 -1.258430132461529072e-01 5.532683246059225679e-01
3.290529650631749958e-01 -1.253072928640439065e-01 5.520691659607070978e-01
3.273777397692465563e-01 -1.247682023572977555e-01 5.508495499886175706e-01
3.256952105604907222e-01 -1.242260325022076228e-01 5.496091116783938801e-01
3.240055926615540982e-01 -1.236809165024787549e-01 5.483475064916402131e-01
3.223091311108902679e-01 -1.231329971551240327e-01 5.470643968554386172e-01
3.206060880843091265e-01 -1.225824116992541013e-01 5.457594485362810000e-01
3.188966983073591721e-01 -1.220292903814677449e-01 5.444323078186484866e-01
3.171812252914225638e-01 -1.214737627663519809e-01 5.430826483982984509e-01
3.154599320126962314e-01 -1.209159533594122288e-01 5.417101317878534328e-01
3.137331028183247272e-01 -1.203559864853115252e-01 5.403144172594767092e-01
3.120010024741804444e-01 -1.197939821362373342e-01 5.388951678204951801e-01
3.102639192949113167e-01 -1.192300599035780728e-01 5.374520530176107869e-01
3.085221555669674931e-01 -1.186643395221890773e-01 5.359847360514367054e-01
3.067760017743242917e-01 -1.180969369906823691e-01 5.344928795758655538e-01
3.050257707566552123e-01 -1.175279702257323866e-01 5.329761522136772234e-01
3.032717859758231604e-01 -1.169575571685549514e-01 5.314342257896336186e-01
3.015143667061299659e-01 -1.163858130137099545e-01 5.298667477041139051e-01
2.994279293053930813e-01 -1.181392060498462349e-01 5.286066086371533634e-01
2.971092972573242119e-01 -1.221891026384943485e-01 5.276995426337717232e-01
2.947971515187762237e-01 -1.260397396098963951e-01 5.267152405548461980e-01
2.924908718613176695e-01 -1.299656134226929161e-01 5.256849201044556663e-01
2.901892883218336605e-01 -1.339357825014288184e-01 5.246055192141881873e-01
2.878938365762512275e-01 -1.379523617645505296e-01 5.234761719590101947e-01
2.856054403260783747e-01 -1.420138493252257605e-01 5.222959397433725171e-01
2.833251348916054901e-01 -1.461190387118514455e-01 5.210639096585956143e-01
2.810539116493338541e-01 -1.502666053280530267e-01 5.197791859022545813e-01
2.788165793624430289e-01 -1.544458703420198420e-01 5.184599516316542589e-01
2.765843560719911665e-01 -1.586678144743124963e-01 5.170816931759353308e-01
2.768543666058617680e-01 -1.627292757733609652e-01 5.178992562014550494e-01
2.772494588240936308e-01 -1.667900049840378152e-01 5.187721349360895351e-01
2.784630250712718524e-01 -1.706131758735805470e-01 5.203402136990050719e-01
2.799672872375716381e-01 -1.739458922505464356e-01 5.220555334277215964e-01
2.818560873676286826e-01 -1.758359501372344091e-01 5.238957950140963327e-01
2.841071460661334092e-01 -1.772510544336012572e-01 5.259738289264288547e-01
2.863203904119580034e-01 -1.792673467552614031e-01 5.280388899096470912e-01
2.882722593150011114e-01 -1.810042563985854724e-01 5.297848844126314960e-01
2.881343396174179117e-01 -1.808412055365243853e-01 5.296281530790466485e-01
2.881669857805297941e-01 -1.808434681809123479e-01 5.296372307898501441e-01
2.881757653736982117e-01 -1.808412937281587418e-01 5.296130977519077909e-01
2.881843648280223436e-01 -1.808396687676566694e-01 5.295904986698217742e-01
2.861011879192507101e-01 -1.809215493209890280e-01 5.278139792847161837e-01
2.842079582218861589e-01 -1.809652760371769087e-01 5.261882688284496012e-01
2.822900619798581756e-01 -1.810201586981307620e-01 5.245176845753463102e-01
2.803683743311582433e-01 -1.810774646357281858e-01 5.228219508998500631e-01
2.784413724715744110e-01 -1.811385061496296744e-01 5.210986189672573987e-01
2.765096564697112624e-01 -1.812031351653383415e-01 5.193475254576808142e-01
2.745736733904034499e-01 -1.812713986546734546e-01 5.175683017625389848e-01
2.726338509162805068e-01 -1.813433150009597372e-01 5.157605888314333864e-01
2.706906209354055237e-01 -1.814189027132529497e-01 5.139240363772100695e-01
2.687443893600909850e-01 -1.814981767755780295e-01 5.120583048378632984e-01
2.667956206011445341e-01 -1.815811475506891870e-01 5.101630673089626589e-01
2.648447431113103434e-01 -1.816678212764345213e-01 5.082380064265384911e-01
2.628921936837987916e-01 -1.817581974025445912e-01 5.062828019563677673e-01
2.632136698112662043e-01 -1.824699430839059333e-01 5.064556284272685449e-01
2.632813838458289424e-01 -1.838533706769591436e-01 5.064350335532358249e-01
2.633668025890124054e-01 -1.853652015780795637e-01 5.064325419179186438e-01
2.633275988306994497e-01 -1.868437239462737154e-01 5.064291113569535652e-01
2.612008113195048997e-01 -1.868731677783213030e-01 5.042422775955510694e-01
2.592549559892469158e-01 -1.870218675107246653e-01 5.022489971511767681e-01
2.572921775039690440e-01 -1.871655253288535270e-01 5.002014168207814526e-01
2.553302693090162001e-01 -1.873134863604360156e-01 4.981250038605732344e-01
2.533681827606173442e-01 -1.874650630983607513e-01 4.960168066570347367e-01
2.514065203664576087e-01 -1.876202254019614934e-01 4.938768403187736022e-01
2.494456889588472781e-01 -1.877788956270358967e-01 4.917048139974585230e-01
2.474862219223308013e-01 -1.879409863903159228e-01 4.895005144358042237e-01
2.455285561729583510e-01 -1.881063946678677989e-01 4.872637152297636942e-01
2.435731928366159094e-01 -1.882750021010364816e-01 4.849942229243403569e-01
2.416205996630862440e-01 -1.884466740478059343e-01 4.826918531845059701e-01
2.396712506706503154e-01 -1.886212578589803179e-01 4.803564420369852983e-01
2.377256197546631644e-01 -1.887985822136001302e-01 4.779878460178815791e-01
2.357841809911960240e-01 -1.889784557839864765e-01 4.755859437054096861e-01
2.338473561631045083e-01 -1.891606648355333986e-01 4.731506241780598088e-01
2.337725752361703435e-01 -1.895703251021363667e-01 4.730112463946863910e-01
2.335515946347380412e-01 -1.895729417533977557e-01 4.726056333763886119e-01
2.333590131897977371e-01 -1.894248198650875237e-01 4.722179976188296546e-01
2.331597237894131314e-01 -1.892912920272870614e-01 4.718229570464280709e-01
2.329585679041679402e-01 -1.891544143841374370e-01 4.714230307852698698e-01
2.327548149151647261e-01 -1.890161098711950760e-01 4.710178805041997929e-01
2.325484521889029377e-01 -1.888761390049648881e-01 4.706074738961661952e-01
2.323393907925629664e-01 -1.887344979840650527e-01 4.701917347629394062e-01
2.321275504128864353e-01 -1.885911568689460360e-01 4.697705865838229244e-01
2.319128614317023662e-01 -1.884460907675002961e-01 4.693439643024460706e-01
2.316736887230988751e-01 -1.885034952999183611e-01 4.689182271665098822e-01
2.314001492581122255e-01 -1.888866803727784760e-01 4.684983637254265809e-01
2.310935348591208749e-01 -1.896129315781001079e-01 4.680861851331004631e-01
2.307448677960771688e-01 -1.908357188813078475e-01 4.676898107543567829e-01
2.303312491561327058e-01 -1.930985660525694203e-01 4.673424240505141825e-01
2.297947411245182814e-01 -1.961313847331571381e-01 4.669039910468538168e-01
2.292177210087842920e-01 -1.993492193030004800e-01 4.664008102905029540e-01
2.286128503119913002e-01 -2.026208381360455335e-01 4.658276943628298916e-01
2.280252255803804085e-01 -2.059135490464608642e-01 4.652391614164927414e-01
2.274465089607044799e-01 -2.091276460640240364e-01 4.646161208637181184e-01
2.268797311873269329e-01 -2.122293584400532229e-01 4.639630028150910634e-01
2.265007177146743933e-01 -2.148454738053945379e-01 4.634985560937416871e-01
2.261392869417235274e-01 -2.166474434439283614e-01 4.629870397352972566e-01
2.257798155836557574e-01 -2.183930818663182283e-01 4.624649981762248285e-01
2.254379513687415348e-01 -2.195115511577094836e-01 4.619241542042304971e-01
2.250942989490192503e-01 -2.205303700047323845e-01 4.613750305725671241e-01
2.247675873747812247e-01 -2.210352713830517346e-01 4.608178326730456575e-01
2.244414628271882983e-01 -2.213610105821508800e-01 4.602549946992836594e-01
2.240906612301598322e-01 -2.221015572594876863e-01 4.596823813949710291e-01
2.237179838518415231e-01 -2.234830756201741098e-01 4.591018876578684127e-01
2.253978611041602964e-01 -2.248439321006534264e-01 4.613536304081441997e-01
2.268941553728814620e-01 -2.267456623010762617e-01 4.633320521170565254e-01
2.263181934234440584e-01 -2.266672701075142238e-01 4.623843373432737214e-01
2.242294737818010253e-01 -2.271890627514968897e-01 4.595936664527580096e-01
2.222856122426918601e-01 -2.276187667039187290e-01 4.569629398938526710e-01
2.203320791511671484e-01 -2.280598869601722922e-01 4.542794051415902645e-01
2.183844091710374635e-01 -2.284981774971164281e-01 4.515656493869725230e-01
2.164417287322480399e-01 -2.289347426475641933e-01 4.488195635525111804e-01
2.145046758969395007e-01 -2.293687788440681163e-01 4.460416466734118957e-01
2.125738831144058372e-01 -2.297996893519764217e-01 4.432322293373730515e-01
2.106498742035618765e-01 -2.302268249442223080e-01 4.403916940027772786e-01
2.087331748768612438e-01 -2.306495152978152163e-01 4.375204806688770542e-01
2.068242955430284746e-01 -2.310670670408797034e-01 4.346190869384471966e-01
2.049237335122484072e-01 -2.314787640115326395e-01 4.316880699898713036e-01
2.030318780887467867e-01 -2.318838619097028653e-01 4.287280268938393757e-01
2.011493165109027592e-01 -2.322816080025172647e-01 4.257396671159673351e-01
1.992764554882387462e-01 -2.326712202691654241e-01 4.227237238601422864e-01
1.974137704665872850e-01 -2.330519008680539128e-01 4.196810139521138239e-01
1.955616965861470269e-01 -2.334228338578136497e-01 4.166124137892811552e-01
1.937206621938954432e-01 -2.337831876483670857e-01 4.135188683253884223e-01
1.918910967021453806e-01 -2.341321186805002674e-01 4.104013926671366552e-01
1.900733809869296631e-01 -2.344687691600670643e-01 4.072610637859471749e-01
1.882679372618112357e-01 -2.347922781665171543e-01 4.040990372264360864e-01
1.864751459990458826e-01 -2.351017772428494190e-01 4.009165308228175850e-01
1.848601253199657346e-01 -2.354113716453007654e-01 3.979983757541208367e-01
1.841715195238347591e-01 -2.358628972539023871e-01 3.966963515187095224e-01
1.852734030292711442e-01 -2.362052180986977667e-01 3.986943091184226851e-01
1.862089340437904361e-01 -2.365362772863250918e-01 4.003862553041797612e-01
1.871789852565265699e-01 -2.368699044999291736e-01 4.021207549864347919e-01
1.881637650966006547e-01 -2.372027101648936653e-01 4.038637191495160761e-01
1.891653842202362934e-01 -2.375351331103982833e-01 4.056183794119097019e-01
1.901838112565475414e-01 -2.378670496034127335e-01 4.073842804690649966e-01
1.912136340308892013e-01 -2.382823272687877580e-01 4.091630426870397907e-01
1.922528046752691178e-01 -2.388427350561971030e-01 4.109548476409778939e-01
1.933122602777251897e-01 -2.393910927932778321e-01 4.127557577885537787e-01
1.943897201218411919e-01 -2.399417596667561825e-01 4.145666488511153269e-01
1.954857219019716097e-01 -2.404933609627737667e-01 4.163872031776952864e-01
1.966004449026110268e-01 -2.410459722163545704e-01 4.182172478537119487e-01
1.977341063638580754e-01 -2.415995398526057381e-01 4.200565959969231877e-01
1.988869200170096663e-01 -2.421540190900529910e-01 4.219050341500696355e-01
2.000591125967832173e-01 -2.427093653540862705e-01 4.237623608720355595e-01
2.012509069238462289e-01 -2.432655322602935988e-01 4.256283558262750066e-01
2.024625326288544691e-01 -2.438224720299619896e-01 4.275027921927252450e-01
2.036942188402505738e-01 -2.443801367835594096e-01 4.293854371301251693e-01
2.049461984708932649e-01 -2.449384763889888850e-01 4.312760483787154153e-01
2.062187034860716306e-01 -2.454974392995337429e-01 4.331743760693195222e-01
2.075119683079817978e-01 -2.460569730475687111e-01 4.350801638889640888e-01
2.088235884682657362e-01 -2.467020617777868075e-01 4.369908448589812644e-01
2.101567409539184528e-01 -2.473754632689281752e-01 4.389070644661672294e-01
2.115099301540374066e-01 -2.481326217081597230e-01 4.408266650512909224e-01
2.111811426610958053e-01 -2.493304169066250520e-01 4.401446167856183367e-01
2.106851345870482950e-01 -2.507016010765689140e-01 4.392259152638911535e-01
2.102123910657812400e-01 -2.523745039610448271e-01 4.383128755838212598e-01
2.097387549139908824e-01 -2.540757821585896137e-01 4.373806825971732204e-01
2.092656696683128925e-01 -2.558017910267019190e-01 4.364327515008207259e-01
2.087924020106315670e-01 -2.575332359747050104e-01 4.354687023764813869e-01
2.083199899783012010e-01 -2.592914527286307447e-01 4.344881517913700697e-01
2.078463568761753921e-01 -2.610303237292116441e-01 4.334914814100002678e-01
2.073649373039412880e-01 -2.626313978204661281e-01 4.324810688367718425e-01
2.068697939843478495e-01 -2.640020396017062621e-01 4.314602828118828115e-01
2.063685235073542956e-01 -2.653258111388073215e-01 4.304261304054209369e-01
2.058401057552864954e-01 -2.661527401003863647e-01 4.293909135267702237e-01
2.053049969855767209e-01 -2.670177039720386669e-01 4.283419449232944709e-01
2.047350421738527437e-01 -2.670479035717762684e-01 4.273078197052357918e-01
2.041406619774552011e-01 -2.665262945705978992e-01 4.262865326215001804e-01
2.035322455366549432e-01 -2.656614963843261235e-01 4.252671380534437384e-01
2.029152985021590860e-01 -2.646358105362627278e-01 4.242389059651902050e-01
2.023122089744304186e-01 -2.626708583944740716e-01 4.232414366058181443e-01
2.017107609894799591e-01 -2.603653195509265106e-01 4.222439102482029583e-01
2.011135518960396884e-01 -2.580377607508360094e-01 4.212221197175742282e-01
2.005274036237744140e-01 -2.556760485527238558e-01 4.201750429533320230e-01
1.999442603617416214e-01 -2.534011745664302429e-01 4.190966451573367446e-01
1.993529151233388308e-01 -2.514072529683882284e-01 4.179802498422846013e-01
1.987765180015466926e-01 -2.493434567715002992e-01 4.168393407448898191e-01
1.982061137724417388e-01 -2.472467764978533156e-01 4.156734256315078313e-01
1.976027504273771551e-01 -2.456763868857395616e-01 4.144712158513657596e-01
1.969995623530615136e-01 -2.442518066512563701e-01 4.132416855940245770e-01
1.963631318408153303e-01 -2.433766920512787368e-01 4.119888195262098596e-01
1.957108955429388564e-01 -2.428740722822659015e-01 4.107167704523880802e-01
1.950413362640522064e-01 -2.427212428743433237e-01 4.094303435163589855e-01
1.943578485807483658e-01 -2.428623735410977980e-01 4.081314497205661973e-01
1.936585833694401682e-01 -2.434527734147548250e-01 4.068287265935970898e-01
1.929562367191596239e-01 -2.440048289604681842e-01 4.055037313827201673e-01
1.922461916669690185e-01 -2.445660830041993250e-01 4.041616362735791501e-01
1.915292440797912998e-01 -2.451316314581027944e-01 4.028014604814746935e-01
1.908053711425180266e-01 -2.457017554965169326e-01 4.014231840356579095e-01
1.900746536612951676e-01 -2.462762188148115983e-01 4.000266674923994570e-01
1.893371619497656866e-01 -2.468548350321358720e-01 3.986117944634119392e-01
1.885929693311199640e-01 -2.474374098683917444e-01 3.971784546285789252e-01
1.878421511765706875e-01 -2.480237464180421181e-01 3.957265464248768128e-01
1.870847850802565826e-01 -2.486136432225558857e-01 3.942559769203152209e-01
1.882285973681301072e-01 -2.490446720523221413e-01 3.962581013786563022e-01
1.891903290907211432e-01 -2.494699493528817202e-01 3.979381949156459708e-01
1.901874281821569201e-01 -2.498984071176351407e-01 3.996622624058686069e-01
1.911995001150569584e-01 -2.503003520400036708e-01 4.013942259642754307e-01
1.922723302776598309e-01 -2.498854730543229041e-01 4.031354930409878357e-01
1.933497035882797699e-01 -2.494530805048715272e-01 4.048948778443828833e-01
1.944425107770334782e-01 -2.490250028475962663e-01 4.066673940950357724e-01
1.955512033437048769e-01 -2.485882814208346669e-01 4.084532625003577389e-01
1.966783199944159843e-01 -2.481057156155292986e-01 4.102528707791446294e-01
1.978829369753561662e-01 -2.468092560439602012e-01 4.120826928334888617e-01
1.990342826900815265e-01 -2.462462065060059824e-01 4.139121534495753263e-01
2.001852823799082082e-01 -2.461628974997888131e-01 4.157441119313234901e-01
2.013339216142938093e-01 -2.465812124253038973e-01 4.175806926316068535e-01
2.024731723432306174e-01 -2.486194117524859748e-01 4.194258060231867424e-01
2.036291285558466391e-01 -2.519317153495813089e-01 4.212080209033604583e-01
2.046110358982534960e-01 -2.544908652168162977e-01 4.226267168771769556e-01
2.045620357503544484e-01 -2.542702410879355557e-01 4.224815766143438789e-01
2.045752939610980259e-01 -2.542806242139625250e-01 4.223947540381968180e-01
2.025226361296562916e-01 -2.548596937003053120e-01 4.190574001138762661e-01
2.006688280413107262e-01 -2.553354870712106761e-01 4.160261584491681819e-01
1.988052254917245798e-01 -2.558129643884922699e-01 4.129361790384671327e-01
1.969523673596144941e-01 -2.562774754426405122e-01 4.098254093223314132e-01
1.951089592842300269e-01 -2.567297755898135247e-01 4.066911558475355681e-01
1.932757839934657884e-01 -2.571688031871162683e-01 4.035348514911498707e-01
1.914533971502631049e-01 -2.575937059840743282e-01 4.003575965884074717e-01
1.896423537895291223e-01 -2.580036173080026973e-01 3.971605962203503259e-01
1.878431874749080244e-01 -2.583976832328139794e-01 3.939451162080835900e-01
1.860564136519334555e-01 -2.587750629193636964e-01 3.907124855041121947e-01
1.842825304545869791e-01 -2.591349319868461176e-01 3.874640937553882059e-01
1.825220196331843459e-01 -2.594764857510375999e-01 3.842013889629979362e-01
1.807753473380673548e-01 -2.597989426142223723e-01 3.809258747223164820e-01
1.790429648081344471e-01 -2.601015475502166940e-01 3.776391071289775803e-01
1.773253089536044602e-01 -2.603835756422698267e-01 3.743426913027593228e-01
1.756228028517669570e-01 -2.606443356420848345e-01 3.710382775586283932e-01
1.739358561549378401e-01 -2.608831735087676074e-01 3.677275572304074536e-01
1.722648654173312421e-01 -2.610994758854837672e-01 3.644122581490320534e-01
1.706102143496071588e-01 -2.612926734777487603e-01 3.610941398145904868e-01
1.689722740001984302e-01 -2.614622442885394249e-01 3.577749882714494900e-01
1.673514028737091153e-01 -2.616077166728687509e-01 3.544566107215131878e-01
1.657479469859867716e-01 -2.617286721726528320e-01 3.511408299106884012e-01
1.641622398668508565e-01 -2.618247480976778618e-01 3.478294783277425251e-01
1.625946025106483617e-01 -2.618956398164644095e-01 3.445243922508307577e-01
1.610453432808721108e-01 -2.619411027277701587e-01 3.412274056929128219e-01
1.595147577800039851e-01 -2.619609538909812296e-01 3.379403442979446726e-01
1.580031286811718338e-01 -2.619550732849317831e-01 3.346650192229159715e-01
1.565107255336295466e-01 -2.619234046836291796e-01 3.314032210643840237e-01
1.550378045478847666e-01 -2.618659561356281862e-01 3.281567138792427785e-01
1.535846083694908382e-01 -2.617828000403680799e-01 3.249272293512825982e-01
1.521513658380634626e-01 -2.616740728139777539e-01 3.217164611373962702e-01
1.507382917509307307e-01 -2.615399741541259426e-01 3.185260594532487999e-01
1.493455866287177469e-01 -2.613807659074440792e-01 3.153576259325538422e-01
1.494638403726376852e-01 -2.614319188379483072e-01 3.156111827902097211e-01
1.495563418935938194e-01 -2.615018465606146481e-01 3.157343106747768635e-01
1.497704725502999323e-01 -2.617629805873034621e-01 3.161746923008181276e-01
1.501163767286148032e-01 -2.622427123803131588e-01 3.169654009333929823e-01
1.505603741657201289e-01 -2.628837430609898829e-01 3.180157106529523103e-01
1.510040449327922918e-01 -2.635113575929085017e-01 3.190522913489939327e-01
1.514567650092772111e-01 -2.641447307210005313e-01 3.201015163142724163e-01
1.519176417397463397e-01 -2.647818065146048672e-01 3.211609267831869730e-01
1.523867431754842572e-01 -2.654227838387052119e-01 3.222308555066210056e-01
1.528640716718265291e-01 -2.660676307698512377e-01 3.233113713764252939e-01
1.533496487616331783e-01 -2.667163336275281127e-01 3.244025570536947511e-01
1.538435081041536756e-01 -2.673688739501070555e-01 3.255044870002266055e-01
1.543465904939546052e-01 -2.679905723073492951e-01 3.266122619632340629e-01
1.548652194249079406e-01 -2.683403514874930784e-01 3.276929063470219727e-01
1.553932949905541538e-01 -2.685272893800178529e-01 3.287660618386941680e-01
1.559404482565034944e-01 -2.683490181324448276e-01 3.298042764749619105e-01
1.564886796464803609e-01 -2.681916343399994851e-01 3.308616539483547059e-01
1.570487198862610123e-01 -2.679388201884441156e-01 3.319183636137418847e-01
1.576148848878793363e-01 -2.676758981335181642e-01 3.329872242389944059e-01
1.581880868196422485e-01 -2.674149122775215659e-01 3.340686223289837109e-01
1.587687335238935904e-01 -2.671497362716615531e-01 3.351618937243661112e-01
1.593601526731084905e-01 -2.668102018381758866e-01 3.362591346342582721e-01
1.599661331043323587e-01 -2.663106253114327915e-01 3.373519461195948477e-01
1.605800242086571350e-01 -2.657636521606086544e-01 3.384543408709534962e-01
1.611982496505776630e-01 -2.652697975287727217e-01 3.395759097179914532e-01
1.618408287646739274e-01 -2.645196245902004528e-01 3.406832171722835589e-01
1.624906691126749014e-01 -2.637228251711910554e-01 3.418022031666478333e-01
1.631580319721019634e-01 -2.627971262682962661e-01 3.429223102117267552e-01
1.638509634370979018e-01 -2.616353275162026093e-01 3.440350488636415016e-01
1.645500792786012689e-01 -2.604763865446457216e-01 3.451642373790426710e-01
1.652652889501752820e-01 -2.592609940872290797e-01 3.463019119289799663e-01
1.661577221696514395e-01 -2.565676676381885013e-01 3.473333985755522324e-01
1.670967363978002052e-01 -2.534843925808963339e-01 3.483645415537114931e-01
1.680608643811644931e-01 -2.503964766852652124e-01 3.494086441695331002e-01
1.690450007254208076e-01 -2.472445082854758391e-01 3.504116965242525805e-01
1.700631592757599064e-01 -2.440522296298451854e-01 3.514151070497518736e-01
1.710550298466528840e-01 -2.407596270351036183e-01 3.522687516011500097e-01
1.720850934993813086e-01 -2.374356639525821155e-01 3.531317326517703914e-01
1.731514305287151223e-01 -2.340758887222204043e-01 3.539970016330297731e-01
1.742537555556052942e-01 -2.306811104372754051e-01 3.548652010873156182e-01
1.754510313506548735e-01 -2.272982063228844996e-01 3.558807734026426250e-01
1.765608648060536245e-01 -2.246207513783676779e-01 3.570292231652559822e-01
1.775455403954642741e-01 -2.227540120407021651e-01 3.582438132265551856e-01
1.784409289349061234e-01 -2.215573312340902712e-01 3.595279250952747585e-01
1.793515481895412156e-01 -2.203903597684157556e-01 3.608248033062703697e-01
1.802608383248195112e-01 -2.192832544060427102e-01 3.621427614914528581e-01
1.811824075284036994e-01 -2.181632637840624223e-01 3.634745536723616999e-01
1.821159195577253531e-01 -2.170262897253141532e-01 3.648206041596890881e-01
1.831046915095491112e-01 -2.156283349871126187e-01 3.661599721662873175e-01
1.841018742765534177e-01 -2.142174186834682192e-01 3.675161464462453065e-01
1.851098892545071373e-01 -2.128072713648245518e-01 3.688880876039508094e-01
1.861311444162664364e-01 -2.113855053216013025e-01 3.702749041473883951e-01
1.871664723297173649e-01 -2.099476062220156924e-01 3.716763736800215989e-01
1.882160282655992167e-01 -2.084936933229194489e-01 3.730925696440607897e-01
1.892801200172518350e-01 -2.070234500105624653e-01 3.745234893440189117e-01
1.903590286057516012e-01 -2.055366154356757236e-01 3.759691185442642913e-01
1.914530430424334628e-01 -2.040329303205506151e-01 3.774294356007982243e-01
1.925624465001876395e-01 -2.025121482337726708e-01 3.789043960243259068e-01
1.936875287015218938e-01 -2.009740296456914987e-01 3.803939488979386496e-01
1.948285761808278005e-01 -1.994183482189610390e-01 3.818980179812534459e-01
1.959382392856276189e-01 -1.980888571513559904e-01 3.834338114807194775e-01
1.970546498295450422e-01 -1.968092645594208823e-01 3.849874330423246338e-01
1.981894091599712138e-01 -1.955028116369720848e-01 3.865544489375623005e-01
1.993393724082513363e-01 -1.941822392626532112e-01 3.881360628820829106e-01
2.005053669084407297e-01 -1.928461219390707471e-01 3.897319529162091567e-01
2.016875652889782433e-01 -1.914944130459272920e-01 3.913419729228760913e-01
2.028863890560033134e-01 -1.901269581859167668e-01 3.929659872037024604e-01
2.041021445139967194e-01 -1.887436195735553435e-01 3.946038089105325386e-01
2.053351621458540388e-01 -1.873442713365248424e-01 3.962552492490420408e-01
2.066507379934076349e-01 -1.856077077275877507e-01 3.978998823824559938e-01
2.079742036266354899e-01 -1.838827114228944459e-01 3.995606325772714795e-01
2.093188437868745422e-01 -1.821355082764623823e-01 4.012333331936819847e-01
2.106833373960002864e-01 -1.803693523842105906e-01 4.029181475512547128e-01
2.120682302391161678e-01 -1.785838879746419194e-01 4.046146823824938732e-01
2.134834974619743697e-01 -1.767336388095943622e-01 4.063198526973174074e-01
2.149160362724980289e-01 -1.748794265074177512e-01 4.080370297814738811e-01
2.163904433485445422e-01 -1.729128886947968735e-01 4.097590443536185956e-01
2.179202949371291387e-01 -1.707692993105196511e-01 4.114819973964859434e-01
2.195500779877140318e-01 -1.682581574686500270e-01 4.131949147461744243e-01
2.213066924242056421e-01 -1.643692883966330343e-01 4.144506677907448533e-01
2.211421979615711964e-01 -1.647216776898247914e-01 4.143473944610512882e-01
2.211676628187355942e-01 -1.646901602756299099e-01 4.143504655350752075e-01
2.211727578753772960e-01 -1.646828022534910785e-01 4.143357085960879260e-01
2.211778910757782601e-01 -1.646756917516681018e-01 4.143216379106540170e-01
2.211828156029430337e-01 -1.646690995376658695e-01 4.143079435187587145e-01
2.211875569673733277e-01 -1.646629775611664348e-01 4.142946014650324971e-01
2.211921290565719844e-01 -1.646572852922681129e-01 4.142815835466639451e-01
2.211965502538889849e-01 -1.646519864827703239e-01 4.142688659254101236e-01
2.212008308390862876e-01 -1.646470477533082399e-01 4.142564244629773906e-01
2.212049866312987556e-01 -1.646424389490872831e-01 4.142442391369916543e-01
2.212090252148823932e-01 -1.646381324325000284e-01 4.142322892447335980e-01
2.212129570549594137e-01 -1.646341029748742968e-01 4.142205571624061888e-01
2.194246861991195341e-01 -1.646056031729337121e-01 4.109382886580522087e-01
2.177444796426421803e-01 -1.645474374154188568e-01 4.078785256917838442e-01
2.160669448108361590e-01 -1.644858575204614648e-01 4.047644214030895471e-01
2.144018581592298245e-01 -1.644156861052564755e-01 4.016250187515053027e-01
2.127487163017534044e-01 -1.643365182570775684e-01 3.984584987240500364e-01
2.111079272641050997e-01 -1.642473083054982463e-01 3.952662216872757650e-01
2.094797035936846186e-01 -1.641470471956484878e-01 3.920493179651063365e-01
2.096198728930160904e-01 -1.641633895129479825e-01 3.923464750401604029e-01
2.096103340705064155e-01 -1.641599943656480431e-01 3.923201723862649315e-01
2.096216535702283001e-01 -1.641490862481878865e-01 3.923221568598583842e-01
2.096320243620449775e-01 -1.641389396143044521e-01 3.923227734394623134e-01
2.096644640804871118e-01 -1.638975063943032828e-01 3.923000458202953733e-01
2.108662728862002733e-01 -1.632678836712692927e-01 3.941709615729104277e-01
2.120073413190984857e-01 -1.624660373608334818e-01 3.958506734447664877e-01
2.132600819620442956e-01 -1.612601299875187078e-01 3.975233481760175325e-01
2.145172755380614915e-01 -1.600781836598009489e-01 3.992124548193066724e-01
2.157102631685560989e-01 -1.592700692816269026e-01 4.009525275008993805e-01
2.168657016199338761e-01 -1.587386489559863556e-01 4.027335216307888488e-01
2.179876949298627797e-01 -1.584681795546758754e-01 4.045549610090469761e-01
2.191342862490573695e-01 -1.581680638802356598e-01 4.063848203449946794e-01
2.202981305719555194e-01 -1.578658894638549359e-01 4.082272846654141918e-01
2.202048753739936082e-01 -1.578941066521591940e-01 4.080543208472556804e-01
2.197712852966765829e-01 -1.578360276579502397e-01 4.071145436289870800e-01
2.180152142797133485e-01 -1.577439164386312265e-01 4.037691731370569026e-01
2.163786459837596932e-01 -1.576271705804130063e-01 4.006426936086170953e-01
2.147449865538471059e-01 -1.575044842130544076e-01 3.974637073777149143e-01
2.131245570683442114e-01 -1.573714806175674774e-01 3.942609040230894424e-01
2.115167028249897718e-01 -1.572276233231179321e-01 3.910326840993440523e-01
2.099217174383114504e-01 -1.570718482490885970e-01 3.877805662274558807e-01
2.083397671663646811e-01 -1.569031210985922797e-01 3.845058650826978508e-01
2.067709931904164744e-01 -1.567203779530834673e-01 3.812100175909440836e-01
2.052155035107402492e-01 -1.565225363302053807e-01 3.778945507676388371e-01
2.036733755730888995e-01 -1.563084991900397236e-01 3.745610836796215426e-01
2.021446579776954300e-01 -1.560771601387633545e-01 3.712113254156190756e-01
2.006293724087652719e-01 -1.558274089498006554e-01 3.678470726798059309e-01
1.991275156746150909e-01 -1.555581374472350953e-01 3.644702066156836895e-01
1.980242577654067471e-01 -1.555924362861267896e-01 3.620905227436581608e-01
1.971295599041090751e-01 -1.562071594684664444e-01 3.604773486884728650e-01
1.961880283930811653e-01 -1.568763808867603970e-01 3.587809010317692948e-01
1.968532413648743651e-01 -1.580114808072216603e-01 3.607733439632902495e-01
1.973634522378129585e-01 -1.591074837702719791e-01 3.624217824510104213e-01
1.978869616788903052e-01 -1.603070146982713828e-01 3.641346589076775442e-01
1.984185920145196125e-01 -1.615369324750763058e-01 3.658598397918143008e-01
1.989619834165172463e-01 -1.627904171718837778e-01 3.676003049698720604e-01
1.995172564287960304e-01 -1.640682985693864837e-01 3.693555935272394564e-01
2.000849224139779614e-01 -1.653706220892174061e-01 3.711254700201470080e-01
2.006686921632347409e-01 -1.666783942190184498e-01 3.729064916888099046e-01
2.012661905810528284e-01 -1.680079259621998500e-01 3.747013440132541673e-01
2.018719155461906889e-01 -1.693966255238859298e-01 3.765155376564501832e-01
2.024473364904057771e-01 -1.711040796735767699e-01 3.783895237585047644e-01
2.030571490315720706e-01 -1.727210363459878995e-01 3.802542611587746979e-01
2.028553060573662081e-01 -1.725977110618001631e-01 3.800499928192463406e-01
2.011513765116995367e-01 -1.724886432855177731e-01 3.764474509446661399e-01
1.995863458366825827e-01 -1.723503897915481253e-01 3.731599386565054299e-01
1.980225075692385595e-01 -1.721955871272725647e-01 3.698276775996433008e-01
1.964723548588582225e-01 -1.720213243327019803e-01 3.664871215275111727e-01
1.949349828935288687e-01 -1.718266616922476675e-01 3.631369563754308083e-01
1.934107476477511245e-01 -1.716105133054312282e-01 3.597795242359732026e-01
1.918998158153193967e-01 -1.713718290092886842e-01 3.564168931466892287e-01
1.904023481544153684e-01 -1.711095955478122155e-01 3.530512281917040363e-01
1.889184834454568085e-01 -1.708228431139636738e-01 3.496847474412255741e-01
1.874483428556905362e-01 -1.705106512568915766e-01 3.463197174173888726e-01
1.859920324465940689e-01 -1.701721547295582393e-01 3.429584441662192340e-01
1.845643457986840263e-01 -1.698499049429494645e-01 3.396709407416610427e-01
1.832274488268806623e-01 -1.697289048082915031e-01 3.367411988533824951e-01
1.833403353882654130e-01 -1.697767687138553860e-01 3.369917984848811443e-01
1.837021667220943011e-01 -1.697256344488054236e-01 3.376347173254812262e-01
1.842674786608473336e-01 -1.700618680571018837e-01 3.389843427509249274e-01
1.847684414573359246e-01 -1.706138254709288204e-01 3.403295125657674891e-01
1.854303618331917536e-01 -1.704667000676912680e-01 3.415557217577204208e-01
1.860821519261533497e-01 -1.703808020932406353e-01 3.428164349138655420e-01
1.867444892753247487e-01 -1.702851890287639391e-01 3.440888355647155894e-01
1.874154136547519778e-01 -1.701866793684412016e-01 3.453758613230658581e-01
1.880952382349589946e-01 -1.700845808518788305e-01 3.466772702932300887e-01
1.887840713553590732e-01 -1.699789355712142680e-01 3.479931829695037671e-01
1.894820474462476367e-01 -1.698697071697131133e-01 3.493236698060527834e-01
1.901893099321111946e-01 -1.697568645845127788e-01 3.506688094226859675e-01
1.909059999011007702e-01 -1.696403738253931537e-01 3.520286634630709344e-01
1.916085990900948111e-01 -1.696309836456264264e-01 3.534218096933194331e-01
1.923025418090186511e-01 -1.697098332339301019e-01 3.548437120621854013e-01
1.929936342915839487e-01 -1.698509196419636103e-01 3.562900926952430880e-01
1.936669334042225854e-01 -1.701297946757263646e-01 3.577734147612700588e-01
1.943587231426451845e-01 -1.703718970289887780e-01 3.592640126083113672e-01
1.950484808474373111e-01 -1.706755340853652325e-01 3.607795917091390359e-01
1.957504376360155174e-01 -1.709739600959126749e-01 3.623082208975654805e-01
1.964641071204904499e-01 -1.712685820909268519e-01 3.638508779162141771e-01
1.971850429722469544e-01 -1.715835161693212707e-01 3.654111673107836578e-01
1.979020255947270823e-01 -1.719801165100113549e-01 3.669979837853014626e-01
1.986307881576185597e-01 -1.723803412801362400e-01 3.685987847061579781e-01
1.994181237813816010e-01 -1.725369363358385533e-01 3.701787105988518789e-01
1.993574717268559726e-01 -1.725186570207955794e-01 3.700326180851674085e-01
1.993627402231179790e-01 -1.725225141680092056e-01 3.700406361993430204e-01
1.993624523868665899e-01 -1.725164417188676802e-01 3.700302666097687876e-01
1.993621831522315035e-01 -1.725109949484789351e-01 3.700210259976113303e-01
1.993619226981332149e-01 -1.725059638387156924e-01 3.700125315770769752e-01
1.993616701680271941e-01 -1.725013193668364642e-01 3.700047302233854807e-01
1.993614253137580283e-01 -1.724970313634535402e-01 3.699975680885863039e-01
1.993611878359958789e-01 -1.724930720938471773e-01 3.699909955792616834e-01
1.993609574140508267e-01 -1.724894159976069763e-01 3.699849669476982239e-01
1.993607337139127744e-01 -1.724860395189017903e-01 3.699794399975424586e-01
1.993605163949468406e-01 -1.724829209488143722e-01 3.699743758102145286e-01
1.993603051151707217e-01 -1.724800402797138643e-01 3.699697384913658293e-01
1.993600995353984329e-01 -1.724773790706665699e-01 3.699654949359270084e-01
1.993598993223863747e-01 -1.724749203247323559e-01 3.699616146130722538e-01
1.993597041512757961e-01 -1.724726483746281680e-01 3.699580693655823427e-01
1.993595137073981560e-01 -1.724705487780441582e-01 3.699548332255814809e-01
1.993593276875842979e-01 -1.724686082210157012e-01 3.699518822441508203e-01
1.993591458010525452e-01 -1.724668144292541561e-01 3.699491943345560307e-01
1.993589677700437213e-01 -1.724651560857184407e-01 3.699467491264895602e-01
1.993587933300713100e-01 -1.724636227559573631e-01 3.699445278334071441e-01
1.993586222300986199e-01 -1.724622048181067846e-01 3.699425131283753942e-01
1.993584542324563502e-01 -1.724608933992674842e-01 3.699406890307531670e-01
1.993582891126498835e-01 -1.724596803167049719e-01 3.699390408013681908e-01
1.993581266591507306e-01 -1.724585580232287085e-01 3.699375548452754070e-01
1.993579666729770328e-01 -1.724575195576904807e-01 3.699362186230990002e-01
1.993578089672937148e-01 -1.724565584989352918e-01 3.699350205686927628e-01
1.993576533670007034e-01 -1.724556689233013029e-01 3.699339500131439418e-01
1.993574997081855038e-01 -1.724548453659250913e-01 3.699329971151875673e-01
1.993573478376949037e-01 -1.724540827845665869e-01 3.699321527964896106e-01
1.993571976125683154e-01 -1.724533765267642071e-01 3.699314086824511683e-01
1.993570488995775880e-01 -1.724527222992198183e-01 3.699307570473050477e-01
1.993569015746754769e-01 -1.724521161398818725e-01 3.699301907637248532e-01
1.993567555225408405e-01 -1.724515543919935001e-01 3.699297032562089416e-01
1.993566106360218360e-01 -1.724510336804384869e-01 3.699292884582282559e-01
1.993564668157086495e-01 -1.724505508896978512e-01 3.699289407725971368e-01
1.993563239695525513e-01 -1.724501031435442533e-01 3.699286550350406877e-01
1.993561820122952133e-01 -1.724496877866480149e-01 3.699284264805837719e-01
1.993560408650288940e-01 -1.724493023674084358e-01 3.699282507124738717e-01
1.993559004548477454e-01 -1.724489446220596189e-01 3.699281236736052803e-01
1.993557607145287347e-01 -1.724486124600587422e-01 3.699280416202601618e-01
1.993556215820236899e-01 -1.724483039507908322e-01 3.699280010976516708e-01
1.993554830002121636e-01 -1.724480173111084258e-01 3.699279989176409988e-01
1.993553449165113012e-01 -1.724477508939733228e-01 3.699280321379850855e-01
1.993552072826027255e-01 -1.724475031779202361e-01 3.699280980433604649e-01
1.993550700540676068e-01 -1.724472727573948261e-01 3.699281941276471586e-01
1.993549331901742494e-01 -1.724470583337903151e-01 3.699283180778564772e-01
1.993547966536302618e-01 -1.724468587072164882e-01 3.699284677592434289e-01
1.993546604101645303e-01 -1.724466727689215328e-01 3.699286412010794334e-01
1.993545244285581108e-01 -1.724464994942595530e-01 3.699288365846122306e-01
1.993543886802792431e-01 -1.724463379362498050e-01 3.699290522309822693e-01
