4.314094557798375251e-01 -4.489080949752533890e-12 3.396152352421258347e-01
4.314094557798375251e-01 -4.489080949752533890e-12 3.396152352421258347e-01
4.314008999490514529e-01 -2.243835845701875134e-06 3.395946800222144901e-01
4.314103247194858715e-01 -4.470491937302665720e-06 3.395902420579883230e-01
4.314146711977404069e-01 -6.646460008843979819e-06 3.395809210456454119e-01
4.314157761141708125e-01 -8.726025767560217377e-06 3.395687942781277502e-01
4.314145367119217589e-01 -1.071147735242366117e-05 3.395548597599926111e-01
4.314116587112052925e-01 -1.260105300094566328e-05 3.395398961846973762e-01
4.314076777486245962e-01 -1.439245739719335326e-05 3.395244783057125293e-01
4.314029958527124120e-01 -1.608361544025327952e-05 3.395090229533120896e-01
4.313979185163412944e-01 -1.767115892508109692e-05 3.394938436046295305e-01
4.313926604390171393e-01 -1.915501967312936235e-05 3.394791361592288670e-01
4.313873777362325357e-01 -2.053562639079111328e-05 3.394650334217864107e-01
4.313821888306960672e-01 -2.181184845597052550e-05 3.394516376897054877e-01
4.313771654958023505e-01 -2.298615099617271504e-05 3.394389853223866438e-01
4.313723554540949134e-01 -2.406150568264033235e-05 3.394270897101243634e-01
4.313677945655657875e-01 -2.503930450799414612e-05 3.394159623627064359e-01
4.313634941643781362e-01 -2.592411141904724128e-05 3.394055760766827579e-01
4.313594645243975512e-01 -2.671850135455994268e-05 3.393959159487736077e-01
4.313557003643062049e-01 -2.742751086707138043e-05 3.393869411275108883e-01
4.313521951331842907e-01 -2.805551967110667537e-05 3.393786158782147178e-01
4.313489379277135050e-01 -2.860722773712407298e-05 3.393709002199330471e-01
4.313459186462879069e-01 -2.908639190815570728e-05 3.393637605578109229e-01
4.313431246431444488e-01 -2.949709238752967305e-05 3.393571604813475640e-01
4.313405414621004907e-01 -2.984379586359228563e-05 3.393510615201468794e-01
4.313381572779387829e-01 -3.012999118436445259e-05 3.393454331209945218e-01
4.313359551522282231e-01 -3.036080787863770983e-05 3.393402336348741999e-01
4.313339215224433754e-01 -3.054046367316541019e-05 3.393354301646628324e-01
4.313320461192558519e-01 -3.067184302049780865e-05 3.393309982699361793e-01
4.313303181526145780e-01 -3.075792326700566465e-05 3.393269126160268212e-01
4.313287226085044668e-01 -3.080351920546162706e-05 3.393231378752026295e-01
4.313272523098460320e-01 -3.081064680638064983e-05 3.393196575063007203e-01
4.313258957467623333e-01 -3.078287268588745970e-05 3.393164447275364148e-01
4.313246453929249213e-01 -3.072240152495385142e-05 3.393134821931038658e-01
4.313234935354206545e-01 -3.063143498582756864e-05 3.393107521255989134e-01
4.313224285400570901e-01 -3.051420094418555616e-05 3.393082272592099491e-01
4.313214466991545093e-01 -3.037157183322811919e-05 3.393058991878882824e-01
4.313205401558366514e-01 -3.020610002300060237e-05 3.393037496305914003e-01
4.313197050704610791e-01 -3.001862046156779799e-05 3.393017697838279778e-01
4.313189336367825311e-01 -2.981198966338894870e-05 3.392999413359388816e-01
4.313182220507604803e-01 -2.958727413830822812e-05 3.392982554301630094e-01
4.313175663906224089e-01 -2.934540675732588843e-05 3.392967029496103404e-01
4.313169589915287760e-01 -2.908982900949752621e-05 3.392952657415888029e-01
4.313163998869908866e-01 -2.881949910688443950e-05 3.392939439990818040e-01
4.313158813975421779e-01 -2.853806183747880563e-05 3.392927195287037678e-01
4.313154035710202172e-01 -2.824452841475213254e-05 3.392915924809074002e-01
4.313149625146172617e-01 -2.794015671190537822e-05 3.392905536820511880e-01
4.313145545199374986e-01 -2.762661632974501815e-05 3.392895942934715525e-01
4.313141794785300132e-01 -2.730264428171071245e-05 3.392887140934139900e-01
4.313138301207859460e-01 -2.697314972992091329e-05 3.392878957389726668e-01
4.313135099523691118e-01 -2.663394927454226021e-05 3.392871475658408853e-01
4.313132117750624328e-01 -2.629019610301147500e-05 3.392864524505722623e-01
4.313129356501250178e-01 -2.594121964015243121e-05 3.392858104443080558e-01
4.313126813281841221e-01 -2.558561390167716706e-05 3.392852209935599550e-01
4.313124453443253348e-01 -2.522587863509524617e-05 3.392846758245443017e-01
4.313122275660516980e-01 -2.486103483558596883e-05 3.392841745759101468e-01
4.313120276694195621e-01 -2.448964643630285537e-05 3.392837164926757465e-01
4.313118423800167411e-01 -2.411473779359412574e-05 3.392832937410080185e-01
4.313116715084942543e-01 -2.373547559565485101e-05 3.392829058113979723e-01
4.313115120175945449e-01 -2.335546807766182112e-05 3.392825454342157654e-01
4.313113637776797016e-01 -2.297417162445930761e-05 3.392822122413097219e-01
4.313112264987854494e-01 -2.259058454793919619e-05 3.392819055432849118e-01
4.313110998407410634e-01 -2.220365101694039958e-05 3.392816245259498986e-01
4.313109834129769116e-01 -2.181231844315054192e-05 3.392813682525576136e-01
4.313108746641426960e-01 -2.142110778405528505e-05 3.392811306094531409e-01
4.313107754252241133e-01 -2.102417757464797977e-05 3.392809159229359661e-01
4.313106832131350932e-01 -2.062581976267143058e-05 3.392807182956903422e-01
4.313105977899788224e-01 -2.022588333906023716e-05 3.392805371013813964e-01
4.313105171320232301e-01 -1.982971563775003744e-05 3.392803674935583880e-01
4.313104427356000969e-01 -1.943150763453879910e-05 3.392802130036955965e-01
4.313103741832137739e-01 -1.903015017321204699e-05 3.392800726525011523e-01
4.313103097324192947e-01 -1.863120730340185989e-05 3.392799422555435318e-01
4.313102505574727963e-01 -1.822879296461693831e-05 3.392798245760197395e-01
4.313101950275228802e-01 -1.782814556480789085e-05 3.392797157502850935e-01
4.313101441416159476e-01 -1.742330594242356165e-05 3.392796181223894370e-01
4.313100964509731239e-01 -1.701965601304442123e-05 3.392795282615014285e-01
4.313100528040590964e-01 -1.661123102157716070e-05 3.392794481536200446e-01
4.313100119244060449e-01 -1.620353485267708824e-05 3.392793747768434454e-01
4.313099736836326636e-01 -1.579700475468091687e-05 3.392793077881089969e-01
4.313099379133820688e-01 -1.539155907023835181e-05 3.392792467801173384e-01
4.313099044533130755e-01 -1.498707509085636820e-05 3.392791913652241087e-01
4.313098738348968286e-01 -1.457697658091280728e-05 3.392791428018463451e-01
4.313098451476438666e-01 -1.416690952446199557e-05 3.392790989426061055e-01
4.313098182917001755e-01 -1.375739761179237868e-05 3.392790595191897962e-01
4.313097931393077844e-01 -1.334843201137108020e-05 3.392790242217642582e-01
4.313097695704321555e-01 -1.293995431154255738e-05 3.392789927597374966e-01
4.313097474726733105e-01 -1.253190812886902200e-05 3.392789648610672892e-01
4.313097267409995994e-01 -1.212424375161835766e-05 3.392789402715223335e-01
4.313097072773724450e-01 -1.171691780182280705e-05 3.392789187537744167e-01
4.313096889903623721e-01 -1.130989246006761196e-05 3.392789000864775417e-01
4.313096717947721981e-01 -1.090313473840800420e-05 3.392788840633556569e-01
4.313096556112642754e-01 -1.049661584055996531e-05 3.392788704923118126e-01
4.313096403660068301e-01 -1.009031060510899028e-05 3.392788591945652410e-01
4.313096262697106997e-01 -9.677632782561086493e-06 3.392788506596082221e-01
4.313096129386119193e-01 -9.264410205008295247e-06 3.392788439980303217e-01
4.313096003342863360e-01 -8.851247398933371276e-06 3.392788390987506730e-01
4.313095884024213400e-01 -8.438197706933726655e-06 3.392788358292853634e-01
4.313095768843412392e-01 -8.031831986797577765e-06 3.392788335823300194e-01
4.313095661668295833e-01 -7.619703198662784678e-06 3.392788332387285388e-01
4.313095559638472354e-01 -7.207040385380184863e-06 3.392788341584253575e-01
4.313095462519042633e-01 -6.794389810395410862e-06 3.392788362693869297e-01
4.313095368387701023e-01 -6.388388432460440409e-06 3.392788391233284018e-01
4.313095280175021085e-01 -5.976583864873410824e-06 3.392788433773524792e-01
4.313095195694004458e-01 -5.564215970853934714e-06 3.392788485512027163e-01
4.313095114798489171e-01 -5.151834969872249609e-06 3.392788545954323332e-01
4.313095036048918973e-01 -4.746086551188564138e-06 3.392788611777954877e-01
4.313094961690618900e-01 -4.334509707287925473e-06 3.392788687919103263e-01
4.313094890029338657e-01 -3.922351111512433043e-06 3.392788770744516458e-01
4.313094820984160194e-01 -3.510163273068065815e-06 3.392788859925784384e-01
4.313094753468641462e-01 -3.104597922619932164e-06 3.392788952989124196e-01
4.313094689227591760e-01 -2.693187157179669030e-06 3.392789053676869560e-01
4.313094626927052588e-01 -2.281182446008407995e-06 3.392789159210666261e-01
4.313094566533947627e-01 -1.869137693686918378e-06 3.392789269383851281e-01
4.313094507219968343e-01 -1.463709021672262169e-06 3.392789382342902837e-01
4.313094450364320376e-01 -1.052422903172599949e-06 3.392789500958374171e-01
4.313094394896359041e-01 -6.405343560578942300e-07 3.392789623076619687e-01
4.313094340818027783e-01 -2.285981688805418028e-07 3.392789748580054554e-01
4.313094287489667722e-01 1.767262091533498433e-07 3.392789876068338928e-01
4.313094236023405914e-01 5.879169512627495049e-07 3.392790007775433048e-01
4.313094185540992109e-01 9.997163069189335523e-07 3.392790142004027953e-01
4.313094136069985929e-01 1.411568899655501126e-06 3.392790278701688922e-01
4.313094087108576002e-01 1.816812675879244383e-06 3.392790416799091879e-01
4.313094039573758254e-01 2.227929679274664058e-06 3.392790558065332807e-01
4.313093992727843329e-01 2.639659987644511307e-06 3.392790701136407794e-01
4.313093946617110874e-01 3.051447817334565990e-06 3.392790846007500694e-01
4.313093900840486716e-01 3.456629024564156881e-06 3.392790991851026838e-01
4.313093856172374729e-01 3.867688895433770967e-06 3.392791140096635960e-01
4.313093811977776193e-01 4.279365743477544457e-06 3.392791289623737216e-01
4.313093768010226037e-01 4.684497764821564931e-06 3.392791439872129278e-01
4.313093724969659370e-01 5.095518647997105320e-06 3.392791592086161212e-01
4.313093682280261798e-01 5.507159654397305831e-06 3.392791745284540195e-01
4.313093640009841856e-01 5.918863887451439935e-06 3.392791899517039189e-01
4.313093597872851848e-01 6.323964261538428128e-06 3.392792054233026988e-01
4.313093556480041002e-01 6.734950682003994957e-06 3.392792210473111192e-01
4.313093515314146420e-01 7.146559006592342057e-06 3.392792367395522368e-01
4.313093474450804821e-01 7.558232792394141643e-06 3.392792525070029708e-01
4.313093433647045005e-01 7.963303814218528699e-06 3.392792683047931024e-01
4.313093393453290569e-01 8.374263975888387524e-06 3.392792842226733385e-01
4.313093353395659468e-01 8.785848089243648257e-06 3.392793001867305813e-01
4.313093313348120295e-01 9.190890648987739859e-06 3.392793161700191629e-01
4.313093273833492614e-01 9.601831146977497436e-06 3.392793322549432222e-01
4.313093234403377885e-01 1.001339778394157774e-05 3.392793483735171978e-01
4.313093195142564951e-01 1.042503324076843042e-05 3.392793645350254406e-01
4.313093155857011252e-01 1.083006747840002386e-05 3.392793807062773892e-01
4.313093117027756440e-01 1.124099530093248918e-05 3.392793969606212601e-01
4.313093078230705313e-01 1.165255000135931417e-05 3.392794132358965542e-01
4.313093039377146609e-01 1.205756448717427365e-05 3.392794295141231542e-01
4.313093000934955512e-01 1.246848080222322342e-05 3.392794458647445666e-01
4.313092962495151395e-01 1.288002581158544213e-05 3.392794622290647988e-01
4.313092924147758356e-01 1.329164203033234284e-05 3.392794786176966948e-01
4.313092885727142223e-01 1.369665813897092428e-05 3.392794950041929658e-01
4.313092847673981045e-01 1.410757109451441899e-05 3.392795114524277955e-01
4.313092809593044308e-01 1.451911306615913822e-05 3.392795279070277004e-01
4.313092771417357807e-01 1.492411579803149935e-05 3.392795443551905876e-01
4.313092733582756799e-01 1.533502322266278749e-05 3.392795608588730083e-01
4.313092695703132362e-01 1.574656121675767188e-05 3.392795773647430679e-01
4.313092657871564484e-01 1.615817217676903436e-05 3.392795938841803305e-01
4.313092619938986849e-01 1.656318384093304397e-05 3.392796103946355557e-01
4.313092582322445856e-01 1.697409475854609281e-05 3.392796269545041432e-01
4.313092544643516435e-01 1.738563626680731481e-05 3.392796435123353604e-01
4.313092506847954200e-01 1.779063925437295777e-05 3.392796600583197209e-01
4.313092469352768910e-01 1.820154904958739159e-05 3.392796766500824623e-01
4.313092431785198189e-01 1.861309079645638538e-05 3.392796932373929319e-01
4.313092394240104488e-01 1.902470680728237957e-05 3.392797098320729510e-01
4.313092356578148157e-01 1.942972412636873391e-05 3.392797264138273095e-01
4.313092319202405100e-01 1.984064247772128928e-05 3.392797430378806656e-01
4.313092281744297929e-01 2.025219258178015199e-05 3.392797596550485850e-01
4.313532115556999447e-01 2.380774254027984071e-05 3.405559065573477984e-01
4.316218473528417032e-01 3.231597297923439750e-05 3.447955527687407429e-01
4.318622111567252397e-01 3.309069181349456949e-05 3.490368472292795787e-01
4.320965732462647146e-01 3.372282268864930773e-05 3.532835205680873725e-01
4.323227828149847629e-01 3.431162704148198758e-05 3.575350403945454780e-01
4.325408403421411307e-01 3.488490473996083338e-05 3.617911787210074670e-01
4.327505768358042015e-01 3.544214576073739369e-05 3.660516777027945090e-01
4.329518542477412413e-01 3.598353088137415731e-05 3.703162723259501021e-01
4.331445501037028412e-01 3.650921366170369178e-05 3.745846935294352975e-01
4.333285543950421981e-01 3.701939824342854242e-05 3.788566645797316057e-01
4.333226298297789825e-01 3.014124981329495350e-05 3.795484194554429314e-01
4.333256433990986811e-01 2.944063555451777243e-05 3.794865399557298402e-01
4.333227225408938232e-01 2.993882081699171771e-05 3.794784079143916355e-01
4.333199440344473463e-01 3.043189881153607698e-05 3.794699280050462531e-01
4.333173830752077293e-01 3.091391491404654220e-05 3.794621201608172067e-01
4.341357241585159787e-01 1.247675579398075718e-05 3.794873571356439657e-01
4.383458740747296356e-01 -1.868224883838636591e-04 3.798173095037802316e-01
4.422666366522020609e-01 -3.926449294268354517e-04 3.800796782821931341e-01
4.462208020424021648e-01 -5.369171807496868473e-04 3.802985353936030322e-01
4.501771409941559554e-01 -6.250928317042043656e-04 3.804721844290737676e-01
4.541356543865597839e-01 -6.566541779420903210e-04 3.806005447427989186e-01
4.580925432058290392e-01 -5.938471234458787308e-04 3.807509550662676601e-01
4.620482765724662211e-01 -4.750760723495505615e-04 3.808446010545858962e-01
4.660011260023944057e-01 -3.486707988109442381e-04 3.809325403149453337e-01
4.699509973487084324e-01 -1.926684772273963597e-04 3.810125681700819444e-01
4.738970485889444917e-01 -5.179011048803919964e-05 3.810848026922009635e-01
4.778390051613033984e-01 8.697338920959189214e-05 3.811495954699434807e-01
4.817763257423543499e-01 2.253249918372757482e-04 3.812070165183997217e-01
4.857085309727600664e-01 3.635703414623713621e-04 3.812572025654759056e-01
4.896355348051474321e-01 5.615636878796171488e-04 3.813005307277477773e-01
4.935608956577069439e-01 1.118764468598972299e-03 3.813383569439514065e-01
4.975096798404801124e-01 1.961283580271384192e-03 3.814797177571193076e-01
5.015207023378499551e-01 3.054650273546964060e-03 3.818409953841456761e-01
5.055323226549250926e-01 4.287851652553699086e-03 3.821888409179794444e-01
5.096151078941125734e-01 5.728641066198125568e-03 3.827325243144616418e-01
5.136611371429441464e-01 7.591188044649240484e-03 3.839487754447411527e-01
5.175299141924450952e-01 1.002234832185769885e-02 3.861010783056633699e-01
5.213942356260640176e-01 1.264572173022739110e-02 3.894899308673734906e-01
5.252324436307663769e-01 1.533434199364525422e-02 3.930821191130794423e-01
5.290377472836477191e-01 1.793263384093507495e-02 3.969042835248539070e-01
5.327962185220024294e-01 2.021496591668283521e-02 4.006938362794161823e-01
5.365168938127463649e-01 2.210104296576619054e-02 4.044743349944099897e-01
5.402144394950965101e-01 2.377610317782373819e-02 4.082427351214370503e-01
5.438841283422454209e-01 2.531799055846110230e-02 4.119982668292873629e-01
5.475233568549894292e-01 2.674303052753784771e-02 4.157402325573001933e-01
5.511220839763808499e-01 2.785409506784006575e-02 4.194691493538000859e-01
5.546956323035615588e-01 2.874292562115133773e-02 4.230786426582877624e-01
5.582444486363001834e-01 2.939664888811705998e-02 4.263481023365457423e-01
5.618041469262939902e-01 2.989559806456062660e-02 4.285181683581165135e-01
5.654965910829379272e-01 3.019507012383225442e-02 4.281387635252658086e-01
5.691481048161620704e-01 3.036718102758608623e-02 4.279845611966438534e-01
5.727884578283236605e-01 3.047816796036223116e-02 4.278020110644106255e-01
5.764116501804207315e-01 3.056252243068696001e-02 4.276141519375223909e-01
5.800155277106177065e-01 3.057389088678990827e-02 4.274192500375626480e-01
5.836022741290455285e-01 3.055346028237074588e-02 4.272169256835177120e-01
5.871708118946308286e-01 3.055824234588053190e-02 4.270068633912856848e-01
5.907207168594474922e-01 3.068146388772014996e-02 4.267884505029216347e-01
5.942489857186903368e-01 3.095017804830462252e-02 4.265619149611948324e-01
5.977551319140164132e-01 3.138875557788278065e-02 4.263269999756353901e-01
6.012356745386431278e-01 3.192414830756697131e-02 4.260847310569315649e-01
6.046951637993686068e-01 3.262893365838895332e-02 4.258331650241361510e-01
6.081303453109795365e-01 3.351766995785562114e-02 4.255728110806094588e-01
6.115378762109224819e-01 3.452037830955664854e-02 4.253047468712046197e-01
6.149250745722409928e-01 3.577713472774486647e-02 4.250253133063054967e-01
6.182826175623926668e-01 3.723065844298954069e-02 4.247374532019368987e-01
6.216080995899763151e-01 3.876055047528554481e-02 4.244423058937041304e-01
6.249041814352722657e-01 4.031919930323479145e-02 4.241389127914863555e-01
6.281238312440561300e-01 4.183322922364159785e-02 4.242741391511274940e-01
6.311378346018510221e-01 4.329687245661884704e-02 4.263409787221495995e-01
6.340491270267022417e-01 4.475606641075866032e-02 4.292824892352051780e-01
6.368719697601807894e-01 4.621365144183538914e-02 4.327454541061079851e-01
6.396353971174810749e-01 4.773316926371945490e-02 4.362847309213135349e-01
6.423298028836699203e-01 4.930605854494272272e-02 4.399283024599258130e-01
6.449644755421816145e-01 5.089439226243089309e-02 4.435355910218687914e-01
6.475386735907320279e-01 5.248191836806235383e-02 4.471077965766495077e-01
6.500512592593141736e-01 5.406320619275535588e-02 4.506484507512604210e-01
6.525112184659479508e-01 5.563872380521901057e-02 4.540689389594682601e-01
6.549635366301542749e-01 5.721688898374326787e-02 4.570039206650742813e-01
6.574508539468867374e-01 5.880097487365498754e-02 4.591857184016314153e-01
6.600434911364410073e-01 6.039912977694807117e-02 4.602288667797841959e-01
6.628595010946637389e-01 6.202619661247749105e-02 4.595372182003018557e-01
6.656016124001442602e-01 6.368903413740847896e-02 4.589662951694739590e-01
6.683079474345119397e-01 6.540003253718859599e-02 4.583719839176114141e-01
6.709734342186750577e-01 6.720445504415377413e-02 4.577648410648356148e-01
6.735985673580496824e-01 6.964804433041728304e-02 4.571209288927169934e-01
6.761624929532914496e-01 7.286038961746367504e-02 4.564478445769548642e-01
6.786530718018675135e-01 7.649895408579290845e-02 4.557623095821444759e-01
6.810681873206164694e-01 8.046464880973384914e-02 4.550592306067356430e-01
6.833336399762198754e-01 8.450496072006045967e-02 4.543660590705523861e-01
6.852911994399394358e-01 8.857054229713762217e-02 4.537189882624743098e-01
6.870570507945388261e-01 9.265578897324111551e-02 4.530922873685285790e-01
6.887945419669321279e-01 9.674054708934405611e-02 4.524492664563050659e-01
6.904665235722597938e-01 1.008128775479471551e-01 4.518019837945637662e-01
6.920938003313177322e-01 1.048709868456905170e-01 4.511441928680129387e-01
6.936752734543091270e-01 1.089129010503606110e-01 4.504766127167260659e-01
6.949466497484259042e-01 1.129681358361394328e-01 4.498748522363196778e-01
6.960882381471087399e-01 1.170433048301066231e-01 4.492865328804548364e-01
6.972130350484021521e-01 1.211133854713926372e-01 4.486836170962603121e-01
6.980273221468606959e-01 1.252061070291573541e-01 4.481579884381926560e-01
6.988172252850494148e-01 1.293108664524875440e-01 4.476184220949379622e-01
6.994178633748723284e-01 1.334295860735908446e-01 4.471242586552086618e-01
6.997850168774769619e-01 1.375852848052617483e-01 4.466882333973241082e-01
7.001370328483259575e-01 1.417511607348794778e-01 4.462404929303502299e-01
7.004391757444624611e-01 1.459121224684330753e-01 4.457974703712030973e-01
7.005464679232814573e-01 1.500961926753897613e-01 4.454070825976986225e-01
7.006364509839996257e-01 1.542874748716161759e-01 4.450073259702755912e-01
7.007029182246506949e-01 1.584702243417276946e-01 4.446047065589884273e-01
7.007500093099311433e-01 1.626420790141396844e-01 4.441971185616131468e-01
7.007775097138747578e-01 1.668021983109576056e-01 4.437846288501118841e-01
7.006155417269734897e-01 1.709883416312591997e-01 4.434270645139046785e-01
7.004400569056031811e-01 1.751815931629008838e-01 4.430592590542509202e-01
7.002457694329057292e-01 1.793652342428664059e-01 4.426876874736226930e-01
6.999559659168399506e-01 1.835568406544452746e-01 4.423392852286801569e-01
6.994054426132556568e-01 1.877775390766311392e-01 4.422092071701018146e-01
6.988318779737334729e-01 1.920297497424265087e-01 4.420282121529280905e-01
6.981060070660567440e-01 1.962821745191000999e-01 4.420580531234040156e-01
6.971331695966639375e-01 2.005519716982867295e-01 4.424853408501730478e-01
6.961218105068438522e-01 2.048653213030597331e-01 4.428801957163635006e-01
6.950670262182687686e-01 2.091983967674498623e-01 4.432579632490066812e-01
6.939851026660385225e-01 2.135477619479106692e-01 4.435863778201131202e-01
6.929087684032021466e-01 2.179057169794272331e-01 4.438023639822782362e-01
6.917957554707298007e-01 2.222688349617163717e-01 4.439911866102611571e-01
6.906486269895599772e-01 2.266412239302379172e-01 4.441456406703508941e-01
6.894671644272665212e-01 2.310215734237111573e-01 4.442659705076978383e-01
6.882516185919601570e-01 2.354084326026809892e-01 4.443517056142086141e-01
6.870022552105428115e-01 2.398002757310299937e-01 4.444024726214219068e-01
6.856852149715263467e-01 2.442053524851634239e-01 4.444795686916697131e-01
6.841472458891595387e-01 2.486785596294775191e-01 4.448509394229536174e-01
6.824538642734618854e-01 2.532340873229920741e-01 4.453752517030468150e-01
6.805836448481830114e-01 2.578740205534716945e-01 4.460831574639254060e-01
6.784704119657740673e-01 2.626325606950805636e-01 4.470717432728740226e-01
6.761906105357892161e-01 2.674967984936632015e-01 4.481874339769403859e-01
6.737940691249348912e-01 2.723418812206832573e-01 4.494018955027589968e-01
6.713447045360638743e-01 2.772143264603530999e-01 4.505584567555573350e-01
6.688360234476566912e-01 2.821081847633786777e-01 4.516690215660633667e-01
6.662690056598612465e-01 2.870213262252325759e-01 4.527307782968535976e-01
6.637530902381074682e-01 2.919893250804083684e-01 4.535169950616929069e-01
6.625019994300519466e-01 2.974645850970235039e-01 4.515564360224093576e-01
6.611511014408534281e-01 3.028497275499292263e-01 4.496635811920022263e-01
6.597472732805003126e-01 3.082820183511810752e-01 4.476672630680339493e-01
6.582780895656357156e-01 3.137594063673681544e-01 4.455849652283949691e-01
6.567430236560324319e-01 3.192800316636721369e-01 4.434131358765890374e-01
6.551409625638302536e-01 3.248405314264224963e-01 4.411501330348892025e-01
6.534709746570139810e-01 3.304373333729851425e-01 4.387942586171675319e-01
6.517411885055275356e-01 3.360367913110196558e-01 4.363568171909263382e-01
6.499186859748974365e-01 3.414850613917268518e-01 4.340488148869064977e-01
6.481525219558061934e-01 3.464966229729231073e-01 4.319139026130826009e-01
6.465035783242627510e-01 3.508823468493443842e-01 4.300793007922829592e-01
6.450400385424787109e-01 3.546936578816973773e-01 4.284136626532434322e-01
6.438278605003200372e-01 3.578005425925842031e-01 4.269940440865694908e-01
6.427462598380417891e-01 3.605790532079151678e-01 4.256344464023027463e-01
6.416570005303197100e-01 3.633636263722803128e-01 4.242145646035337392e-01
6.394297378692568312e-01 3.650573321184431563e-01 4.263258470385782317e-01
6.373474309364545176e-01 3.667168029985481970e-01 4.282309463825586526e-01
6.352326772514174102e-01 3.683526666725092658e-01 4.301550023640401954e-01
6.330852588276655313e-01 3.699920343057401806e-01 4.320793324819343639e-01
6.309033979746089260e-01 3.716345615813997916e-01 4.340054577806959357e-01
6.286630535735099334e-01 3.733393527500805109e-01 4.358979293982990222e-01
6.263304046352798915e-01 3.751840679404658263e-01 4.377155801653627720e-01
6.239456597204321442e-01 3.770572988049046836e-01 4.395309215427737337e-01
6.215166674641219302e-01 3.789515650063773888e-01 4.413313675196946506e-01
6.190499816185162096e-01 3.808480180265271242e-01 4.431272269672512643e-01
6.165470307157678853e-01 3.827442949336820055e-01 4.449162385191818281e-01
6.143520424635237065e-01 3.850642983539361852e-01 4.456055710684747595e-01
6.137727740260762177e-01 3.877608250893487263e-01 4.432803000803655635e-01
6.145234165492794443e-01 3.892940250348755904e-01 4.402843860751579630e-01
6.153808294677814983e-01 3.905661614490664735e-01 4.372651633027680451e-01
6.162449278343861137e-01 3.918114540101565457e-01 4.341951406068523256e-01
6.171018154375873532e-01 3.930459799645047436e-01 4.310831872775142681e-01
6.179506422220618633e-01 3.942707169268956924e-01 4.279289885374199520e-01
6.187910531122702285e-01 3.954851608414974296e-01 4.247325884252210471e-01
6.196227312727639047e-01 3.966887567830008621e-01 4.214939873372458012e-01
6.204453481867309161e-01 3.978809260647241941e-01 4.182132037703160110e-01
6.212585679221764856e-01 3.990610703675498416e-01 4.148902679524940629e-01
6.220620443655008325e-01 4.002285699800882113e-01 4.115252455988239744e-01
6.228554247040692937e-01 4.013827873221340603e-01 4.081182145530546368e-01
6.236383477737579284e-01 4.025230653832420624e-01 4.046692842178539751e-01
6.244104461899189218e-01 4.036487304855213010e-01 4.011785894176023159e-01
6.251713446775644112e-01 4.047590913609867003e-01 3.976462972483539859e-01
6.259206626376350169e-01 4.058534418070169347e-01 3.940726074741652818e-01
6.266294638871997558e-01 4.069545620620287352e-01 3.904757159095157970e-01
6.266497989575966487e-01 4.081000524538155316e-01 3.881642599376049496e-01
6.261319808484392402e-01 4.095634473176629209e-01 3.864813422439177804e-01
6.255837486142384885e-01 4.111237997886837969e-01 3.847151012717871521e-01
6.252196950524444574e-01 4.124300635014793159e-01 3.829834670621002357e-01
6.251518652748055960e-01 4.133993708250563448e-01 3.811801720054738829e-01
6.251873575375901382e-01 4.142448288797253020e-01 3.793221995316916617e-01
6.254143016381865650e-01 4.148559334527764930e-01 3.774492463982571100e-01
6.258081109214553850e-01 4.152700717461261237e-01 3.755343901022398234e-01
6.265368027659348193e-01 4.152964151697846051e-01 3.735733559833526729e-01
6.273525638010780670e-01 4.152013535189919002e-01 3.715831675891970165e-01
6.284378049287820955e-01 4.148360637187401001e-01 3.694592721392574441e-01
6.295570521888829152e-01 4.144101644141601204e-01 3.673007242822894369e-01
6.306962633842644328e-01 4.139600027799482107e-01 3.650906545459204344e-01
6.318500583031608775e-01 4.134887458689310291e-01 3.628329574639710953e-01
6.330090475562146768e-01 4.130047929330389334e-01 3.605312925044965588e-01
6.341797682545098347e-01 4.125018796969810997e-01 3.581808088340957541e-01
6.353622674464629583e-01 4.119785136323149688e-01 3.557807389262234721e-01
6.365307797729160555e-01 4.113936266558149701e-01 3.534964192546533601e-01
6.371155406799785537e-01 4.098137845746319674e-01 3.553062679044289296e-01
6.377652105606604893e-01 4.083718197559431107e-01 3.567820187568128132e-01
6.384116314056077490e-01 4.068864802309944406e-01 3.583080346859962018e-01
6.390636283025021847e-01 4.053730087511894786e-01 3.598487812146665688e-01
6.397200697737399633e-01 4.038294690073530036e-01 3.614074292651802134e-01
6.403808635312245867e-01 4.022554373790548921e-01 3.629836225258794569e-01
6.410458216063615877e-01 4.006503337817645671e-01 3.645773173807858591e-01
6.417147591202146950e-01 3.990135879729803658e-01 3.661884259289096000e-01
6.422729533838545946e-01 3.974870071596010579e-01 3.678267447188259265e-01
6.427361457400424527e-01 3.960368114671172779e-01 3.695391155685826545e-01
6.431916357076411517e-01 3.945738916129056806e-01 3.712733531233755602e-01
6.435657667833034612e-01 3.931955968296824144e-01 3.730159023579128763e-01
6.439175814317943392e-01 3.918197081541295868e-01 3.747861790373180346e-01
6.441675756687691434e-01 3.905609510869255119e-01 3.765590731325355600e-01
6.441749178016538124e-01 3.896090541462881029e-01 3.783431874148346363e-01
6.438564258579354549e-01 3.890637573693568885e-01 3.801852269397560935e-01
6.430770903605647071e-01 3.891249046016347912e-01 3.820672053527975898e-01
6.418339883386693367e-01 3.898728243244817260e-01 3.838590983758912167e-01
6.400764951773389999e-01 3.914071681211832576e-01 3.854940351803547438e-01
6.399574488537014272e-01 3.927294356782833895e-01 3.835355827011189267e-01
6.407318237156965912e-01 3.937986282988253928e-01 3.796969848729719321e-01
6.414879584946515667e-01 3.947246000343627159e-01 3.759535933646461214e-01
6.422320116483257735e-01 3.956359072065853133e-01 3.721565478947415628e-01
6.429590894259948897e-01 3.965273240721034487e-01 3.683208108186351581e-01
6.436693008770061342e-01 3.973984117443274955e-01 3.644457279206193001e-01
6.443622321160079602e-01 3.982483888306727615e-01 3.605319997445012303e-01
6.450374847820024016e-01 3.990765324623903876e-01 3.565802663282944818e-01
6.456946549998302531e-01 3.998821146335241883e-01 3.525912295923072093e-01
6.463333345489479242e-01 4.006644054930790788e-01 3.485656342495784821e-01
6.469531131728604167e-01 4.014226755418464632e-01 3.445042773866005548e-01
6.475535803580388938e-01 4.021561981374933148e-01 3.404080096598875449e-01
6.481343255193685593e-01 4.028642507966634922e-01 3.362777306032370128e-01
6.486949408020914465e-01 4.035461180435701012e-01 3.321143976938840114e-01
6.492350213155311245e-01 4.042010929701693733e-01 3.279190177420494567e-01
6.497541674232452102e-01 4.048284799172564563e-01 3.236926582530896268e-01
6.502519855082810052e-01 4.054275964695996382e-01 3.194364364465678285e-01
6.507280768049459319e-01 4.059977977597814536e-01 3.151515778709925164e-01
6.509420433383713567e-01 4.067495453648631298e-01 3.111856528246114140e-01
6.503060712673244259e-01 4.084357003257965135e-01 3.077483307512473010e-01
6.496739653236514034e-01 4.101014480487445990e-01 3.043295938736958473e-01
6.489775988452645139e-01 4.118267195182984675e-01 3.008125443465778925e-01
6.483037520012124855e-01 4.134819242576365794e-01 2.972473918088552880e-01
6.475948418107542182e-01 4.151545748876110942e-01 2.935708369359524839e-01
6.468456573165352053e-01 4.168383573278044429e-01 2.898238900894094527e-01
6.460702893726025797e-01 4.185131280291015665e-01 2.860053176142953180e-01
6.452657184414809510e-01 4.201793774437873052e-01 2.821150077635815046e-01
6.443931408092502533e-01 4.218853218494004187e-01 2.781432788151159685e-01
6.434738895594962482e-01 4.235991433253907812e-01 2.740991081295808818e-01
6.425153385009096940e-01 4.253073863555226208e-01 2.699835087749488660e-01
6.415672369241538497e-01 4.269433703632031230e-01 2.658066767923157880e-01
6.407494955139587667e-01 4.283564725393162465e-01 2.615718016892237263e-01
6.399845771137697703e-01 4.296412450654734094e-01 2.572682797662044218e-01
6.392375784649947379e-01 4.308416388142781717e-01 2.528924783681792965e-01
6.387178651397350526e-01 4.317028745931603129e-01 2.484581342754229039e-01
6.382525716007837469e-01 4.324308117503951054e-01 2.439459013426857892e-01
6.378769866870241945e-01 4.329849165093687668e-01 2.393620678605064278e-01
6.376392365772657334e-01 4.333052643480941879e-01 2.347082787078516031e-01
6.373633635268978193e-01 4.335980953334865884e-01 2.299765349700845785e-01
6.371054297482126039e-01 4.337968819609798743e-01 2.251732122805488179e-01
6.367876784974800808e-01 4.339893120822342909e-01 2.202999178122245771e-01
6.364352335827583307e-01 4.341437872964417632e-01 2.153560839260011683e-01
6.360469530247478964e-01 4.342576434368448091e-01 2.103438304217471466e-01
6.357061532519129310e-01 4.344905482836206034e-01 2.100953103874428629e-01
6.353629443563644230e-01 4.348359229575410878e-01 2.094392305037127422e-01
6.349721041681078981e-01 4.352206596383679238e-01 2.088181937954205758e-01
6.345043683886446573e-01 4.356950392051365251e-01 2.081896976706302527e-01
6.339293509015543338e-01 4.362913371125353157e-01 2.075357353442733865e-01
6.330769526425796823e-01 4.372103647360970902e-01 2.068926036334198804e-01
6.322129952929413932e-01 4.381409325955900602e-01 2.062437535570067759e-01
6.312854361029434092e-01 4.391375763225304207e-01 2.055837085087113547e-01
6.303292600134299262e-01 4.401598307532417764e-01 2.049140174639597911e-01
6.293427008191313510e-01 4.412089923899223942e-01 2.042402037889098076e-01
6.283548223759973794e-01 4.422507513231904164e-01 2.035533792384831009e-01
6.273560310212490387e-01 4.432953672136192291e-01 2.028559618827416033e-01
6.264633476677241575e-01 4.442079157671933731e-01 2.021119531304509387e-01
6.256528957862196316e-01 4.450182970417085326e-01 2.013654579075074280e-01
6.250902059257824606e-01 4.455457650524246582e-01 2.006119634366162752e-01
6.245050275716442778e-01 4.458379764014280267e-01 1.971369890812960657e-01
6.238692177121227811e-01 4.459098690138545429e-01 1.917339161824249127e-01
6.232732765915095507e-01 4.458168422208066972e-01 1.864257475232207473e-01
6.226396098962749814e-01 4.456682886794303688e-01 1.810423611314726788e-01
6.219477627756218041e-01 4.454813022664658173e-01 1.756103582168988819e-01
6.212205012874769672e-01 4.452275883374860466e-01 1.701223187003079174e-01
6.204477231012801575e-01 4.449151940216125589e-01 1.645849631165802185e-01
6.196330069977515898e-01 4.445372474167301191e-01 1.589993713034654754e-01
6.187793756320436600e-01 4.440901500020974502e-01 1.534170242458582356e-01
6.178398798519427748e-01 4.436644861153067887e-01 1.483558613542462490e-01
6.168970886923869079e-01 4.431847586762798774e-01 1.437836136635743112e-01
6.159443478691717377e-01 4.426672352551685452e-01 1.396518599948828043e-01
6.149864977942295363e-01 4.421133708302100729e-01 1.359181513598299862e-01
6.140248320722474507e-01 4.415268433982913465e-01 1.325440912963751217e-01
6.130600898108620189e-01 4.409105144011492006e-01 1.294950720112127696e-01
6.120924803377301160e-01 4.402666742547493572e-01 1.267398571971345977e-01
6.113383945961095023e-01 4.404423747988772120e-01 1.250900167448466827e-01
6.105652824825508196e-01 4.405892068853003440e-01 1.233209836680740912e-01
6.097787823687618181e-01 4.407281761604604498e-01 1.215412255755677073e-01
6.089801220505468571e-01 4.408615603566115593e-01 1.197704188330160346e-01
6.081818462484955834e-01 4.409963250792054978e-01 1.181681609509527275e-01
6.073834989017684594e-01 4.411347126206816016e-01 1.167211209496493984e-01
6.067700411464022059e-01 4.410638564541769502e-01 1.154235402424215462e-01
6.062642892871350497e-01 4.408721948472897334e-01 1.142554945186077253e-01
6.060679568093552128e-01 4.403676762046276894e-01 1.132218502384068071e-01
6.062610021920736836e-01 4.394736929215128929e-01 1.123150774832878812e-01
6.066237868022468227e-01 4.384285465374643809e-01 1.115095336864877357e-01
6.072208206307267986e-01 4.371734048392168503e-01 1.108029333391993415e-01
6.081594605507064655e-01 4.356112354931026553e-01 1.101958298239004430e-01
6.093038921629430060e-01 4.338589863440101002e-01 1.096655417464671434e-01
6.104502444516151094e-01 4.320940266860971990e-01 1.091856280808679996e-01
6.115304305390156792e-01 4.303759626967352814e-01 1.087452697509666555e-01
6.102736452096952924e-01 4.313608687379869577e-01 1.082266171412725464e-01
6.103490163724205608e-01 4.313030989747123622e-01 1.082726173073027542e-01
6.107309024128481090e-01 4.307993510701108031e-01 1.082980565283718916e-01
6.107165206308121652e-01 4.308254842557397990e-01 1.082846927542315402e-01
6.110815547696428762e-01 4.303408027945451186e-01 1.083085156209365879e-01
6.110662176525371025e-01 4.303672013440299482e-01 1.082959502247171496e-01
6.114156521098985664e-01 4.299000352947390247e-01 1.083167047355850510e-01
6.113995901923224841e-01 4.299265174903912912e-01 1.083049325478745717e-01
6.117342400525983548e-01 4.294764177621399059e-01 1.083231367019868441e-01
6.117176772060410883e-01 4.295028050051947210e-01 1.083120820911726290e-01
6.120354252212121260e-01 4.290715988633351796e-01 1.083269245123626157e-01
6.120187502243048527e-01 4.290975996727064423e-01 1.083166298976744601e-01
6.123261612944082000e-01 4.286798455788318751e-01 1.083308138449594338e-01
6.122994482084135326e-01 4.287199405487150394e-01 1.083230889893266047e-01
6.125806013045714815e-01 4.283480338613736005e-01 1.083451142395111255e-01
6.125731386638071374e-01 4.283690015119480665e-01 1.083412993925050166e-01
6.128561657957497522e-01 4.280001157422784197e-01 1.083656057109768089e-01
6.128457887388271130e-01 4.280358361189068317e-01 1.083703033365533003e-01
6.131182702623840797e-01 4.276768780819437676e-01 1.083904425108381253e-01
6.131002793151025809e-01 4.277276452144827545e-01 1.084005561826769243e-01
6.133541876226979994e-01 4.274048415411833557e-01 1.084285009224715962e-01
6.133254745269889341e-01 4.274672740460820908e-01 1.084390763136950653e-01
6.135798131166604330e-01 4.271544409090488048e-01 1.084741554505805616e-01
6.135803709339517908e-01 4.271961833939141862e-01 1.084985670703575433e-01
6.138256197932935310e-01 4.268805201953299044e-01 1.085212221215822864e-01
6.138217508886781859e-01 4.269312975774284813e-01 1.085511412639663248e-01
6.140538301393771992e-01 4.266487825430878011e-01 1.085844335491486651e-01
6.140592278178982344e-01 4.266961231231807816e-01 1.086218426785650337e-01
6.141106836504053312e-01 4.267931705385695773e-01 1.090598533223925692e-01
6.147033299029893705e-01 4.278849309062059958e-01 1.129835339518242554e-01
6.152586456078826815e-01 4.289686544331015594e-01 1.166582481181898667e-01
6.158003560131151133e-01 4.300212798284454019e-01 1.203935912181790524e-01
6.163276985045424983e-01 4.310502516404938200e-01 1.241655782433911115e-01
6.168406652406793755e-01 4.320541243411383237e-01 1.279760155901973062e-01
6.173386197770612815e-01 4.330323616256520625e-01 1.318240345111863776e-01
6.178213806030244948e-01 4.339841359507278784e-01 1.357092300689913267e-01
6.182882850361515192e-01 4.349098334317185732e-01 1.396314293626538527e-01
6.187396535509773754e-01 4.358071962303015079e-01 1.435897924465768805e-01
6.191745843122072879e-01 4.366760086275983666e-01 1.475833791767394154e-01
6.195927881812841598e-01 4.375153255520665141e-01 1.516113624411626337e-01
6.199940705526825191e-01 4.383243518650489778e-01 1.556730382084828002e-01
6.203780367904673243e-01 4.391024090832916782e-01 1.597675498826487128e-01
6.207441776971035496e-01 4.398486831061766411e-01 1.638937658726043189e-01
6.210924804502363505e-01 4.405625318551785741e-01 1.680510883476912798e-01
6.214226653917770404e-01 4.412432310371801614e-01 1.722385225095182937e-01
6.217344776203610479e-01 4.418900740509887348e-01 1.764550613362735609e-01
6.220276732097853589e-01 4.425023703034294820e-01 1.806996481421480061e-01
6.223020204789979637e-01 4.430794472343593249e-01 1.849711783564541578e-01
6.225572985112233226e-01 4.436206510744123421e-01 1.892684946623439946e-01
6.227933004212070633e-01 4.441253510319436160e-01 1.935904003957298336e-01
6.230097380169026255e-01 4.445931537309657511e-01 1.979356607022687842e-01
6.232066432372609377e-01 4.450232980366901070e-01 2.023031759473380431e-01
6.233855691920128228e-01 4.454146440806082130e-01 2.066929992914234293e-01
6.235439963957328802e-01 4.457675760029114476e-01 2.111018107809429223e-01
6.236839395648823281e-01 4.460811790653446129e-01 2.155303583725848016e-01
6.238034912805817678e-01 4.463548537846685482e-01 2.199750654507187098e-01
6.239032878775054858e-01 4.465880522759835825e-01 2.244352809525993198e-01
6.239807638232273135e-01 4.467805272029193864e-01 2.289067216736465904e-01
6.240378641410544436e-01 4.469321279058507401e-01 2.333902599371601161e-01
6.240744667693970404e-01 4.470425197706749398e-01 2.378840736314000726e-01
6.240891463399372840e-01 4.471122624690740954e-01 2.423857909542557754e-01
6.240846302555913550e-01 4.471396273518825071e-01 2.468953186527584054e-01
6.240595925221553708e-01 4.471251043008748205e-01 2.514102072528811016e-01
6.240143393164189201e-01 4.470710248018899269e-01 2.559282533831517270e-01
6.239534189189103186e-01 4.470053334241711473e-01 2.604425579824792836e-01
6.238761201630402820e-01 4.469278505417283442e-01 2.649538176570854775e-01
6.237848614187697649e-01 4.468361102145223529e-01 2.694620761032451295e-01
6.236749146227610341e-01 4.467349019873911309e-01 2.739659201650245790e-01
6.235484783331139980e-01 4.466218103855724708e-01 2.784658991530398198e-01
6.234054761510976483e-01 4.464968263389849645e-01 2.829616605969731413e-01
6.232458630008032019e-01 4.463599330099842777e-01 2.874529305450705396e-01
6.230695858616908112e-01 4.462110393881150161e-01 2.919393250260916006e-01
6.228766109967310838e-01 4.460502025548688798e-01 2.964206819346438260e-01
6.226669210811041077e-01 4.458773846164331700e-01 3.008967205560605374e-01
6.224404829813701134e-01 4.456925639731681432e-01 3.053671693245044727e-01
6.221972690386086136e-01 4.454957245526676157e-01 3.098317478515084100e-01
6.219372491182013629e-01 4.452868598752502960e-01 3.142901813742904338e-01
6.216603980388111239e-01 4.450659569618936606e-01 3.187421927661138188e-01
6.213666894573615096e-01 4.448330011836739151e-01 3.231875085432083239e-01
6.210560995697649300e-01 4.445879802344062104e-01 3.276258512860787397e-01
6.207286067955478659e-01 4.443308832640890937e-01 3.320569431607159339e-01
6.203841891232041439e-01 4.440616989688018768e-01 3.364805073643328814e-01
6.200228269866276953e-01 4.437804177659068761e-01 3.408962686874059678e-01
6.196445022796248647e-01 4.434870311178398250e-01 3.453039489186553457e-01
6.192491988328904240e-01 4.431815316995674769e-01 3.497032693135824211e-01
6.188369025892241915e-01 4.428639136256380393e-01 3.540939501034759407e-01
6.184075990192224870e-01 4.425341705040500284e-01 3.584757136620524975e-01
6.179612779171437253e-01 4.421922990320250602e-01 3.628482850446507757e-01
6.174979285172319532e-01 4.418382954671073448e-01 3.672113874110900511e-01
6.170175438989272676e-01 4.414721588152012988e-01 3.715647396929161461e-01
6.165201190183485780e-01 4.410938892156184843e-01 3.759080622753250278e-01
6.160056489844034644e-01 4.407034868967242280e-01 3.802410785984718933e-01
6.154741322310975926e-01 4.403009543913523616e-01 3.845635130013921321e-01
6.149255692158333009e-01 4.398862956592835549e-01 3.888750870984615804e-01
6.143599626128741775e-01 4.394595160838926096e-01 3.931755247658159091e-01
6.137773163289966805e-01 4.390206218796259829e-01 3.974645509410444921e-01
6.131776387524813243e-01 4.385696225241700330e-01 4.017418867610091371e-01
6.125609401331977288e-01 4.381065285964980127e-01 4.060072562226081372e-01
6.121058481898550285e-01 4.371536207835227117e-01 4.103612147375069186e-01
6.119927227089119182e-01 4.353571313969529233e-01 4.148430907132292234e-01
6.126885812736468928e-01 4.323060582662974216e-01 4.193484992313365467e-01
6.147259120290580192e-01 4.277504398185239531e-01 4.236490451309913863e-01
6.169941817913753290e-01 4.228950061753269374e-01 4.278680505766615516e-01
6.192291516983360333e-01 4.180063028605315867e-01 4.320623208247554303e-01
6.214598750513090630e-01 4.131025305085638255e-01 4.362072400301992281e-01
6.236811057161188998e-01 4.081922531719729963e-01 4.403011726709864515e-01
6.258613226674800689e-01 4.032590335217480226e-01 4.443703102286937212e-01
6.279976293366872353e-01 3.983071340051551057e-01 4.484133879543008572e-01
6.301700088158945778e-01 3.935030681097099747e-01 4.523021418682343642e-01
6.325050274433785535e-01 3.889442243083569561e-01 4.559038702261000164e-01
6.347599368263125985e-01 3.848017460698389125e-01 4.593055741173971973e-01
6.367777988618454899e-01 3.811387845083792913e-01 4.625553392202533254e-01
6.390171775261150877e-01 3.778669612514449216e-01 4.642838942337162988e-01
6.417824577222400739e-01 3.750757452373934542e-01 4.634232791609198543e-01
6.444382352580629858e-01 3.722241238310907696e-01 4.626912611985891655e-01
6.470606711872786132e-01 3.693990054296482639e-01 4.619405560007315281e-01
6.496548423622622304e-01 3.665614224535362342e-01 4.611863847909947189e-01
6.523038113955651474e-01 3.634810739848261529e-01 4.604622918813261467e-01
6.549374275509560750e-01 3.603774400634155994e-01 4.597270234758832341e-01
6.575408202334763752e-01 3.572695683310728176e-01 4.589856330933796968e-01
6.601122462089565879e-01 3.541630297944755590e-01 4.582374923366810404e-01
6.626528212197426715e-01 3.510546015701181966e-01 4.574833610761004365e-01
6.651697665172290330e-01 3.479242081150979438e-01 4.567261029371245673e-01
6.676769245801420505e-01 3.447336272613836239e-01 4.559705108542377316e-01
6.702098961680439393e-01 3.413821716188012445e-01 4.552291589938301519e-01
6.728512610458866616e-01 3.376353111423157083e-01 4.545298357668620670e-01
6.755075854570394833e-01 3.335977712674840223e-01 4.539009396146059250e-01
6.780054657082597025e-01 3.292844087764533745e-01 4.534806500880095848e-01
6.805237772034078425e-01 3.246794020186348217e-01 4.531297064148860909e-01
6.812832458536260960e-01 3.230893206899888015e-01 4.530188611733951820e-01
6.813176550602852988e-01 3.228987164478507865e-01 4.529734307371164337e-01
6.812923621306927746e-01 3.228553804418395901e-01 4.529339701540188168e-01
6.812719687383960165e-01 3.228607151771620276e-01 4.528323076058164420e-01
6.812451435603831262e-01 3.228299404318414334e-01 4.528021218887703370e-01
6.812280619633439560e-01 3.228344024265923928e-01 4.527162747956698929e-01
6.805960081972983744e-01 3.224815525654911030e-01 4.550514168871764298e-01
6.795862805955519281e-01 3.219567594702156810e-01 4.589821657609161054e-01
6.785834690085441601e-01 3.214610584151087469e-01 4.629008856904548441e-01
6.775607667561296399e-01 3.209583929725174922e-01 4.668052060350449950e-01
6.765201956833035712e-01 3.204483401357990924e-01 4.706936437675097729e-01
6.754618640837642962e-01 3.199308090540725624e-01 4.745660798759610000e-01
6.743859405296499521e-01 3.194057957742075793e-01 4.784223143230176278e-01
6.732925899874642184e-01 3.188732986026446836e-01 4.822621485594724700e-01
6.738495994104072295e-01 3.174383362255852603e-01 4.825534150684058776e-01
6.749907747348120601e-01 3.137486560904306221e-01 4.836449833300410228e-01
6.762813220372442258e-01 3.098109472017883115e-01 4.846628007371933666e-01
6.775680179152121507e-01 3.058295565584644438e-01 4.856630342783104792e-01
6.788476895595288996e-01 3.018210143865033279e-01 4.866403705788922007e-01
6.801193566386428691e-01 2.977859830585694589e-01 4.875943546181473742e-01
6.813823321178820169e-01 2.937252593701244474e-01 4.885242632463387413e-01
6.826621301230291206e-01 2.896275778374630128e-01 4.893906601687146862e-01
6.839364220799836191e-01 2.855000722706777516e-01 4.902255983473672307e-01
6.852023499924807526e-01 2.813482044055140574e-01 4.910303871142335796e-01
6.864565175734610447e-01 2.771746296111606833e-01 4.918082458202909790e-01
6.876983208789210211e-01 2.729807856038646841e-01 4.925584463547648673e-01
6.889271188279740832e-01 2.687677242095636299e-01 4.932805245479049416e-01
6.901423088013867169e-01 2.645365034479884581e-01 4.939740368649386260e-01
6.913433050147229642e-01 2.602881963136924881e-01 4.946385750759617062e-01
6.925295391120795951e-01 2.560238896986379298e-01 4.952737649102044171e-01
6.937004598819888068e-01 2.517446823844366466e-01 4.958792660373428363e-01
6.948555332298135268e-01 2.474516831725820376e-01 4.964547719060137809e-01
6.959942419044438111e-01 2.431460089449854478e-01 4.970000094669483337e-01
6.971160855483204966e-01 2.388287827171801103e-01 4.975147387148112776e-01
6.982037590994603082e-01 2.345046508365065396e-01 4.980275934855389330e-01
6.992267163986165546e-01 2.301819629410962742e-01 4.985908997563163192e-01
7.002342275325664778e-01 2.258556251598814180e-01 4.991192433745352819e-01
7.012231813676401693e-01 2.215207350220567140e-01 4.996173369477633908e-01
7.021935558638326969e-01 2.171781990586910405e-01 5.000847341902671106e-01
7.031449252484447410e-01 2.128290962821775267e-01 5.005213441187346124e-01
7.040768987527289413e-01 2.084745258399630929e-01 5.009270811256087974e-01
7.049891006029976870e-01 2.041155803773752608e-01 5.013018903557129313e-01
7.058811715787075558e-01 1.997533452562458289e-01 5.016457452423787045e-01
7.067532805338744284e-01 1.953870470171128748e-01 5.019652534586644954e-01
7.076068799630251815e-01 1.910120860842380863e-01 5.022781058040450830e-01
7.084425183925999736e-01 1.866282202501560461e-01 5.025833824544082562e-01
7.092600125074579598e-01 1.822355988090812173e-01 5.028810239569813101e-01
7.100165244701440725e-01 1.778432827031434793e-01 5.032068242961079685e-01
7.106742087039830125e-01 1.734629446182633927e-01 5.035915267593327194e-01
7.112499482356851033e-01 1.690894294980927193e-01 5.040360211780985367e-01
7.117783164590457679e-01 1.647168098670241665e-01 5.044999832604223355e-01
7.122872694293157503e-01 1.603444319340087965e-01 5.049364499021040675e-01
7.127226576771903410e-01 1.559644170201565649e-01 5.054324381117264453e-01
7.130497637246944187e-01 1.515673574648931377e-01 5.060615018455292269e-01
7.133023675870293623e-01 1.471591559108071101e-01 5.067613722150764444e-01
7.135309634029218806e-01 1.427508292261513989e-01 5.074345547324958794e-01
7.136628778992937239e-01 1.383206333118801867e-01 5.082125321926442840e-01
7.136555849162945497e-01 1.338532990156865721e-01 5.091764501711736335e-01
7.136122697415141491e-01 1.294154127395300558e-01 5.101288860615095233e-01
7.135468521300055711e-01 1.249685315092427390e-01 5.110433556573280578e-01
7.134550091497127156e-01 1.204953606013493550e-01 5.119297005592591265e-01
7.136014611985436185e-01 1.190020151633952999e-01 5.120333993575298948e-01
7.136689491988033041e-01 1.187725402666209989e-01 5.120418855055245411e-01
7.136976295517408753e-01 1.187300884092198083e-01 5.120557833694311389e-01
7.136988872164531372e-01 1.187519414501809339e-01 5.121104534201511571e-01
7.136984262255362532e-01 1.187871011208714161e-01 5.121606687132895797e-01
7.136975278135245793e-01 1.188224186753402689e-01 5.122068131350852038e-01
7.136966023774821144e-01 1.188555435253904752e-01 5.122491744502555289e-01
7.137242747304333168e-01 1.174441131967726842e-01 5.124318694282476994e-01
7.138276581961177092e-01 1.136453387434791101e-01 5.128500909057320811e-01
7.138594449825877986e-01 1.092835203887927986e-01 5.133705953179422687e-01
7.136789156596108352e-01 1.048298014716293608e-01 5.140971025065114164e-01
7.133763333395460871e-01 1.003521451504112288e-01 5.149716006858803263e-01
7.129263763151472144e-01 9.597294869123955408e-02 5.160250132798142042e-01
7.123594917329167941e-01 9.179540851126608003e-02 5.172007258143835884e-01
7.116258458322123337e-01 8.800788338583682979e-02 5.185876641445881230e-01
7.107812639371927643e-01 8.436789971292935064e-02 5.200880029784897829e-01
7.098426467206170321e-01 8.082286112637210307e-02 5.216829151862268921e-01
7.088576499842633716e-01 7.728671578789653163e-02 5.232881325722406052e-01
7.078454598113875784e-01 7.374787293765004692e-02 5.248721939438680817e-01
7.068041909521223243e-01 7.020475412521852421e-02 5.264368696796678515e-01
7.057374326690545319e-01 6.655377837124205886e-02 5.279634206971902666e-01
7.046598858381699637e-01 6.274569624165690640e-02 5.294225548597097930e-01
7.038701023347508912e-01 5.858762229634464913e-02 5.303044173426911811e-01
7.033547863903182318e-01 5.412478560092745528e-02 5.309095209893497369e-01
7.032133403820750583e-01 4.960262882723576183e-02 5.312421848132196089e-01
7.032173988665559872e-01 4.506287928638262608e-02 5.314594573673865341e-01
7.031961739654454258e-01 4.051202254309788781e-02 5.316734761499588569e-01
7.031515823351111028e-01 3.595677131525477216e-02 5.318795786528046632e-01
7.026894194951520678e-01 3.137020692055683679e-02 5.323457943997883524e-01
7.018027896916800845e-01 2.687904013818049817e-02 5.330637497371529809e-01
7.006438198200992673e-01 2.296775905272689308e-02 5.340381764943354925e-01
6.993011453961663904e-01 1.926490248325576568e-02 5.352456860396528349e-01
6.977858897985094178e-01 1.588880711454922559e-02 5.367405582731449298e-01
6.961994179623146595e-01 1.259884988816018132e-02 5.382768030594448083e-01
6.945290100322238924e-01 9.445663883709164849e-03 5.399141275178405142e-01
6.928000205417953472e-01 6.414592323159927847e-03 5.416038960980822381e-01
6.910245368439642544e-01 3.426085869616460160e-03 5.432998576533117907e-01
6.889135409704046920e-01 1.821128081251575546e-03 5.460189262170616065e-01
6.868279272790056567e-01 5.838811868171367003e-04 5.486337198943960214e-01
6.846825685082155166e-01 -4.793217800224916936e-04 5.512197072199446213e-01
6.824852826862284338e-01 -1.534641657083440176e-03 5.538297906655705871e-01
6.826862690391278798e-01 -1.806059298617367212e-03 5.536378918675235461e-01
6.826867262875837561e-01 -1.880539584717172766e-03 5.536809998074200267e-01
6.826896448230680425e-01 -1.873332788307482131e-03 5.537575026106165144e-01
6.826932326584913557e-01 -1.842438507466338544e-03 5.538272232980515630e-01
6.826966087744072986e-01 -1.806831141948556920e-03 5.538913595755508013e-01
6.826997298039514384e-01 -1.771884430622276381e-03 5.539503505241324399e-01
6.827025947094395031e-01 -1.739011139208157097e-03 5.540045948498838468e-01
6.827052181405028897e-01 -1.708481660389769537e-03 5.540544549535050267e-01
6.827076179423703373e-01 -1.680243983437344464e-03 5.541002641164888276e-01
6.827098117519180276e-01 -1.654161776015132274e-03 5.541423298770686845e-01
6.827118161047455169e-01 -1.630083066045922473e-03 5.541809362737014633e-01
6.827136462761059787e-01 -1.607859662289553605e-03 5.542163458318725144e-01
6.827153163042642969e-01 -1.587352176277200943e-03 5.542488011010968663e-01
6.827168390775714135e-01 -1.568430967586508526e-03 5.542785262154003023e-01
6.827182264278490731e-01 -1.550975897172195053e-03 5.543057283131087587e-01
6.827831441789217193e-01 -1.519199991660055444e-03 5.541741852676064228e-01
6.828548366812207115e-01 -1.465437594977055460e-03 5.540298015488567263e-01
6.829362148658902898e-01 -1.392223839569733555e-03 5.538687428325965723e-01
6.830162904173544547e-01 -1.313612881158747123e-03 5.537080730085931490e-01
6.830914806860755029e-01 -1.239057490234858573e-03 5.535537061626227828e-01
6.830876145435178515e-01 -1.222536160660787387e-03 5.535651017596772139e-01
6.830882721722334461e-01 -1.213022871523103483e-03 5.535774206379540097e-01
6.826659996406811981e-01 -1.449704703694707549e-03 5.540514354928653962e-01
6.801536855163859974e-01 -1.708004080019714542e-03 5.566386276063398642e-01
6.777282681403951070e-01 -1.876639804294596460e-03 5.590481817193004854e-01
6.752734960260892150e-01 -1.843509370317696116e-03 5.613596826571988219e-01
6.727941286538190457e-01 -1.664233539290714070e-03 5.636090421026688224e-01
6.702794862742808002e-01 -1.523760154297745459e-03 5.658825272402127071e-01
6.677350820853426017e-01 -1.418058100805673523e-03 5.681431766681799278e-01
6.651600394665235783e-01 -1.333622906097619914e-03 5.703875744905529954e-01
6.625542477874203362e-01 -1.266675461307674661e-03 5.726149734077370379e-01
6.602155968847962519e-01 -2.282067359051185955e-03 5.748250601989602915e-01
6.578185758677776995e-01 -3.644994996925231961e-03 5.770439555883131177e-01
6.553882389100998962e-01 -5.097083915119649845e-03 5.792522938257568255e-01
6.529123157410298139e-01 -6.791094561552511212e-03 5.813441154810313760e-01
6.503958342791055225e-01 -8.600662974075308498e-03 5.834109429193712337e-01
6.475644886945496337e-01 -9.539514522587229373e-03 5.857110164026162469e-01
6.447367819746513407e-01 -1.017441786947171495e-02 5.879544837612621366e-01
6.418800137567145514e-01 -1.070794659252436755e-02 5.901640182998870721e-01
6.390099805785548481e-01 -1.101074595786328408e-02 5.922300931731597773e-01
6.361314932634459796e-01 -1.097179925830985871e-02 5.941244102816648498e-01
6.334639210832686551e-01 -1.156730952724970528e-02 5.963722124013217663e-01
6.307488708682170708e-01 -1.239389149772221997e-02 5.985984677025039113e-01
6.279986417533645060e-01 -1.329314528361114772e-02 6.008108369739031396e-01
6.252147532281602249e-01 -1.420977955877268141e-02 6.030085316316895483e-01
6.223978805279917204e-01 -1.512481686111191194e-02 6.051905223589406635e-01
6.195483282032847594e-01 -1.603156044758030987e-02 6.073561317696105633e-01
6.166662926930607247e-01 -1.692749990364447732e-02 6.095047384517943145e-01
6.137519366244259533e-01 -1.781157941211857290e-02 6.116357835712206148e-01
6.108054201501507130e-01 -1.868325809659100029e-02 6.137486949015427129e-01
6.078269085926911730e-01 -1.954218216699025665e-02 6.158429193252193956e-01
6.048165790449411272e-01 -2.038806790566891070e-02 6.179179055888105454e-01
6.017746202350445772e-01 -2.122065894968744315e-02 6.199730954472291167e-01
5.987014863788275854e-01 -2.203211200277718773e-02 6.220131420463684835e-01
5.955975677083368280e-01 -2.282139360050835716e-02 6.240354154910703333e-01
5.924628954831662186e-01 -2.359304230047367529e-02 6.260360689318620331e-01
5.892975453800340935e-01 -2.434890523092278491e-02 6.280148519729956691e-01
5.861017498903968725e-01 -2.508959817198950018e-02 6.299712095569397485e-01
5.828757609259735961e-01 -2.581523980126828113e-02 6.319046234433238762e-01
5.796198576899305177e-01 -2.652574724594663688e-02 6.338145464639111104e-01
5.763343382785023339e-01 -2.722095572182263445e-02 6.357004512430055598e-01
5.730195133793123397e-01 -2.790066730157603897e-02 6.375618234127814477e-01
5.696757119993176577e-01 -2.856467056168864732e-02 6.393981320981257932e-01
5.663032766937767803e-01 -2.921274919948958770e-02 6.412088581007737709e-01
5.629025638208510207e-01 -2.984468595772316393e-02 6.429934970668247374e-01
5.594739453907292548e-01 -3.046026400569232240e-02 6.447515378694139709e-01
5.560178069782542032e-01 -3.105926828188217484e-02 6.464824928985334340e-01
5.525345488207902278e-01 -3.164148593163786105e-02 6.481858742384732919e-01
5.490245858481190844e-01 -3.220670678117702745e-02 6.498611925287547386e-01
5.454883442074311972e-01 -3.275472448660324970e-02 6.515079854840860607e-01
5.419262657845336228e-01 -3.328533697263180019e-02 6.531257891013163563e-01
5.383388075151572805e-01 -3.379834687081150618e-02 6.547141394335540543e-01
5.347264372507717356e-01 -3.429356269023717263e-02 6.562725956714798858e-01
5.310896372252871256e-01 -3.477079965501028713e-02 6.578007254459448117e-01
5.274289011292331297e-01 -3.522988015845008453e-02 6.592981001201512203e-01
5.237447361858278416e-01 -3.567063497871175021e-02 6.607643131185578778e-01
5.200376631114319581e-01 -3.609290336958941720e-02 6.621989512982283665e-01
5.163082109657386454e-01 -3.649653441375601964e-02 6.636016381799904051e-01
5.125377969205899831e-01 -3.621402799528549571e-02 6.654147418654468016e-01
5.087677461093875753e-01 -3.570707133540705625e-02 6.671611690206602496e-01
5.049820417686519125e-01 -3.531337186426767444e-02 6.687522776772339972e-01
5.011787256027241400e-01 -3.520054322843151062e-02 6.701554367187019245e-01
4.973574973755841011e-01 -3.539979266436853178e-02 6.713839756852455487e-01
4.935084450913415077e-01 -3.565650995454929667e-02 6.725927796089721244e-01
4.896404310846093066e-01 -3.591231618789238883e-02 6.737665730327353497e-01
4.857543233880181055e-01 -3.615291334809340312e-02 6.749058543092073537e-01
4.818510154923269506e-01 -3.637512010285747638e-02 6.760101287042875606e-01
4.779311735227955715e-01 -3.657824764714692756e-02 6.770791266364342142e-01
4.739954519176532433e-01 -3.676212979019683608e-02 6.781125804178493865e-01
4.700445034525371213e-01 -3.692670502786640774e-02 6.791102580729494465e-01
4.660789911429258914e-01 -3.707193682181859212e-02 6.800719261845689090e-01
4.620995817009944107e-01 -3.719780005948028490e-02 6.809973820126909994e-01
4.581069521462896033e-01 -3.730427815401087671e-02 6.818864228952223883e-01
4.541017844324984343e-01 -3.739136276867713327e-02 6.827388674066691143e-01
4.500815652562127900e-01 -3.747171363383229592e-02 6.835753518587976973e-01
4.460459138909796950e-01 -3.755065996306729964e-02 6.844021848687794618e-01
4.419953006623583702e-01 -3.762832458814925618e-02 6.852189537246127227e-01
4.379300648087041670e-01 -3.770473907008013714e-02 6.860257691929027013e-01
4.338867586294042900e-01 -3.809566234401261936e-02 6.865022404558042135e-01
4.298686241957647702e-01 -4.011752340631813407e-02 6.862235013965632957e-01
4.257877407482535403e-01 -4.211362169176541270e-02 6.859385729146887378e-01
4.216700569965020073e-01 -4.411018948487110958e-02 6.855998531989551115e-01
4.175129081128011732e-01 -4.610324477750668559e-02 6.852110873436006999e-01
4.178417823648746254e-01 -4.799618137763143194e-02 6.841221782888032843e-01
4.177312327926767099e-01 -4.991476782892569769e-02 6.831365751606158776e-01
4.176668739439319267e-01 -5.184208681248267392e-02 6.821166058941591226e-01
4.175997867206599490e-01 -5.377988921219759716e-02 6.810807442296915593e-01
4.175348842696643414e-01 -5.572795042180873210e-02 6.800265774466360824e-01
4.174715916493879075e-01 -5.768621160050154545e-02 6.789542188211393769e-01
4.174099083483214789e-01 -5.965459721878404314e-02 6.778634771167940665e-01
4.173497811690296544e-01 -6.163302757831876783e-02 6.767541847356695062e-01
4.172911688394989049e-01 -6.362141821271058428e-02 6.756261617511885031e-01
4.172340345923331029e-01 -6.561967978716896910e-02 6.744792207728336209e-01
4.171783463592221297e-01 -6.762771803599215703e-02 6.733131672039569526e-01
4.171240762141568137e-01 -6.964543368258628575e-02 6.721277999410847359e-01
4.165940154223771175e-01 -7.168320373781610078e-02 6.709716198469428683e-01
4.141760374911404585e-01 -7.452993007871125397e-02 6.696158167891714807e-01
4.099277870699102877e-01 -7.770827227561699635e-02 6.683416854510872973e-01
4.057762749239947064e-01 -8.050743610194760480e-02 6.671541342837942201e-01
4.015282025374198871e-01 -8.293787909509460488e-02 6.661102781641569104e-01
3.967003776768869838e-01 -8.229605428999436922e-02 6.653034643228669109e-01
3.919000914211848152e-01 -8.191896052619226931e-02 6.643822696501040515e-01
3.870699613715739007e-01 -8.152117294851361773e-02 6.634004381382466731e-01
3.826916809443826062e-01 -8.385714305957660264e-02 6.622763324356742975e-01
3.782241230918951813e-01 -8.588659460800582290e-02 6.611294592067403775e-01
3.737331504142976102e-01 -8.793511177431082015e-02 6.599162876537472133e-01
3.687857277378123744e-01 -8.737869009194973446e-02 6.587023694007931862e-01
3.638535038649240994e-01 -8.712425064203030423e-02 6.574043884133531357e-01
3.596298311038881867e-01 -8.729592421186851969e-02 6.581239377927367018e-01
3.553416410264861880e-01 -8.743143714975086522e-02 6.586763747906597688e-01
3.510512499399565112e-01 -8.756787038162019976e-02 6.592347440693283600e-01
3.467538024686578346e-01 -8.770235939480461318e-02 6.597854497648835137e-01
3.424499079376885913e-01 -8.783522881438791952e-02 6.603296547983674714e-01
3.381452409446205065e-01 -8.767184063163609153e-02 6.608763132967733211e-01
3.385346366625799353e-01 -8.767027721517624272e-02 6.607957195438626252e-01
3.384854388181334772e-01 -8.766060034405895318e-02 6.608098659278645037e-01
3.379234188121764682e-01 -8.972491053019633622e-02 6.593327141652489676e-01
3.373397586883595811e-01 -9.177236587619419517e-02 6.578518733745941649e-01
3.367584034119446845e-01 -9.383064916720521009e-02 6.563462812909752753e-01
3.361766385136942259e-01 -9.589661942219218638e-02 6.548180363558512296e-01
3.355947817770642549e-01 -9.797034170464007097e-02 6.532666714877664038e-01
3.340818607611873992e-01 -9.695421892665249952e-02 6.525858331111435984e-01
3.326419801780525209e-01 -9.626750846142985429e-02 6.518043692327877281e-01
3.311875041062164460e-01 -9.553941478755280381e-02 6.510189302419689961e-01
3.297258055032774582e-01 -9.481040874855872769e-02 6.502197989249549614e-01
3.282563346097663870e-01 -9.407611605043703085e-02 6.494077282057644229e-01
3.277223922872897210e-01 -9.642840401827397490e-02 6.477228555203073945e-01
3.270741628002673540e-01 -9.846962011388417368e-02 6.461221201161113648e-01
3.255059889922852778e-01 -9.746582214849412729e-02 6.453649862097663448e-01
3.240094332303095626e-01 -9.678740760979311075e-02 6.445086710847980349e-01
3.224984564168141832e-01 -9.606835728177400002e-02 6.436472079899914212e-01
3.209802711947648546e-01 -9.534868120766415434e-02 6.427710899460004068e-01
3.204021663409447052e-01 -9.769947666518923046e-02 6.410244934694798724e-01
3.197093673496187449e-01 -9.974044901155211529e-02 6.393604987585552735e-01
3.180919918452468909e-01 -9.875301224724702953e-02 6.385365127036480848e-01
3.165464587975627131e-01 -9.808983359230515064e-02 6.376125142619192276e-01
3.149866464602641969e-01 -9.738642849492185061e-02 6.366825085273648543e-01
3.134197574417799115e-01 -9.668269596001548283e-02 6.357369601150142380e-01
3.127968459970506543e-01 -9.903005387179428243e-02 6.339237424837683710e-01
3.120590878066289431e-01 -1.010691267253212289e-01 6.321914071755250220e-01
3.103930344012517661e-01 -1.001002224554182057e-01 6.312947301245884768e-01
3.087990358932386492e-01 -9.945402542236418675e-02 6.302971856908877735e-01
3.071910494372093181e-01 -9.876809340866707365e-02 6.292926946534511679e-01
3.055762489951248662e-01 -9.808215761070870897e-02 6.282716989098373617e-01
3.039541976172708826e-01 -9.739192142107983008e-02 6.272349187418182481e-01
3.032746841099289159e-01 -9.972926035667120659e-02 6.253447862698294779e-01
3.024809992683503701e-01 -1.017601174555282095e-01 6.235322915603536131e-01
3.007610574001373660e-01 -1.008083279940432675e-01 6.225390771028557202e-01
3.009055769688706028e-01 -1.008866906297021804e-01 6.226133771895895341e-01
3.008889663046131480e-01 -1.008710974703274643e-01 6.226087344942226043e-01
3.008885087080002130e-01 -1.008631818864385299e-01 6.226197570559494077e-01
3.008880486400897225e-01 -1.008556215758839164e-01 6.226294625866664045e-01
3.008749669803458815e-01 -1.012707137659927120e-01 6.226175649904576170e-01
3.005526929216685850e-01 -1.048713553742608717e-01 6.230862231599607615e-01
3.001790176242797314e-01 -1.091757632714810550e-01 6.236721883742746275e-01
2.996205618576076035e-01 -1.134757788826571551e-01 6.241149543597880323e-01
2.990618100602466800e-01 -1.177916936378007456e-01 6.245126601418188317e-01
2.985215201381925532e-01 -1.221135789506697100e-01 6.248749477879024239e-01
2.979909867226245845e-01 -1.264436279388120032e-01 6.251972958466888164e-01
2.974674801665518897e-01 -1.307814690420059378e-01 6.254781059197505044e-01
2.969618098472709966e-01 -1.351235155344403804e-01 6.257226059638395510e-01
2.967215196890983786e-01 -1.394095007970230782e-01 6.260574419715840833e-01
2.967716857352660775e-01 -1.389812979691583961e-01 6.260337216906868285e-01
2.968753972491344206e-01 -1.370499716720729177e-01 6.261032208364719631e-01
2.969909958457057630e-01 -1.348526425401408713e-01 6.261758451500178957e-01
2.972147711790079083e-01 -1.304233490845805865e-01 6.263667774793093557e-01
2.972684143716295968e-01 -1.259210175794585052e-01 6.265609960163209813e-01
2.973172971016788679e-01 -1.214218017488535445e-01 6.267500856024296185e-01
2.973618430468946139e-01 -1.169182132519869799e-01 6.269352240699481715e-01
2.971185980483763145e-01 -1.124034930680712641e-01 6.271408797945204894e-01
2.971414870099301497e-01 -1.128290523459913736e-01 6.271040064945212489e-01
2.967565828490736912e-01 -1.126391745958775226e-01 6.267471647535881596e-01
2.949652803997825923e-01 -1.120424951714050210e-01 6.256181704409032873e-01
2.932990439412663242e-01 -1.114783732328298305e-01 6.245370116967459140e-01
2.916116106385284179e-01 -1.109089194854880889e-01 6.234345357563259027e-01
2.899172800545755102e-01 -1.103373949731033810e-01 6.223162353531869195e-01
2.882149322038941031e-01 -1.097635505910660447e-01 6.211813815920039783e-01
2.865049271281848720e-01 -1.091874317048917020e-01 6.200297639870671063e-01
2.847874776326430046e-01 -1.086090636847552166e-01 6.188611356663720198e-01
2.830628076432317175e-01 -1.080284767760060216e-01 6.176752628683488400e-01
2.813311390389088840e-01 -1.074457031963264447e-01 6.164719060076988555e-01
2.795926922839495621e-01 -1.068607781914122923e-01 6.152508354835493076e-01
2.778476854414454467e-01 -1.062737397709844350e-01 6.140118349395735642e-01
2.760963432773627657e-01 -1.056846276727683581e-01 6.127546639307936971e-01
2.743388842788419546e-01 -1.050934845420015556e-01 6.114791145229102609e-01
2.725755369652147486e-01 -1.045003558672661648e-01 6.101849587471190883e-01
2.708065270061359997e-01 -1.039052885180189317e-01 6.088719826257064094e-01
2.699642267829181486e-01 -1.061757834673101863e-01 6.067464769823945892e-01
2.690124191157264866e-01 -1.081549364176028621e-01 6.046888443402138602e-01
2.671517563179095500e-01 -1.073184375957120518e-01 6.034041090686206310e-01
2.658351144144923683e-01 -1.075381684163540658e-01 6.024594084778902570e-01
2.659092886313901283e-01 -1.087447073674071424e-01 6.025188843133002514e-01
2.664275289740400399e-01 -1.105776417003811046e-01 6.024619015485583873e-01
2.669497282875800681e-01 -1.128597275208062245e-01 6.024133345793164507e-01
2.674759480617825425e-01 -1.151453880203233138e-01 6.023622155967751635e-01
2.680326795530098560e-01 -1.172055979548303623e-01 6.023088220986537733e-01
2.687903069440239490e-01 -1.184713163098595617e-01 6.022513774820463794e-01
2.695540671565077595e-01 -1.196512291863009586e-01 6.021942877688043483e-01
2.703317167262919152e-01 -1.207827707446224030e-01 6.021365448900299899e-01
2.711236720194752370e-01 -1.218502212632705944e-01 6.020784919164001714e-01
2.719235766026266710e-01 -1.229157171551094330e-01 6.020196095332959185e-01
2.727299116799730694e-01 -1.239947672944812229e-01 6.019597979543834798e-01
2.735457456526886877e-01 -1.250579104782604534e-01 6.018993352505546124e-01
2.743652027390943160e-01 -1.261639909416981398e-01 6.018376197062179633e-01
2.751918195911515763e-01 -1.272792030289439380e-01 6.017750059146147468e-01
2.760368547970937780e-01 -1.282898177350567104e-01 6.017126795288330054e-01
2.768875207235878544e-01 -1.293243692398207967e-01 6.016491853399892342e-01
2.777486539445782054e-01 -1.303354399367053218e-01 6.015851815336240582e-01
2.786170496290936716e-01 -1.313559999636677300e-01 6.015202219431803332e-01
2.794958667973310718e-01 -1.323544225290826104e-01 6.014547268098444643e-01
2.803805327972427319e-01 -1.333788511587558345e-01 6.013880450270685518e-01
2.812727544161741644e-01 -1.344130799657951292e-01 6.013204142350389025e-01
2.821698460411191101e-01 -1.354870095773407779e-01 6.012513925755473831e-01
2.830717530284388994e-01 -1.366036148437932973e-01 6.011809355170880664e-01
2.839836881849593930e-01 -1.377069543187111333e-01 6.011097641708885719e-01
2.849001593377643027e-01 -1.388589843570432747e-01 6.010369417992755814e-01
2.858268678196865253e-01 -1.399975443206094572e-01 6.009633803246610118e-01
2.837852897940789654e-01 -1.395395669621809775e-01 5.996412777613188139e-01
2.820155385280859184e-01 -1.392279633611943346e-01 5.984061538376402867e-01
2.802118666717491879e-01 -1.389019495425926343e-01 5.971433881936736299e-01
2.784033881309987968e-01 -1.385766992689126953e-01 5.958625065416566224e-01
2.765876519876020456e-01 -1.382508725849845577e-01 5.945623961880905917e-01
2.747651822509692421e-01 -1.379246796455959601e-01 5.932428648053019726e-01
2.729818495157336211e-01 -1.376050745018987387e-01 5.919324312981385505e-01
2.731375308599988672e-01 -1.376153585499187149e-01 5.920391348913505158e-01
2.731260411003553212e-01 -1.376049253617440127e-01 5.920306157856752849e-01
2.731277360132822185e-01 -1.375992436852413736e-01 5.920348079974044886e-01
2.731292843666775494e-01 -1.375937629881147095e-01 5.920382893716132910e-01
2.731308119489744279e-01 -1.375884433386119210e-01 5.920413230390177972e-01
2.731323188450454076e-01 -1.375832737302842002e-01 5.920439340412876339e-01
2.720581702519695444e-01 -1.373877795864441587e-01 5.911720393312445143e-01
2.701486538253113356e-01 -1.370565154080826964e-01 5.897573255076145049e-01
2.683121239157412741e-01 -1.367315598632096174e-01 5.883704999244362410e-01
2.664624758681233829e-01 -1.364063996473680318e-01 5.869587066207687664e-01
2.646082442732516360e-01 -1.360810245418760667e-01 5.855265573116515965e-01
2.627489244676484703e-01 -1.357556205431906249e-01 5.840733579869514802e-01
2.608848875532450706e-01 -1.354302643374609982e-01 5.825989015458784559e-01
2.590164239519315292e-01 -1.351050511685221445e-01 5.811029381127724713e-01
2.571438366720743551e-01 -1.347800728500453959e-01 5.795852337811062682e-01
2.552674338361520801e-01 -1.344554208159585151e-01 5.780455580035278595e-01
2.533875310550019466e-01 -1.341311857963272125e-01 5.764836756454423394e-01
2.515044518441635346e-01 -1.338074577676364729e-01 5.748993448563065600e-01
2.496185244963984584e-01 -1.334843271909921525e-01 5.732923501673817812e-01
2.482622395754895683e-01 -1.330301202144467954e-01 5.720351353546848650e-01
2.489380558998268433e-01 -1.329496882683540437e-01 5.721221827639229041e-01
2.494306109174863340e-01 -1.331081008430270440e-01 5.720883508461860334e-01
2.499471654507291751e-01 -1.332417499279625606e-01 5.720648841000774976e-01
2.504842904887827904e-01 -1.332281676683739480e-01 5.720421268471688192e-01
2.510263333962193255e-01 -1.332078648048928837e-01 5.720190617883119666e-01
2.515557874820005813e-01 -1.333282568733829831e-01 5.719937990397779837e-01
2.520698247694990735e-01 -1.336198679365205311e-01 5.719663489555182334e-01
2.525728816627512141e-01 -1.340479009618399941e-01 5.719373182398964639e-01
2.530595512110486167e-01 -1.346625833722396581e-01 5.719063882645714081e-01
2.535455800533030768e-01 -1.353265078306925828e-01 5.718748453469901794e-01
2.540266276272408197e-01 -1.360777590155686223e-01 5.718423104196048712e-01
2.545021915195812556e-01 -1.369244678875307653e-01 5.718087953680308644e-01
2.549748543201777462e-01 -1.378446336886980095e-01 5.717744638321224926e-01
2.554518864224138430e-01 -1.387689100559688360e-01 5.717397148138850804e-01
2.559318851965450836e-01 -1.397104877051262573e-01 5.717044325565268093e-01
2.564189879494483404e-01 -1.406290501931005410e-01 5.716688838583174892e-01
2.569161030760591657e-01 -1.414949570729359951e-01 5.716332872132722231e-01
2.574372418762576609e-01 -1.421704117442612603e-01 5.715989054133260305e-01
2.579595486877397925e-01 -1.428753999220399584e-01 5.715637904197907737e-01
2.584922677175978123e-01 -1.435244721102002241e-01 5.715289266219278907e-01
2.590291220291844887e-01 -1.441768423995564430e-01 5.714936663919248927e-01
2.595704055794021969e-01 -1.448315183962219366e-01 5.714580716906130231e-01
2.601155527293022574e-01 -1.454943614776281480e-01 5.714220733283599252e-01
2.606646819813553395e-01 -1.461648379431233769e-01 5.713856776411807559e-01
2.612178257385028846e-01 -1.468431064381368056e-01 5.713488771044538117e-01
2.617750285200206584e-01 -1.475292529632887539e-01 5.713116656738179699e-01
2.623363348435316378e-01 -1.482233734657862623e-01 5.712740366756098309e-01
2.629034107460866965e-01 -1.489088008746170533e-01 5.712361713178871758e-01
2.634739398457997539e-01 -1.496095865057818497e-01 5.711977811473247790e-01
2.640493444518855481e-01 -1.503121365890340844e-01 5.711590369282163460e-01
2.646289656219774633e-01 -1.510235478770948769e-01 5.711198368315555385e-01
2.651984465428132709e-01 -1.519004703860399041e-01 5.710784352141392572e-01
2.657553068421004694e-01 -1.529842957342345822e-01 5.710347230196282098e-01
2.682585657356687525e-01 -1.545208811821837391e-01 5.732088087309424873e-01
2.680498832043409774e-01 -1.543815447548275155e-01 5.730199077414119824e-01
2.680699023584092178e-01 -1.543834502882402981e-01 5.730289401435418872e-01
2.680726186547297551e-01 -1.543788788186096217e-01 5.730217344512594790e-01
2.680753585367160463e-01 -1.543744485036172287e-01 5.730152035367617191e-01
2.680779972380537557e-01 -1.543700779931940215e-01 5.730090215048420088e-01
2.674565190403201953e-01 -1.543035516685462571e-01 5.724081924058340709e-01
2.654546029474547653e-01 -1.541367256516525397e-01 5.708248070975608934e-01
2.635774357980247840e-01 -1.539650663973217148e-01 5.693113611381189765e-01
2.616828121585079714e-01 -1.537966612619948437e-01 5.677665212220829316e-01
2.597846689004957854e-01 -1.536290331114379404e-01 5.661997643421226023e-01
2.578820682446988921e-01 -1.534627329251035954e-01 5.646098617703025901e-01
2.559755018901725410e-01 -1.532977973780882130e-01 5.629966321352017911e-01
2.540653274318779298e-01 -1.531343339011586313e-01 5.613597918735383496e-01
2.521519187440841581e-01 -1.529724375468662356e-01 5.596990755270819795e-01
2.502356512077290596e-01 -1.528122020875870013e-01 5.580142306383674144e-01
2.483169078015400044e-01 -1.526537185311568900e-01 5.563049922191022345e-01
2.463960768419356517e-01 -1.524970761490727911e-01 5.545711064227338838e-01
2.444735509778028504e-01 -1.523423618625492082e-01 5.528123367840561686e-01
2.425497305209874110e-01 -1.521896594453421570e-01 5.510284329812993320e-01
2.406250222138245909e-01 -1.520390507295394933e-01 5.492191624133350158e-01
2.386998407944158074e-01 -1.518906146676790025e-01 5.473842889466654649e-01
2.367746080638463146e-01 -1.517444272847974229e-01 5.455235856908456915e-01
2.348497548343057850e-01 -1.516005646334777357e-01 5.436368369031766568e-01
2.352355913870689819e-01 -1.521555857226010167e-01 5.437908469631784758e-01
2.353969057684697774e-01 -1.526757376414903389e-01 5.437628849105204942e-01
2.355788159349556377e-01 -1.532336075421799892e-01 5.437505713711608957e-01
2.357633041928180739e-01 -1.537677646852662894e-01 5.437366867855709662e-01
2.359601413451891949e-01 -1.542058547667181367e-01 5.437231728123592678e-01
2.361604100510796833e-01 -1.546272335934227860e-01 5.437094987754165221e-01
2.363582390772480391e-01 -1.550900566632192334e-01 5.436953799179281566e-01
2.365585051680124118e-01 -1.555494344363453352e-01 5.436811099681662096e-01
2.367611049087067487e-01 -1.560044545161906882e-01 5.436666816695902016e-01
2.369648563354866122e-01 -1.564663949834950996e-01 5.436520397939288429e-01
2.371699037970612933e-01 -1.569340954109821606e-01 5.436372033039141849e-01
2.373762116275293932e-01 -1.574077356365164160e-01 5.436221767522219084e-01
2.375837705933980804e-01 -1.578873549086062256e-01 5.436069656420701168e-01
2.377925711267659392e-01 -1.583730110361210863e-01 5.435915744614177036e-01
2.380026063737448738e-01 -1.588647630033096225e-01 5.435760070027954027e-01
2.382138716099787834e-01 -1.593626726427076201e-01 5.435602663986494054e-01
2.384263641129997779e-01 -1.598668042725721883e-01 5.435443551848048171e-01
2.386400830023296116e-01 -1.603772245724982559e-01 5.435282753500580988e-01
2.388102130229905751e-01 -1.613749428878253900e-01 5.435103216969121576e-01
2.387831728616872928e-01 -1.612678322371732254e-01 5.440431020281382146e-01
2.387882055244057999e-01 -1.612744149094496871e-01 5.439988094364616167e-01
2.387889926569845001e-01 -1.612724270231037094e-01 5.440011222769544075e-01
2.387898283539400257e-01 -1.612707682989019675e-01 5.440025990264070188e-01
2.387905665815372724e-01 -1.612692515987107778e-01 5.440040100397218747e-01
2.387912186939362413e-01 -1.612678666620442902e-01 5.440053483105179444e-01
2.387917919486912954e-01 -1.612666019871090428e-01 5.440066190518144662e-01
2.387922930472757554e-01 -1.612654470873524093e-01 5.440078269221000351e-01
2.387927281192511741e-01 -1.612643923822425773e-01 5.440089762592423828e-01
2.387931027727999145e-01 -1.612634291195321756e-01 5.440100711016103707e-01
2.387934221392672973e-01 -1.612625493044501646e-01 5.440111152097094616e-01
2.387936909140098152e-01 -1.612617456346202849e-01 5.440121120862985160e-01
2.387939133934877389e-01 -1.612610114408230544e-01 5.440130649942411800e-01
2.387940935093409156e-01 -1.612603406324815414e-01 5.440139769734352315e-01
2.387942348594919995e-01 -1.612597276478436870e-01 5.440148508563462659e-01
2.387943407364747639e-01 -1.612591674085499249e-01 5.440156892820439127e-01
2.387944141534099618e-01 -1.612586552779756432e-01 5.440164947093966141e-01
2.387944578677971830e-01 -1.612581870230427317e-01 5.440172694295478673e-01
2.387944744031800515e-01 -1.612577587794613021e-01 5.440180155770932835e-01
2.387944660689944321e-01 -1.612573670198906295e-01 5.440187351405827432e-01
2.387944349787776976e-01 -1.612570085247378437e-01 5.440194299726069938e-01
2.387943830667421385e-01 -1.612566803556107764e-01 5.440201017986771026e-01
2.387943121030171034e-01 -1.612563798309125662e-01 5.440207522260067652e-01
2.387942236607256963e-01 -1.612561046006832921e-01 5.440213822379666997e-01
2.387941192009853386e-01 -1.612558524967853402e-01 5.440219927224443364e-01
2.387940001682932467e-01 -1.612556213043244424e-01 5.440225858991237784e-01
2.387938678739688070e-01 -1.612554089701101756e-01 5.440231644094734031e-01
2.387937234791518426e-01 -1.612552136234514377e-01 5.440237313750756476e-01
2.387935678472885292e-01 -1.612550342642202761e-01 5.440242831709187765e-01
2.387934019747974812e-01 -1.612548692466818367e-01 5.440248236328043552e-01
2.387932267234476880e-01 -1.612547175830808255e-01 5.440253493391644657e-01
2.387930428890448487e-01 -1.612545778606089553e-01 5.440258648591175250e-01
2.387928512890616084e-01 -1.612544491466835761e-01 5.440263671270644252e-01
2.387926524773860970e-01 -1.612543303031779562e-01 5.440268615280415831e-01
2.387924471849854069e-01 -1.612542204959749037e-01 5.440273454582044144e-01
2.387922356929916834e-01 -1.612541188932871128e-01 5.440278251289903944e-01
2.387920191588956687e-01 -1.612540247057104026e-01 5.440282897403613260e-01
2.387917971049777210e-01 -1.612539374474887266e-01 5.440287549919764487e-01
2.387915707034311830e-01 -1.612538562844957613e-01 5.440292102118283735e-01
2.387913397992236508e-01 -1.612537808916753579e-01 5.440296630076760787e-01
2.387911056723512615e-01 -1.612537103299615526e-01 5.440301029784881948e-01
2.387908680122012572e-01 -1.612536444432857430e-01 5.440305381826644471e-01
2.387906272544578490e-01 -1.612535827140434419e-01 5.440309675349055407e-01
2.387903828388707184e-01 -1.612535252450692513e-01 5.440313993939472903e-01
2.387901360740554146e-01 -1.612534710577899488e-01 5.440318237895679365e-01
2.387898873112445641e-01 -1.612534197690405902e-01 5.440322402994104412e-01
2.387896357958298743e-01 -1.612533716985703192e-01 5.440326576528339286e-01
2.387893817715865119e-01 -1.612533265431162488e-01 5.440330753204766223e-01
2.387891266097414145e-01 -1.612532832688171602e-01 5.440334837822637937e-01
2.387888693848617960e-01 -1.612532424082895599e-01 5.440338921512868353e-01
2.387886102882843531e-01 -1.612532037178486810e-01 5.440343000730856193e-01
2.387883507172333941e-01 -1.612531661332647637e-01 5.440346982004606868e-01
2.387880896148204257e-01 -1.612531303360741908e-01 5.440350957674287002e-01
2.387878271270568731e-01 -1.612530961357428738e-01 5.440354925326849056e-01
2.387875633815110532e-01 -1.612530633806922020e-01 5.440358884373890369e-01
2.387872984945551280e-01 -1.612530319326385408e-01 5.440362834415110038e-01
2.387870325717715292e-01 -1.612530016659754484e-01 5.440366775225990992e-01
2.387867657089237095e-01 -1.612529724667118303e-01 5.440370706724695360e-01
2.387864979928417952e-01 -1.612529442314791506e-01 5.440374628944266711e-01
2.387862295022402104e-01 -1.612529168666055057e-01 5.440378542009088880e-01
2.387859616681936026e-01 -1.612528892759197141e-01 5.440382355297892492e-01
2.387856931987811238e-01 -1.612528624079562212e-01 5.440386161489070282e-01
2.387854241564185687e-01 -1.612528361738622407e-01 5.440389959358422622e-01
2.387851532098851093e-01 -1.612528115483616575e-01 5.440393839717919677e-01
2.387848831800834237e-01 -1.612527863777789561e-01 5.440397620506927101e-01
2.387846127169554744e-01 -1.612527616902630356e-01 5.440401395526673900e-01
2.387843418639358506e-01 -1.612527374210493969e-01 5.440405163600143812e-01
2.387840692497347206e-01 -1.612527145894959713e-01 5.440409015169057616e-01
2.387837977251935917e-01 -1.612526910139621683e-01 5.440412769003952764e-01
2.387835259038390556e-01 -1.612526677618806303e-01 5.440416518480918340e-01
2.387832538160530038e-01 -1.612526447849766398e-01 5.440420262410048391e-01
2.387829800635070387e-01 -1.612526231320181302e-01 5.440424090876426755e-01
