4.314094557798375251e-01 -4.489080949752533890e-12 3.396152352421258347e-01
4.314094557798375251e-01 -4.489080949752533890e-12 3.396152352421258347e-01
4.314008999490514529e-01 -2.243835845701875134e-06 3.395946800222144901e-01
4.314103247194858715e-01 -4.470491937302665720e-06 3.395902420579883230e-01
4.314146711977404069e-01 -6.646460008843979819e-06 3.395809210456454119e-01
4.314157761141708125e-01 -8.726025767560217377e-06 3.395687942781277502e-01
4.314145367119217589e-01 -1.071147735242366117e-05 3.395548597599926111e-01
4.314116587112052925e-01 -1.260105300094566328e-05 3.395398961846973762e-01
4.314076777486245962e-01 -1.439245739719335326e-05 3.395244783057125293e-01
4.314029958527124120e-01 -1.608361544025327952e-05 3.395090229533120896e-01
4.313979185163412944e-01 -1.767115892508109692e-05 3.394938436046295305e-01
4.313926604390171393e-01 -1.915501967312936235e-05 3.394791361592288670e-01
4.313873777362325357e-01 -2.053562639079111328e-05 3.394650334217864107e-01
4.313821888306960672e-01 -2.181184845597052550e-05 3.394516376897054877e-01
4.313771654958023505e-01 -2.298615099617271504e-05 3.394389853223866438e-01
4.313723554540949134e-01 -2.406150568264033235e-05 3.394270897101243634e-01
4.313677945655657875e-01 -2.503930450799414612e-05 3.394159623627064359e-01
4.313634941643781362e-01 -2.592411141904724128e-05 3.394055760766827579e-01
4.313637307415641997e-01 1.030139713904981407e-05 3.394239776992951096e-01
4.320738995244149394e-01 6.262069910595991070e-04 3.409836083920866345e-01
4.351930238815516772e-01 1.135759807752314112e-03 3.427390793949234848e-01
4.381165656237632211e-01 1.653297778236557632e-03 3.444863024123399065e-01
4.411107067614471466e-01 2.232061852635135700e-03 3.462417255270262006e-01
4.444679227576012193e-01 2.857220284199937614e-03 3.480221003226327547e-01
4.482076561401660553e-01 3.532763854063692994e-03 3.498223183284805415e-01
4.519853804840482381e-01 4.280006065059461552e-03 3.516138121327895827e-01
4.558188434236911668e-01 5.081733133716819471e-03 3.533226497094604235e-01
4.596951877268571907e-01 5.726716346474881522e-03 3.544558420866673609e-01
4.636354705981429181e-01 6.489206292619437329e-03 3.557682425241356916e-01
4.676296661433058666e-01 7.326920928597289127e-03 3.570137154503736365e-01
4.716725030342638902e-01 8.383285299720382930e-03 3.585573691298654109e-01
4.757579808939507160e-01 9.578299468345293291e-03 3.601062984427106373e-01
4.798801332595328817e-01 1.093188593766466522e-02 3.617497538957902270e-01
4.840375429272222862e-01 1.239851353136889670e-02 3.633479243277489834e-01
4.882265702714254085e-01 1.397228777775085494e-02 3.649108806049191078e-01
4.924430848170794350e-01 1.565306341108388746e-02 3.664339176341209758e-01
4.966827072816603628e-01 1.744201712873946764e-02 3.679136918112538290e-01
5.009408448459972130e-01 1.934047531341711798e-02 3.693467171271768712e-01
5.052127156368112493e-01 2.134964997411410020e-02 3.707295358628018844e-01
5.094933774918630753e-01 2.347056689012941982e-02 3.720587542098169331e-01
5.137777272061501144e-01 2.570403915303069720e-02 3.733310097560811336e-01
5.181585432918507372e-01 2.803833848339739102e-02 3.744597145290474161e-01
5.225117183787030273e-01 3.046110860762928085e-02 3.754983739158410105e-01
5.268565976158070541e-01 3.299474151736419419e-02 3.764800533905023339e-01
5.311798375153604646e-01 3.563961011842375903e-02 3.773885280401125808e-01
5.354763446073099731e-01 3.839591170049334173e-02 3.782223884200394126e-01
5.397403950291972397e-01 4.126305540299734370e-02 3.789791439580771915e-01
5.439538823908378617e-01 4.422697717579709281e-02 3.796366911342340944e-01
5.481120718758673016e-01 4.728095076111536732e-02 3.801953934966001980e-01
5.522027280519515857e-01 5.041288503259747783e-02 3.806443983657118446e-01
5.562410886558205592e-01 5.363704195608181430e-02 3.810129021557963069e-01
5.602201119465072265e-01 5.695612952476472590e-02 3.812973040050230966e-01
5.641347873867765816e-01 6.036967257381554292e-02 3.814968871461726363e-01
5.679802464510977922e-01 6.387566882431663928e-02 3.816109002550469587e-01
5.716902668187695546e-01 6.739809456225036299e-02 3.815622256453962136e-01
5.753328004981131949e-01 7.096989994539923408e-02 3.814412207708975933e-01
5.789494350758309649e-01 7.456408519766552501e-02 3.813186995341414365e-01
5.825378538397654182e-01 7.816319365705863553e-02 3.811880407989808872e-01
5.860983395892279679e-01 8.176037804190654235e-02 3.810496792535005839e-01
5.896213281950147822e-01 8.526789400346045100e-02 3.809050998776326580e-01
5.931140503292600119e-01 8.865955439628943335e-02 3.807535390738673309e-01
5.965580563787575841e-01 9.170480196129700279e-02 3.805996627111556951e-01
5.999672288887010208e-01 9.421667321144444607e-02 3.804438806488729119e-01
6.033567948069739062e-01 9.606501560380314997e-02 3.802863175254492245e-01
6.067618608968099458e-01 9.763801640436951812e-02 3.801163579679277538e-01
6.101576325361562914e-01 9.915102602476413840e-02 3.799365145455689263e-01
6.135307292568970006e-01 1.006690227501119000e-01 3.797486135499733573e-01
6.168776420892382317e-01 1.022242019595361595e-01 3.795527199051879630e-01
6.201984288768066511e-01 1.038968613152385367e-01 3.793471504659029492e-01
6.234984880324686563e-01 1.059918748645691244e-01 3.791248254293011488e-01
6.267681187160240031e-01 1.088139332242875207e-01 3.788824719124277984e-01
6.299864843980496065e-01 1.124155794702935141e-01 3.786232994509561300e-01
6.331012379853399041e-01 1.163455935914708694e-01 3.783622432454172291e-01
6.361311082485240354e-01 1.203551180287893013e-01 3.780962075820642476e-01
6.390751571520041363e-01 1.243760872446762200e-01 3.778229695064669880e-01
6.419614528774674200e-01 1.283917946414405709e-01 3.775408601556255461e-01
6.448032604604994056e-01 1.323953944261967441e-01 3.772490559788911346e-01
6.475992057726690510e-01 1.363836876475718884e-01 3.769473989905455791e-01
6.503484520197151397e-01 1.403554997241997504e-01 3.766357085621397927e-01
6.530500345016433394e-01 1.443100438257441109e-01 3.763138611838962033e-01
6.557029795420118434e-01 1.482466148765167191e-01 3.759817191377640699e-01
6.583063252119873976e-01 1.521645193382774597e-01 3.756391538637444127e-01
6.608591345554406526e-01 1.560630639929535823e-01 3.752860621298568233e-01
6.632340674459797913e-01 1.599500234863174553e-01 3.749323147301235060e-01
6.649705912099049820e-01 1.638739755469025561e-01 3.746193816375697483e-01
6.664462652790630326e-01 1.678565586431083334e-01 3.743184088968476986e-01
6.677316549817543523e-01 1.718671072156076618e-01 3.740269527730777921e-01
6.689189037080243150e-01 1.758882068073269744e-01 3.737366710690328553e-01
6.698791805733802507e-01 1.799247922839431746e-01 3.734622898656086987e-01
6.707860067292780171e-01 1.839704248179884483e-01 3.731853187065682365e-01
6.713982706710615034e-01 1.880401417398228359e-01 3.729348075508142069e-01
6.719214417186663013e-01 1.921321175773078038e-01 3.726867592974433818e-01
6.721276080497367023e-01 1.962616346569052983e-01 3.724711938265005129e-01
6.721445360329745267e-01 2.004343898458525730e-01 3.722722266743415664e-01
6.719899327865930250e-01 2.046398619528685681e-01 3.720898079311857898e-01
6.715896250308421855e-01 2.088889793704317988e-01 3.719343250437228132e-01
6.711222220900768809e-01 2.131622583530277115e-01 3.717821913075856632e-01
6.705956068400986680e-01 2.174419296401174095e-01 3.716339582180878676e-01
6.700563125458876002e-01 2.217179293185842781e-01 3.714830772386924496e-01
6.695032754625731553e-01 2.259853808629172511e-01 3.713299723422367471e-01
6.689366820746376341e-01 2.302437000261904343e-01 3.711744352692166737e-01
6.683564579308087783e-01 2.344926008273170437e-01 3.710164000438729293e-01
6.677625328709763108e-01 2.387318415973360142e-01 3.708558215251547829e-01
6.671548327835498116e-01 2.429611852202019917e-01 3.706926530260183927e-01
6.664300278500097097e-01 2.472012893538362843e-01 3.705409577803119858e-01
6.657021388027856146e-01 2.514400369465332186e-01 3.703845119636647865e-01
6.649542200592618579e-01 2.556696792500182669e-01 3.702266202405035678e-01
6.640430791803990651e-01 2.599222804484496163e-01 3.700866817326029512e-01
6.626922274570916649e-01 2.642765633708892836e-01 3.700032661688764657e-01
6.612788660134887309e-01 2.686792789025317374e-01 3.699217081854901390e-01
6.597160610441810125e-01 2.731204755549468399e-01 3.698789734499905446e-01
6.579862740791472264e-01 2.776603754025782633e-01 3.700019016262489080e-01
6.561219798786477320e-01 2.822825181171434439e-01 3.702020237899786292e-01
6.541711575684845403e-01 2.869364617193832512e-01 3.703939935508862025e-01
6.521466022512072414e-01 2.915984350268331360e-01 3.705617399442749371e-01
6.500233028064476004e-01 2.962860678100234790e-01 3.707440547354038940e-01
6.477770753053246899e-01 3.010238408529733456e-01 3.709671500120070298e-01
6.453660518597501561e-01 3.058517096522249679e-01 3.712776533396464074e-01
6.428430487754027700e-01 3.107236601634263962e-01 3.715848162902948837e-01
6.402459026396194464e-01 3.155900552995615782e-01 3.718432598696206903e-01
6.375794924323593404e-01 3.204365899513552107e-01 3.720526281866872731e-01
6.348459387863072401e-01 3.252580556474560791e-01 3.722121010667849839e-01
6.320505941528758997e-01 3.300468957289484639e-01 3.723175898638022563e-01
6.291834070827548864e-01 3.348093073829508937e-01 3.723823490317169083e-01
6.262784733441377760e-01 3.395483190599447587e-01 3.724186180893758191e-01
6.233536739351434042e-01 3.442779606048201879e-01 3.724528948739329048e-01
6.203949009472986553e-01 3.490021788887553988e-01 3.724848701887966684e-01
6.174243330847234423e-01 3.537164095932091579e-01 3.725119276256547707e-01
6.144392869944833580e-01 3.584186713900950338e-01 3.725345635654932486e-01
6.114337146778456855e-01 3.631105205972614547e-01 3.725535098823340441e-01
6.084108312693773390e-01 3.677915560631902503e-01 3.725683968039592564e-01
6.057040394140890127e-01 3.723752061036538774e-01 3.725412711311827385e-01
6.030562045258780479e-01 3.768907451915948781e-01 3.725028845326726068e-01
6.004925081046581514e-01 3.813596460796634391e-01 3.724496024297100916e-01
5.983091200538882548e-01 3.857034826099500768e-01 3.723509727195870034e-01
5.973544453939348964e-01 3.896751793152519738e-01 3.721236689847760570e-01
5.968904588697281355e-01 3.933605974578143205e-01 3.718406170978355574e-01
5.972718670462244805e-01 3.967425917545920333e-01 3.714665806537648107e-01
5.979113392322953358e-01 3.999243971628722027e-01 3.710544401804641290e-01
5.988282154749413611e-01 4.029565086953627029e-01 3.706011805759837352e-01
5.997194106343604059e-01 4.059177158686476106e-01 3.701356189562138854e-01
6.003043478926919363e-01 4.089252005574111060e-01 3.696878181030575083e-01
6.001657771980695166e-01 4.121500921842792264e-01 3.693070058077546625e-01
5.994630892484508200e-01 4.155977304319525834e-01 3.689827089151725970e-01
5.987224544015843364e-01 4.190819715683246072e-01 3.686585723973040407e-01
5.979629840997773282e-01 4.225464030230275392e-01 3.683312406826743102e-01
5.972567784350447662e-01 4.259634020900585072e-01 3.679915137295509675e-01
5.968567467780799829e-01 4.292320906359285426e-01 3.676097051628363643e-01
5.973345525373128240e-01 4.321083613581421234e-01 3.671171664638323007e-01
5.982510286099806951e-01 4.346877613499871562e-01 3.665577858271188427e-01
5.995384275945485619e-01 4.370201135832823547e-01 3.659355325061584008e-01
6.009457705874090561e-01 4.392004655422435122e-01 3.652783583199971096e-01
6.023509325938909420e-01 4.412962509628438612e-01 3.646010551097177421e-01
6.037810565395168583e-01 4.431112533879061899e-01 3.639381076861041842e-01
6.052058318026194428e-01 4.447722702626295543e-01 3.632681051336953959e-01
6.067027278786553124e-01 4.460691787487928717e-01 3.626230451566770374e-01
6.082778871794708442e-01 4.470300196994072550e-01 3.619928467231451341e-01
6.098922412422229655e-01 4.477694513635347984e-01 3.613671544376140798e-01
6.115708249301317068e-01 4.482285549027335558e-01 3.607587184174262385e-01
6.113160604119948216e-01 4.482424840946961364e-01 3.608377653574718624e-01
6.112673643310430061e-01 4.482388073729850486e-01 3.608010202077074347e-01
6.112289133933673790e-01 4.482158677977298167e-01 3.607738482767458565e-01
6.115592018879244529e-01 4.489400793706325166e-01 3.578212129124572760e-01
6.120279650784531400e-01 4.499177971286158484e-01 3.536933268276282183e-01
6.124713566580987090e-01 4.508326321608434606e-01 3.496228791328327978e-01
6.129053849429609846e-01 4.517237165792120090e-01 3.455132260579227288e-01
6.133277992836450032e-01 4.525865845599399973e-01 3.413729526609587950e-01
6.137382983820103277e-01 4.534205622123372303e-01 3.372021456547978913e-01
6.141364189173547095e-01 4.542247075848420135e-01 3.330016509653818679e-01
6.145217363431257906e-01 4.549981313984484688e-01 3.287723381442499426e-01
6.148938373601504637e-01 4.557399631424803865e-01 3.245151153938878319e-01
6.152523351528383921e-01 4.564493647514829000e-01 3.202309776560543497e-01
6.155968528316154709e-01 4.571255206089400169e-01 3.159209499777630437e-01
6.159270377246393036e-01 4.577676486299116498e-01 3.115861295902015993e-01
6.162425529081433373e-01 4.583749970855173217e-01 3.072276575931172649e-01
6.167010628265749972e-01 4.587629231419447229e-01 3.029321844443895184e-01
6.176297255748761650e-01 4.585603340112606729e-01 2.988416044262161009e-01
6.189384296594341306e-01 4.578591326437360665e-01 2.949521686016416955e-01
6.205136375684932037e-01 4.568087283176303082e-01 2.911301178748003649e-01
6.220805103158166816e-01 4.557190881885529454e-01 2.872378317166011663e-01
6.236359735877401445e-01 4.545927983355341762e-01 2.832892633517392622e-01
6.251853574063448438e-01 4.534225257277645360e-01 2.792825355249670127e-01
6.266067115781618346e-01 4.523351367671613610e-01 2.752295172324405459e-01
6.280108464661693368e-01 4.512166062079734918e-01 2.711190143920628182e-01
6.292646540310782299e-01 4.502069170977545109e-01 2.669581924659431005e-01
6.302838120827108925e-01 4.494041531437575343e-01 2.627487418048340961e-01
6.312995025164619411e-01 4.485570549242108851e-01 2.584769864471638812e-01
6.321804143151169564e-01 4.478053241098872150e-01 2.541411570042678703e-01
6.330077337455068953e-01 4.470600490591658538e-01 2.497397505115354632e-01
6.336666372644877976e-01 4.464484496533707714e-01 2.452667327066625214e-01
6.341011445719826334e-01 4.460366360139779718e-01 2.407161593351178908e-01
6.343030990785162304e-01 4.458342853303033371e-01 2.360882505739469728e-01
6.344924857905401838e-01 4.455861035589210872e-01 2.313925966588475935e-01
6.346602866304248414e-01 4.452959286456735777e-01 2.266250968696725265e-01
6.349212180298492436e-01 4.448230311593142638e-01 2.266074142011385295e-01
6.352377530976404119e-01 4.444247383363063575e-01 2.262052461644647461e-01
6.355497702628937207e-01 4.440138290845039859e-01 2.258303042754001011e-01
6.358860588088187660e-01 4.435749351884157310e-01 2.254453969275130032e-01
6.362606676877452516e-01 4.430894035858645164e-01 2.250547104028116085e-01
6.366496459159126653e-01 4.425848099374776190e-01 2.246591728577806979e-01
6.370675276774124818e-01 4.420442509973725453e-01 2.242556076344783822e-01
6.374763662510518625e-01 4.415116000238133998e-01 2.238442281255949295e-01
6.378936104601609092e-01 4.409669403638088458e-01 2.234271339597100337e-01
6.383165286868339727e-01 4.404131318302704767e-01 2.230034415721186547e-01
6.387452041402421621e-01 4.398499885352217809e-01 2.225731659913510740e-01
6.391796892516322659e-01 4.392773309166888573e-01 2.221361950168035393e-01
6.396033735264372577e-01 4.387148965412248636e-01 2.216952559869665440e-01
6.399873621617068187e-01 4.381977504393501643e-01 2.212554534016032415e-01
6.402854507661785988e-01 4.377821447110546993e-01 2.208128932595693761e-01
6.405182284887966926e-01 4.374058635056528033e-01 2.189217267148083901e-01
6.404381652624914212e-01 4.372799914833302437e-01 2.137582306762623729e-01
6.402004921110439062e-01 4.371896382549823601e-01 2.087730462431141853e-01
6.398798875995387325e-01 4.371273592364409710e-01 2.037056833321169158e-01
6.394780620089653977e-01 4.370766358151246811e-01 1.985676553821958401e-01
6.389740366953697848e-01 4.370599821634442161e-01 1.933645330318039812e-01
6.382864352811866704e-01 4.371716169157975895e-01 1.880891321566657282e-01
6.374795844454466121e-01 4.373316602498011352e-01 1.827588480965363915e-01
6.364600291744002547e-01 4.376506019824139559e-01 1.773917575883764974e-01
6.354144960745452542e-01 4.378994959537821363e-01 1.719771032384610487e-01
6.343450370998217069e-01 4.380680290374801000e-01 1.664991853428555157e-01
6.332301933176315289e-01 4.381807273698099525e-01 1.609752798413756902e-01
6.320701982441594424e-01 4.382350065478028966e-01 1.554074750229458568e-01
6.308538617368767421e-01 4.382680010293403261e-01 1.501370818303833510e-01
6.293768493553236754e-01 4.385532422566782995e-01 1.453491714463173157e-01
6.276518025858902616e-01 4.390945208834796110e-01 1.410090648462249685e-01
6.260932997849547599e-01 4.404551594106725920e-01 1.398526889211970103e-01
6.244863372148734548e-01 4.418696386242936813e-01 1.384399175224686196e-01
6.228589698295795563e-01 4.432757585964902658e-01 1.370333503320469992e-01
6.213465410596803462e-01 4.444948420922831822e-01 1.355112332112061724e-01
6.198137695339384079e-01 4.457067277265507887e-01 1.339725797296278109e-01
6.182820598012636060e-01 4.468855131288807514e-01 1.323998828906756131e-01
6.170006196697289669e-01 4.477439891158199181e-01 1.307611070148425869e-01
6.159739974836274667e-01 4.482718078503315495e-01 1.290258520409491294e-01
6.151874838431649062e-01 4.485219518952412998e-01 1.273000091974467729e-01
6.147851690322225782e-01 4.483133652613712217e-01 1.254823016897878285e-01
6.149071757743549416e-01 4.475276927223968970e-01 1.236742915967786460e-01
6.153489876647129098e-01 4.464159386511655225e-01 1.219592155300717740e-01
6.158569237556902332e-01 4.452231003292582701e-01 1.202506535763376433e-01
6.163281721531659318e-01 4.435793122712495817e-01 1.185846124195930884e-01
6.167677636420066944e-01 4.415294103978023577e-01 1.169769213727757107e-01
6.172165626987751175e-01 4.394613764219801877e-01 1.155205719873264314e-01
6.176612227063470462e-01 4.373748716597737340e-01 1.142026639290548429e-01
6.179357389313221427e-01 4.354381968560127603e-01 1.129953590493762150e-01
6.179527269868048123e-01 4.337369020269150610e-01 1.118808264538004998e-01
6.179599226420297020e-01 4.320254849285459775e-01 1.108742034326816450e-01
6.179725845444604682e-01 4.302834630601373722e-01 1.099649654880405780e-01
6.179862883312909894e-01 4.285149236053165667e-01 1.091435902052267787e-01
6.180002464492416747e-01 4.267194072561855123e-01 1.084017688979075911e-01
6.180128513924728617e-01 4.249019360544225021e-01 1.077354059475546105e-01
6.182153629291411434e-01 4.240378436361820214e-01 1.073465593875757851e-01
6.182235896239653972e-01 4.233646622129516590e-01 1.069902810343859451e-01
6.182262672731824171e-01 4.233942962297079782e-01 1.070048643698388452e-01
6.184187531308662500e-01 4.231689131665147818e-01 1.070515792984495923e-01
6.184169362468272535e-01 4.231834562108330311e-01 1.070365584139594400e-01
6.185991681818807653e-01 4.229640277878992105e-01 1.070763344589976268e-01
6.185960281810732875e-01 4.229782223836171529e-01 1.070628880751813006e-01
6.187687408367633646e-01 4.227653690493851646e-01 1.070964154999446832e-01
6.187645655643577713e-01 4.227791169541113558e-01 1.070842936314460037e-01
6.189263518703180811e-01 4.225742893216786200e-01 1.071113249160659670e-01
6.189215066805200394e-01 4.225875112493291397e-01 1.071004667205786853e-01
6.190774710254971502e-01 4.223879348384208532e-01 1.071245109699265341e-01
6.190718451293106828e-01 4.224008166814253173e-01 1.071144924628039674e-01
6.192203158205755731e-01 4.222078032856750318e-01 1.071348449029945055e-01
6.192164318569329806e-01 4.222178859964339503e-01 1.071262830154455781e-01
6.193591280119113973e-01 4.220285035385681893e-01 1.071419977398839762e-01
6.193555967499823067e-01 4.220352965359907560e-01 1.071321784045863590e-01
6.194914632599848314e-01 4.218527764342572817e-01 1.071453217625948640e-01
6.194876310540199382e-01 4.218587301658504596e-01 1.071357904829335767e-01
6.196163904002957024e-01 4.216836327250003680e-01 1.071465169945181595e-01
6.196129777351323531e-01 4.216882744390860194e-01 1.071374877981185053e-01
6.197345814816862530e-01 4.215210821557217602e-01 1.071461467827379832e-01
6.197315197982586898e-01 4.215248562930355436e-01 1.071374900125720148e-01
6.198470360262878787e-01 4.213647074749572452e-01 1.071445929443987366e-01
6.198447369727400069e-01 4.213676286943702221e-01 1.071362648075043084e-01
6.204677073813387178e-01 4.224259254526786522e-01 1.110711259614294288e-01
6.210519278995914050e-01 4.234828118315288603e-01 1.147230081533965607e-01
6.216241770154218305e-01 4.245089008852540591e-01 1.184405587362560852e-01
6.221812939684282506e-01 4.255128778520650412e-01 1.221946444781018271e-01
6.227236426190734253e-01 4.264933285911585159e-01 1.259879007439439202e-01
6.232511574343871930e-01 4.274494081485026853e-01 1.298198499355507629e-01
6.237627121952357134e-01 4.283803839578187445e-01 1.336891007608197735e-01
6.242572947599306366e-01 4.292876254800002123e-01 1.375959391382354235e-01
6.247359006499577649e-01 4.301676974405762022e-01 1.415392639187638135e-01
6.251975813662005166e-01 4.310203275899485709e-01 1.455180878374261189e-01
6.256420550114673018e-01 4.318447332189679355e-01 1.495317307099532367e-01
6.260585737944643903e-01 4.326442368395722604e-01 1.535718477350626610e-01
6.264592622948286227e-01 4.334124414853160467e-01 1.576457767701642254e-01
6.268413761678869323e-01 4.341511139362384530e-01 1.617518623067697447e-01
6.272113465275147570e-01 4.348577230693048135e-01 1.658948258799659570e-01
6.275632637115644563e-01 4.355320719991511158e-01 1.700685929718047662e-01
6.278962593828599781e-01 4.361738421529000598e-01 1.742719836459886706e-01
6.282020747852899989e-01 4.367854826094351717e-01 1.784981748889154507e-01
6.284897546467224094e-01 4.373621132711645876e-01 1.827519379466779892e-01
6.287592549055652791e-01 4.379032576456381443e-01 1.870323541087099140e-01
6.290073533255473581e-01 4.384109383579895547e-01 1.913370987170537052e-01
6.292356986118956552e-01 4.388830548162781509e-01 1.956661428178750883e-01
6.294464399786987574e-01 4.393186300951297807e-01 2.000202068872739547e-01
6.296385315091880264e-01 4.397208977506641969e-01 2.044009383015042147e-01
6.298091201859197241e-01 4.400866493406977997e-01 2.088014396625259561e-01
6.299589065173408775e-01 4.404143645580074207e-01 2.132206865504875648e-01
6.300877340684306605e-01 4.407036359187048169e-01 2.176572151442380809e-01
6.301943584160873968e-01 4.409539602566581729e-01 2.221078974991985422e-01
6.302799573983299819e-01 4.411624591452275035e-01 2.265709953159757706e-01
6.303446227553877179e-01 4.413310451734606121e-01 2.310467652803894212e-01
6.303890353594555629e-01 4.414596362854916745e-01 2.355353068420131257e-01
6.304136725437801125e-01 4.415465934434630313e-01 2.400339562139011118e-01
6.304160781413247205e-01 4.415931931530636678e-01 2.445387791711279568e-01
6.303954089768211144e-01 4.416010968951248894e-01 2.490493011546555946e-01
6.303530532061963898e-01 4.415685813011795968e-01 2.535638813885341403e-01
6.302923402810461928e-01 4.415114465821179390e-01 2.580780240754699806e-01
6.302153115645400261e-01 4.414426205006489190e-01 2.625888001693191254e-01
6.301216241249879557e-01 4.413620002501818518e-01 2.670963514886682266e-01
6.300101037169334450e-01 4.412714828715496584e-01 2.716013947312785337e-01
6.298842487842916116e-01 4.411663626824892104e-01 2.761033058853030187e-01
6.297415863598871955e-01 4.410493017155281970e-01 2.806010555575987331e-01
6.295820671454944728e-01 4.409203103077560804e-01 2.850944408128893159e-01
6.294056495829495335e-01 4.407793660748173248e-01 2.895831793826773581e-01
6.292122885075447369e-01 4.406264544298771346e-01 2.940669903333513746e-01
6.290019419218703112e-01 4.404615621098196820e-01 2.985455955678619766e-01
6.287745709902845537e-01 4.402846768683733036e-01 3.030187157564611100e-01
6.285301389225760316e-01 4.400957867888711794e-01 3.074860707229956081e-01
6.282686120138853969e-01 4.398948811422345173e-01 3.119473800928490581e-01
6.279899588363991869e-01 4.396819498621040156e-01 3.164023638282519868e-01
6.276941503173988357e-01 4.394569836706493926e-01 3.208507430953118633e-01
6.273856780492358398e-01 4.392185156573451543e-01 3.252969561686560040e-01
6.270601930897390375e-01 4.389670324977838489e-01 3.297354077174022846e-01
6.267168463766673581e-01 4.387035388230811628e-01 3.341657117677752642e-01
6.263557029675247412e-01 4.384265870142783350e-01 3.385863995529119763e-01
6.259781505950364755e-01 4.381366495928583626e-01 3.429996817564134326e-01
6.255833084059638782e-01 4.378345583675107844e-01 3.474046273123502226e-01
6.251711214026371977e-01 4.375203742752832858e-01 3.518009626410459334e-01
6.247333525524232378e-01 4.372001887107509477e-01 3.561829593300870345e-01
6.242777770010587979e-01 4.368692471151081613e-01 3.605563085162594161e-01
6.238043538049077297e-01 4.365270948051885869e-01 3.649200772751113320e-01
6.233137575975933320e-01 4.361729944013227334e-01 3.692743579062119363e-01
6.228115545785434248e-01 4.358031002672426157e-01 3.736230643951410912e-01
6.222934959974656399e-01 4.354190239849982103e-01 3.779616190610937121e-01
6.217581084917270795e-01 4.350227230786498644e-01 3.822895550306177892e-01
6.212053065276543773e-01 4.346142984612046400e-01 3.866065792678663460e-01
6.206350486740538352e-01 4.341938347549084143e-01 3.909123736517418068e-01
6.201867095382718187e-01 4.333944377879747067e-01 3.952777045463860550e-01
6.199767732560077516e-01 4.319482861264101747e-01 3.997424282391016659e-01
6.200181337447204788e-01 4.298431962802060635e-01 4.043005235021414623e-01
6.204268074718436443e-01 4.269268003257594146e-01 4.089649573008007910e-01
6.212276284637515689e-01 4.232462896541129838e-01 4.140166483482129456e-01
6.220667851570627072e-01 4.194101810027244803e-01 4.190317377267753773e-01
6.228899603596067536e-01 4.154854217530464244e-01 4.240089525862699160e-01
6.236802807697856554e-01 4.114885314254860815e-01 4.289550875126946217e-01
6.244326341966067728e-01 4.074261984593970376e-01 4.338691359901215572e-01
6.251563150963094229e-01 4.032938111198313691e-01 4.387397708030736920e-01
6.258511652170474227e-01 3.990931744415679994e-01 4.435651650192937723e-01
6.266268095730865850e-01 3.947579399094076624e-01 4.482544246626364304e-01
6.274215780654327501e-01 3.903616012859116857e-01 4.529169589371880855e-01
6.284080643574312397e-01 3.858591726206687111e-01 4.574548663540267124e-01
6.294255842572397119e-01 3.812851330006503670e-01 4.619561856360881458e-01
6.307847169812468291e-01 3.765582347475273095e-01 4.662450213866523030e-01
6.326178356600383745e-01 3.716463075304503039e-01 4.702381612921398557e-01
6.345426560524265458e-01 3.666563176291569581e-01 4.741374977520524947e-01
6.365355265342586000e-01 3.617622043907848806e-01 4.778812619169564568e-01
6.385645969273914258e-01 3.570780559064731241e-01 4.814433182856243110e-01
6.406065234068416547e-01 3.524977041581321968e-01 4.848801405543965437e-01
6.425972610870498425e-01 3.480477773814397713e-01 4.882221658966576783e-01
6.445250959431076954e-01 3.436092438472505006e-01 4.915264593507346347e-01
6.463973299790345406e-01 3.391657413849135660e-01 4.947929784485989857e-01
6.482710947704137805e-01 3.346189839019336199e-01 4.979611643193466719e-01
6.501340131723234439e-01 3.299387281512010106e-01 5.011050317585096225e-01
6.519471888631578338e-01 3.252375733742357000e-01 5.042136559623433545e-01
6.537071935838300041e-01 3.205315422851431340e-01 5.072845158275141042e-01
6.553642216805298792e-01 3.159762162801527663e-01 5.102958502033285715e-01
6.570322041480455288e-01 3.115799504541770792e-01 5.130857703920143065e-01
6.586688374192251061e-01 3.072274959613914280e-01 5.157508158292115619e-01
6.603911003325032558e-01 3.029378125984997783e-01 5.179821393501392590e-01
6.621627936555566363e-01 2.986680631236554029e-01 5.199066821302011920e-01
6.640417224963024445e-01 2.944677798036536287e-01 5.213538400646695603e-01
6.660646033273638356e-01 2.903537695387207740e-01 5.222266437015508078e-01
6.684712544035710247e-01 2.864370877123698089e-01 5.218640817161410705e-01
6.709922332482295415e-01 2.825737351697559796e-01 5.210144749287108912e-01
6.735107743450294837e-01 2.787174392892090014e-01 5.200502495522896229e-01
6.759931073859247741e-01 2.748590640384445671e-01 5.190831705809402230e-01
6.784426314447176143e-01 2.710026855739920415e-01 5.181082173004423197e-01
6.808589159764139032e-01 2.671485287204683479e-01 5.171257190961585648e-01
6.832419169869157205e-01 2.632968703649889997e-01 5.161356882507882604e-01
6.855915903440775727e-01 2.594479730195608513e-01 5.151381721290454463e-01
6.879248904127903685e-01 2.555352778839634631e-01 5.141409449080969196e-01
6.901680216717047678e-01 2.515227502892632416e-01 5.132301264742705760e-01
6.922673416298641413e-01 2.471929404162928334e-01 5.125418698440519227e-01
6.942750939299098256e-01 2.427087677318851278e-01 5.119695637942964783e-01
6.962356096785921045e-01 2.382041252694102884e-01 5.114206447876015194e-01
6.981590852335748387e-01 2.335740922322744328e-01 5.109198604206007799e-01
7.000059895951575850e-01 2.289276727744558315e-01 5.104703651690213340e-01
7.018259309674805824e-01 2.242860922451118955e-01 5.100142474150448635e-01
7.035788405000612533e-01 2.196594578363400829e-01 5.095893758251528460e-01
7.053098965210358173e-01 2.150289824887121060e-01 5.091554971341594182e-01
7.069575873000952804e-01 2.104008086917131537e-01 5.087752137658364537e-01
7.084841789186162586e-01 2.057770976167335730e-01 5.084906741577226441e-01
7.099948322154108205e-01 2.011596088607645050e-01 5.081911873482652942e-01
7.114802191769508122e-01 1.965416126637959671e-01 5.078867577108274745e-01
7.129428067281371462e-01 1.919228927903558479e-01 5.075745017827467676e-01
7.143821805991517060e-01 1.873034524859991390e-01 5.072543894540001430e-01
7.157980757885269441e-01 1.826835380861400182e-01 5.069262513855734564e-01
7.171902377955547969e-01 1.780634093787853145e-01 5.065899489133672828e-01
7.180317650956583586e-01 1.732995742501734215e-01 5.076569687366910832e-01
7.183005097570627218e-01 1.684566582529706258e-01 5.101106219865977343e-01
7.184679194825667192e-01 1.636434180957277162e-01 5.127421712801457643e-01
7.184695620307193220e-01 1.588525050688113782e-01 5.155058518823293356e-01
7.183252126585834008e-01 1.541013035681475796e-01 5.183777049903441903e-01
7.179708811448318739e-01 1.494009656251114593e-01 5.214342404512213314e-01
7.175223066647368197e-01 1.447202419206521928e-01 5.245782935706519989e-01
7.172373149274682280e-01 1.400855539712831666e-01 5.272292441968678967e-01
7.179553852825077964e-01 1.356642236364834775e-01 5.273240677684761790e-01
7.183972730426851916e-01 1.312143962161471389e-01 5.276920002595228976e-01
7.187638921746311027e-01 1.267822912129775714e-01 5.281229578700984417e-01
7.189729119568043503e-01 1.223687155210445715e-01 5.287053125713886415e-01
7.191326896778441613e-01 1.179619017599460168e-01 5.293200839741341035e-01
7.192712468604207654e-01 1.135488398727747678e-01 5.299355239884218083e-01
7.193961895314964217e-01 1.091255180738202463e-01 5.305423488431811885e-01
7.194984881941405286e-01 1.046920791447606552e-01 5.311493074255881908e-01
7.195098294615633883e-01 1.002544711656971066e-01 5.318293460829759400e-01
7.194708709347192865e-01 9.581297450513899527e-02 5.325376835198226688e-01
7.194160513716547634e-01 9.136246170181264170e-02 5.332361830181397977e-01
7.193345177129013557e-01 8.690108259350440290e-02 5.339354923095087635e-01
7.192331781520794332e-01 8.242902548898690951e-02 5.346274805007211750e-01
7.195218061355491690e-01 7.785292976308362534e-02 5.345137192273132776e-01
7.202220633658987792e-01 7.304925259250137637e-02 5.336031211665199780e-01
7.208459841181923400e-01 6.819414625553830989e-02 5.327297190874159538e-01
7.214660569189913497e-01 6.332839438705142876e-02 5.317898038849114828e-01
7.219961103694386706e-01 5.848795225884215881e-02 5.309279029369998737e-01
7.224261806810513553e-01 5.369242598002388345e-02 5.301679089947275436e-01
7.226236563522351330e-01 4.895455409508592259e-02 5.297463535493907028e-01
7.225070756591159826e-01 4.433596111940545786e-02 5.298228385910168647e-01
7.221352373800905555e-01 4.023137430973258016e-02 5.303337186470798992e-01
7.216661664737382686e-01 3.625470082834399144e-02 5.309662399067378580e-01
7.206320526885764410e-01 3.260151802104142155e-02 5.325677784987545849e-01
7.195445529918533811e-01 2.925735632425725818e-02 5.342639468662417901e-01
7.183570292444473315e-01 2.596670888234606234e-02 5.360755213749833770e-01
7.171429573161480775e-01 2.267738657414606132e-02 5.378780594849442709e-01
7.159022955578715486e-01 1.938661359114758967e-02 5.396670085644343917e-01
7.145980899754301729e-01 1.628314461893511436e-02 5.415370808975217276e-01
7.132503611852374359e-01 1.327460077423262864e-02 5.434354691846323693e-01
7.118504534595516686e-01 1.034971931251645397e-02 5.453784289353020842e-01
7.100016970094784607e-01 9.361222374021460277e-03 5.481898023527890240e-01
7.081026093594841031e-01 9.036211979625228749e-03 5.509453267432458112e-01
7.061704373935772105e-01 9.020777361351345336e-03 5.536395297960304829e-01
7.042190854082428508e-01 9.140333030682894211e-03 5.562904391110974345e-01
7.022592576388202446e-01 9.474321467734959229e-03 5.588509599084133805e-01
7.002787805684048683e-01 9.935161372525517023e-03 5.613674975916150833e-01
6.985183903296520169e-01 8.928890308130965278e-03 5.638619852498517604e-01
6.967176577002388571e-01 7.618427107441872771e-03 5.663736932141086866e-01
6.948895613138795779e-01 6.269169084741493120e-03 5.688837986417070169e-01
6.930329410254548739e-01 4.919045487016569795e-03 5.713918749171863487e-01
6.911478213603429177e-01 3.573111587001093908e-03 5.738973523678254640e-01
6.890087258071856402e-01 3.583498914771591441e-03 5.763847119777090189e-01
6.868543123204897682e-01 3.893507232498952426e-03 5.788538724372356281e-01
6.848958277815755391e-01 2.948431233471854318e-03 5.813432774238218581e-01
6.828947984779798475e-01 1.706139860720384902e-03 5.838435304837573669e-01
6.808649402082757041e-01 4.175130426860538548e-04 5.863395378809914682e-01
6.788056242014124386e-01 -8.739193842939591960e-04 5.888305769183068694e-01
6.767169408392091912e-01 -2.160820855649683413e-03 5.913159853209108974e-01
6.744089960896191283e-01 -2.186736313438814722e-03 5.936915117087031568e-01
6.720973434057742057e-01 -1.791948162299356268e-03 5.960052267795997727e-01
6.699278913447266337e-01 -2.421084970050952755e-03 5.985379322668643587e-01
6.677216407821757738e-01 -3.325221663229851413e-03 6.010657908281497042e-01
6.654847729290027658e-01 -4.279440692712767162e-03 6.035885858823606398e-01
6.632180174685752272e-01 -5.237094081191120964e-03 6.061046046393614439e-01
6.609215025004657740e-01 -6.188620988658728381e-03 6.086132169770875899e-01
6.585952472779251776e-01 -7.131910905361570421e-03 6.111139669867080570e-01
6.562392462166513063e-01 -8.066376306773830399e-03 6.136064048837092111e-01
6.538534859201163840e-01 -8.991750427218557148e-03 6.160900927599244348e-01
6.514379594472450297e-01 -9.907836667920765297e-03 6.185645751020391048e-01
6.489926592268636663e-01 -1.081445560655166886e-02 6.210294065787216322e-01
6.465175830239239252e-01 -1.171143281352144891e-02 6.234841146946593637e-01
6.440127345834117945e-01 -1.259859642941374425e-02 6.259282217365280676e-01
6.414781228135202351e-01 -1.347577669826484359e-02 6.283612565317201470e-01
6.389137595782823364e-01 -1.434280569275070243e-02 6.307827434111955567e-01
6.363196666371263577e-01 -1.519951707523422256e-02 6.331921931713184737e-01
6.336958694093574040e-01 -1.604574623707268749e-02 6.355891154627978379e-01
6.310424020069651529e-01 -1.688133025015506675e-02 6.379730142510621205e-01
6.283593055887597423e-01 -1.770610772963233590e-02 6.403433833261007457e-01
6.256466288594183522e-01 -1.851991922218042957e-02 6.426997353806869206e-01
6.229044284517334384e-01 -1.932260663194539443e-02 6.450415579643863362e-01
6.201327680686047339e-01 -2.011401374659734995e-02 6.473683568483512563e-01
6.173317225986733048e-01 -2.089398568381955340e-02 6.496796142284069209e-01
6.145013739462725777e-01 -2.166236941614682956e-02 6.519748350255957225e-01
6.116418141420403298e-01 -2.241901310898931909e-02 6.542534946566826992e-01
6.087531435395800994e-01 -2.316376673714137108e-02 6.565150886300598065e-01
6.058494228221149580e-01 -2.390784973947934419e-02 6.587417193665597859e-01
6.029190046999510777e-01 -2.464736659015059894e-02 6.609472942336493961e-01
5.999612763283603822e-01 -2.537908173871564199e-02 6.631325741242776184e-01
5.969707337785223888e-01 -2.609693223967310405e-02 6.653040791726055891e-01
5.939521097188332766e-01 -2.680175405177788808e-02 6.674558152580976067e-01
5.909050549828397392e-01 -2.749382160653756138e-02 6.695877813347274055e-01
5.878297725721104428e-01 -2.817314737518828577e-02 6.716994265666699215e-01
5.847264280374993017e-01 -2.883964315688719582e-02 6.737902619246552982e-01
5.815952060665389167e-01 -2.949318620491349352e-02 6.758597813145528210e-01
5.784363004729096147e-01 -3.013364212459863911e-02 6.779074991019772289e-01
5.752499175687897370e-01 -3.076087277079187637e-02 6.799329164042299256e-01
5.720448629877749047e-01 -3.138280778281964806e-02 6.819251075407390950e-01
5.687896234034442999e-01 -3.197350576733148236e-02 6.839219106014173821e-01
5.655107208606356961e-01 -3.254348743263622140e-02 6.858919672809071777e-01
5.622053622183524890e-01 -3.309670695014767239e-02 6.878377069299582702e-01
5.588739983757742280e-01 -3.363471072753856927e-02 6.897584372636371697e-01
5.555168437081114963e-01 -3.415802506895952717e-02 6.916537316029728322e-01
5.521341758977699188e-01 -3.466678382358664989e-02 6.935231382234839925e-01
5.487262963770853652e-01 -3.516096557966624792e-02 6.953661995825902720e-01
5.452935160147658333e-01 -3.564048819773159293e-02 6.971824785901306054e-01
5.418361629843299054e-01 -3.610524654187896587e-02 6.989715323646044087e-01
5.383545743014159779e-01 -3.655512754741420400e-02 7.007329356018653366e-01
5.348491023599178940e-01 -3.699001643821734492e-02 7.024662532919327962e-01
5.313201046055942012e-01 -3.740979963681926451e-02 7.041710841825054024e-01
5.277679561658434881e-01 -3.781436594312313076e-02 7.058470030485016755e-01
5.241930359808139039e-01 -3.820360745279290787e-02 7.074936264101597816e-01
5.205957402013887680e-01 -3.857742001548914584e-02 7.091105448162843272e-01
5.169764713460094363e-01 -3.893570384879343343e-02 7.106973871740904780e-01
5.133356427532453914e-01 -3.927836394763531414e-02 7.122537779621509468e-01
5.096764271146764225e-01 -3.962976429071213974e-02 7.137649694348766616e-01
5.060066024058060830e-01 -4.007312625030207132e-02 7.151882983045904085e-01
5.025550404128709125e-01 -4.039994132642900360e-02 7.165443966598780134e-01
5.028318822388115894e-01 -4.059413040565398173e-02 7.164052466921164708e-01
5.027932611916084982e-01 -4.064215851982964922e-02 7.164519304104650654e-01
5.027774899763058913e-01 -4.064966125090602178e-02 7.165169728923386216e-01
5.027641093075978507e-01 -4.064289957560091038e-02 7.165761634124702129e-01
5.023480526105903454e-01 -4.063484758434660754e-02 7.167256505068497763e-01
4.984915175926691866e-01 -4.107156571504968351e-02 7.180608184153081108e-01
4.947908447566790047e-01 -4.167761115836442209e-02 7.192837413153543302e-01
4.910313720630704037e-01 -4.215627043707455973e-02 7.205750064514152564e-01
4.872615298082538793e-01 -4.258899943477346267e-02 7.218268090939062853e-01
4.834590660939829809e-01 -4.285684284739990635e-02 7.231207594350302914e-01
4.796452599360903624e-01 -4.307107290789132653e-02 7.243770511655894806e-01
4.758152086157231841e-01 -4.326379192992509115e-02 7.255987830525221227e-01
4.719694388282127950e-01 -4.344637750097948836e-02 7.267837678296024118e-01
4.681074241349694742e-01 -4.361362807859408414e-02 7.279356559151940465e-01
4.642299693311313091e-01 -4.376469449285404212e-02 7.290537886879800977e-01
4.603376044073341222e-01 -4.389940539066546077e-02 7.301379101515353964e-01
4.564308804951421883e-01 -4.401773425304266601e-02 7.311877542987013090e-01
4.525049403695607930e-01 -4.413279428249029107e-02 7.322261072671173432e-01
4.485607608005125480e-01 -4.424626669484999636e-02 7.332514141945356556e-01
4.446950716261589553e-01 -4.503667240717069975e-02 7.338748638838127336e-01
4.409036537906300124e-01 -4.697931602003116436e-02 7.340044721536266303e-01
4.370473670973203384e-01 -4.905367915738959722e-02 7.341001937842628333e-01
4.331532729543305371e-01 -5.114678973405333701e-02 7.341467080747192675e-01
4.292701056297591466e-01 -5.363317840614571785e-02 7.339773335693601242e-01
4.253662290424501391e-01 -5.633859273490192388e-02 7.336779328617035745e-01
4.214240407080642736e-01 -5.907309603211743920e-02 7.333187509565484152e-01
4.174542869541768564e-01 -6.187438056355242660e-02 7.328753912871048826e-01
4.134594852498876261e-01 -6.476335254105712591e-02 7.323377188253663572e-01
4.094368482219821193e-01 -6.771411584828099239e-02 7.317148969160571781e-01
4.053839782664332980e-01 -7.069816465724157450e-02 7.310168363756230914e-01
4.012989742186994779e-01 -7.369246637044753190e-02 7.302517639206419497e-01
3.972474295256921417e-01 -7.682119037764610636e-02 7.293521862119901611e-01
3.933001402721412187e-01 -8.017139997024783082e-02 7.282666709931331361e-01
3.894116631621570845e-01 -8.363398525593859767e-02 7.270501772835854526e-01
3.856824298711956645e-01 -8.742081195808340532e-02 7.255883144481583003e-01
3.822606551911377770e-01 -9.173136944999861486e-02 7.237639350742021138e-01
3.788136287889070641e-01 -9.599698497326576707e-02 7.218855276069059412e-01
3.755424275354333763e-01 -1.003964682806008368e-01 7.198349302181318299e-01
3.712172080267381880e-01 -1.031457683622309246e-01 7.197198702443593499e-01
3.671889177552267736e-01 -1.063068101329647241e-01 7.194000879065086673e-01
3.631393455683453730e-01 -1.095942225577376389e-01 7.190597318983471542e-01
3.590748176309606632e-01 -1.129094866500282568e-01 7.186606709323443143e-01
3.550059924677261836e-01 -1.160269129043369762e-01 7.181851000318184575e-01
3.503309807919712249e-01 -1.182190987919742586e-01 7.174968745973380191e-01
3.455808054709317290e-01 -1.194957780115723095e-01 7.166500532718129701e-01
3.417178913123487538e-01 -1.192184836271516085e-01 7.157449765726136004e-01
3.383357871276213569e-01 -1.190291092216954755e-01 7.148902495311721950e-01
3.349100093575859693e-01 -1.187971163872589414e-01 7.139995999248117675e-01
3.329763653311192950e-01 -1.158643438486978150e-01 7.131290370370502174e-01
3.313449638406512632e-01 -1.120861242436631267e-01 7.122301838070953517e-01
3.302700586436019825e-01 -1.073424626458737707e-01 7.113166478612761301e-01
3.290095794852205269e-01 -1.034328687766328525e-01 7.104132270810616934e-01
3.275673724196757619e-01 -9.971602761652598179e-02 7.094477225782480634e-01
3.261608900075274042e-01 -9.578094099029825503e-02 7.084226200784343730e-01
3.245739595260727639e-01 -9.604927267795530799e-02 7.082654410616694429e-01
3.243316818916081035e-01 -9.728662644532809489e-02 7.073899792206667092e-01
3.243373745926017016e-01 -9.714857263038313706e-02 7.074656221731063788e-01
3.243283272195531253e-01 -9.714829939163774353e-02 7.074633627078725784e-01
3.243209082532452769e-01 -9.714625513687878688e-02 7.074865266501563221e-01
3.237305832300296782e-01 -9.909881637378260832e-02 7.062103311463704403e-01
3.231093590834071549e-01 -1.010844780993945397e-01 7.048994866276755422e-01
3.224899093711098286e-01 -1.030760790405615274e-01 7.035704087150354002e-01
3.218692347582720048e-01 -1.050764692920274634e-01 7.022216019422649058e-01
3.212476485038041063e-01 -1.070851214061380730e-01 7.008529838410811896e-01
3.197425682874660557e-01 -1.062242640043766784e-01 7.002971338214738495e-01
3.183096900138656649e-01 -1.056676218577610182e-01 6.996471078174240077e-01
3.168614008757543732e-01 -1.050740436154887908e-01 6.989950360912094984e-01
3.154055902181343574e-01 -1.044803920242792367e-01 6.983314475177619940e-01
3.139415786160221211e-01 -1.038827033606291167e-01 6.976571492323512258e-01
3.133637674938769546e-01 -1.061522139514011753e-01 6.961654562735217766e-01
3.126768323400657135e-01 -1.081331542227491338e-01 6.947525853622237291e-01
3.111152124650564677e-01 -1.072884622498614521e-01 6.941317338075165821e-01
3.096248592029444691e-01 -1.067437843939872399e-01 6.934177301326897025e-01
3.081191432680464026e-01 -1.061628048157733928e-01 6.927007175621864299e-01
3.066058604441883606e-01 -1.055819083588265400e-01 6.919714052201353383e-01
3.059844620392535020e-01 -1.078524545725694367e-01 6.904244975491705683e-01
3.052533466381219251e-01 -1.098356268145409820e-01 6.889553710125793096e-01
3.036415435503785898e-01 -1.090091998788339789e-01 6.882774673216399686e-01
3.021015833897889857e-01 -1.084815126792587348e-01 6.875055332198950486e-01
3.005462048778390072e-01 -1.079178607836684678e-01 6.867299317658085434e-01
2.989832786745628690e-01 -1.073544943041661176e-01 6.859413038103883142e-01
2.974121552413713787e-01 -1.067875201860094964e-01 6.851404324215600861e-01
2.967355855361978878e-01 -1.090541856664124371e-01 6.835302887279089967e-01
2.959491226214720494e-01 -1.110347768414981645e-01 6.819957951303002863e-01
2.942792061492626177e-01 -1.102248810785576016e-01 6.812427237267384417e-01
2.926814276400589998e-01 -1.097121844259307116e-01 6.803953809995176849e-01
2.910683365376484089e-01 -1.091639453154869405e-01 6.795434093278895915e-01
2.894478232515164673e-01 -1.086162405256514280e-01 6.786774919669250616e-01
2.878192539325235555e-01 -1.080651986444833984e-01 6.777984074914773505e-01
2.870870274345102557e-01 -1.103256999785453690e-01 6.761190326622070756e-01
2.862449738116935039e-01 -1.123018333706095329e-01 6.745129978887318689e-01
2.845176822834391550e-01 -1.115105482651565921e-01 6.736779270682445864e-01
2.828627962291335174e-01 -1.110144684958579708e-01 6.727482937647710770e-01
2.811928278293222561e-01 -1.104833611751289274e-01 6.718130209363033511e-01
2.794753758222744966e-01 -1.103122763441080484e-01 6.708964470781693112e-01
2.789870951770936913e-01 -1.134381414958280376e-01 6.686327380131448228e-01
2.790837376742388853e-01 -1.183909187258314344e-01 6.652861176579863978e-01
2.770615618973233385e-01 -1.221329443453642166e-01 6.651329700205264039e-01
2.752688169891169823e-01 -1.260499660642522834e-01 6.646456953755728314e-01
2.734444423007937885e-01 -1.299930089570643654e-01 6.641473546536739159e-01
2.716270477408726514e-01 -1.339749539355213626e-01 6.636111232410650818e-01
2.698182072246562146e-01 -1.379929679284789268e-01 6.630410776769617431e-01
2.679980131243561714e-01 -1.420517268288172263e-01 6.624268674638764676e-01
2.662497486916761691e-01 -1.461310373881727076e-01 6.618057546312339223e-01
2.646056333528851723e-01 -1.502248330461423975e-01 6.611939190480728978e-01
2.631667994594427129e-01 -1.543108394818759888e-01 6.606416077519212671e-01
2.620501887052046897e-01 -1.583663770408156313e-01 6.602111851578786883e-01
2.616741984637873664e-01 -1.621600102118534170e-01 6.601180396275138085e-01
2.629394654694886535e-01 -1.633841738503723495e-01 6.599900520337923515e-01
2.641951026126360680e-01 -1.627457249574146558e-01 6.599455559427117590e-01
2.657428199220996934e-01 -1.595148754197016072e-01 6.600297658654321609e-01
2.674766753511617634e-01 -1.548781929399446478e-01 6.601898735425645315e-01
2.692438225549677600e-01 -1.500049588303041526e-01 6.603524553163894195e-01
2.705800244244332409e-01 -1.451191846783679851e-01 6.605343481088655766e-01
2.715430967162896780e-01 -1.402025815352158367e-01 6.604829524058529744e-01
2.725113090972505203e-01 -1.352452857735302327e-01 6.603716298950378372e-01
2.734059619921333506e-01 -1.302495654523428970e-01 6.601656481204405402e-01
2.743497221711105882e-01 -1.252115951681712913e-01 6.599233865380997877e-01
2.753207806833109506e-01 -1.201326546359270941e-01 6.596339653094164257e-01
2.785884530843659723e-01 -1.156752135833501727e-01 6.605979600968884258e-01
2.818388957438722753e-01 -1.111356080798061863e-01 6.614944882282222105e-01
2.849455405814738107e-01 -1.066165659042275365e-01 6.622410549100680166e-01
2.829735397093155469e-01 -1.065651388145944789e-01 6.611953585201317818e-01
2.822522125467708531e-01 -1.087878524187310958e-01 6.594143662415490326e-01
2.813863190427748351e-01 -1.107820742763258870e-01 6.576985786173176196e-01
2.796292251934044404e-01 -1.099810277027281069e-01 6.567510146622358436e-01
2.779429168221460578e-01 -1.094782133529880880e-01 6.557088696185582322e-01
2.762409913395314498e-01 -1.089393389916400168e-01 6.546604957310150352e-01
2.745312485590625240e-01 -1.084008634755816297e-01 6.535965870723148274e-01
2.737285642339627456e-01 -1.106656590203211887e-01 6.517369171536127048e-01
2.728149431036879791e-01 -1.126454534121715673e-01 6.499476907313099794e-01
2.710049583437265097e-01 -1.118666889922947660e-01 6.489226965754772980e-01
2.692671814272581399e-01 -1.113829917358355320e-01 6.478016385825547951e-01
2.675147671508478209e-01 -1.108642955691796494e-01 6.466730672502729593e-01
2.657555041327798739e-01 -1.103465883509103379e-01 6.455276591219030191e-01
2.639889348210331943e-01 -1.098260561016672909e-01 6.443661349486762280e-01
2.631280413626173598e-01 -1.120726324518753203e-01 6.424190919459045190e-01
2.621578174135623662e-01 -1.140375455194162641e-01 6.405394531467518693e-01
2.602944587429215639e-01 -1.132824030579558799e-01 6.394109406067131074e-01
2.585037673665604441e-01 -1.128188673267847969e-01 6.381858024902934412e-01
2.566996262983421984e-01 -1.123214112783823410e-01 6.369517076233576214e-01
2.548897056934403271e-01 -1.118255251533258887e-01 6.356994187104083593e-01
2.530735728073724156e-01 -1.113274407707615515e-01 6.344296607713222347e-01
2.521593253013357239e-01 -1.135521178901981870e-01 6.323863061683739906e-01
2.511377363947753794e-01 -1.154992078450717691e-01 6.304071565674278510e-01
2.492284862554424163e-01 -1.147723336558369028e-01 6.291646896806314393e-01
2.473920731802202178e-01 -1.143325403247079375e-01 6.278253092913500533e-01
2.455435263514322286e-01 -1.138599999791719691e-01 6.264755973170456071e-01
2.436903689284454499e-01 -1.133895663221462791e-01 6.251064050637780145e-01
2.417899928422225786e-01 -1.132615279322695401e-01 6.237510713705591847e-01
2.419336272123989995e-01 -1.163386619585045773e-01 6.213528803248680177e-01
2.422526762364770325e-01 -1.193506345630844373e-01 6.190169988365900045e-01
2.411377063314652236e-01 -1.201973698973328175e-01 6.185812719161437601e-01
2.402935042959690737e-01 -1.212665635007135201e-01 6.180379974539024213e-01
2.393758378774337170e-01 -1.227374809300609548e-01 6.175404338071555088e-01
2.384738187010185251e-01 -1.245014745204001128e-01 6.170932976341990672e-01
2.375735710494967234e-01 -1.263080096075975267e-01 6.166460574137061501e-01
2.367003183233489239e-01 -1.282175423188272878e-01 6.162235796964995460e-01
2.360451171783713720e-01 -1.304380361165614899e-01 6.159916921611512386e-01
2.358371834110649379e-01 -1.331054491348569457e-01 6.159834209146939354e-01
2.356085586000326304e-01 -1.359786556698081572e-01 6.159544344582209563e-01
2.355563720160736008e-01 -1.390420189892654368e-01 6.159166784959247964e-01
2.355816422353380901e-01 -1.421949834379178934e-01 6.158736537585925985e-01
2.356887522119086587e-01 -1.452452236824826048e-01 6.158242079087973275e-01
2.358461534962283113e-01 -1.482401772839289922e-01 6.157702898623110821e-01
2.360260723238460090e-01 -1.512624213659859440e-01 6.157130920413856900e-01
2.362223432606395945e-01 -1.543044762708594975e-01 6.156526957666788036e-01
2.365110329832715019e-01 -1.572446040218799523e-01 6.155859950853272977e-01
2.368881839916555376e-01 -1.600229382798776523e-01 6.155141351628694579e-01
2.374525907629649879e-01 -1.622307459389395745e-01 6.154375492853698670e-01
2.380880398292206102e-01 -1.637579433714619614e-01 6.153672931729564644e-01
2.387354066935440389e-01 -1.651570346925556321e-01 6.152977052101173960e-01
2.413965542383404994e-01 -1.663005377627399806e-01 6.173026005365417346e-01
2.440353199492663050e-01 -1.659187582826289198e-01 6.190773760379097990e-01
2.466928780711980240e-01 -1.656814325432924839e-01 6.208536513047839822e-01
2.493745022352711893e-01 -1.654297679910422258e-01 6.226156755399301357e-01
2.520786852239493281e-01 -1.651787676098251667e-01 6.243638927083883239e-01
2.548055129612412095e-01 -1.649269063467651286e-01 6.260978113096651310e-01
2.575548186536733009e-01 -1.646742387867505264e-01 6.278169746534650875e-01
2.603264557526914214e-01 -1.644206760667050737e-01 6.295209214415582455e-01
2.631202632088633919e-01 -1.641661490992383787e-01 6.312091859681455697e-01
2.659360694369073408e-01 -1.639105925179430434e-01 6.328812997929551543e-01
2.687736921832182269e-01 -1.636539454697639173e-01 6.345367904097269918e-01
2.685265155601663234e-01 -1.636899063107800090e-01 6.343996585129778598e-01
2.670034351090453395e-01 -1.636017412552354111e-01 6.334071100957826550e-01
2.651456269288297585e-01 -1.634983074251957491e-01 6.322372348073034276e-01
2.633108499555365523e-01 -1.633936754859335316e-01 6.310646359947957862e-01
2.614642123470925505e-01 -1.632898481726498541e-01 6.298740800683444441e-01
2.596094326388160844e-01 -1.631863729669677243e-01 6.286665800947033311e-01
2.577464025932481584e-01 -1.630834131093505668e-01 6.274417658855641067e-01
2.558753918288682039e-01 -1.629810297364846228e-01 6.261993888437900058e-01
2.539966249706649970e-01 -1.628792955442726065e-01 6.249392035842610271e-01
2.521103305795994176e-01 -1.627782799135181757e-01 6.236609628992472176e-01
2.502167357611370657e-01 -1.626780511195624612e-01 6.223644200890600109e-01
2.483160619193743590e-01 -1.625786757737427146e-01 6.210493542187811578e-01
2.464085351996192497e-01 -1.624802199361997657e-01 6.197155276028473159e-01
2.444943795146287402e-01 -1.623827481975501641e-01 6.183627177536087371e-01
2.425738225123417469e-01 -1.622863247578995860e-01 6.169906948379865197e-01
2.406470903125788041e-01 -1.621910126111489880e-01 6.155992443712491324e-01
2.387144121967483268e-01 -1.620968747782533248e-01 6.141881556620915061e-01
2.367760215287277037e-01 -1.620039733634928980e-01 6.127572123241921132e-01
2.348321533622635127e-01 -1.619123702600638315e-01 6.113062107121047806e-01
2.328830502447492568e-01 -1.618221271257673233e-01 6.098349305586379110e-01
2.317701060216409703e-01 -1.615826789625978699e-01 6.088939440850980045e-01
2.324280801482738468e-01 -1.611025374790523434e-01 6.089612926782681512e-01
2.331170721346340902e-01 -1.606289007337222963e-01 6.089363444095656774e-01
2.338098641552187329e-01 -1.601487400259090921e-01 6.089194111116479347e-01
2.345091326980219271e-01 -1.596633854735378111e-01 6.089013666877951536e-01
2.372258941515333897e-01 -1.594149286336521421e-01 6.108903861783615552e-01
2.397847115163906362e-01 -1.591395578573148728e-01 6.126957179260557051e-01
2.423846436615361144e-01 -1.588665692978429578e-01 6.145037079260675661e-01
2.450072292362639459e-01 -1.585928015523934143e-01 6.162981202319809393e-01
2.476539745500536960e-01 -1.583185101571705222e-01 6.180798444326652819e-01
2.503245493145145883e-01 -1.580436045639205811e-01 6.198483258945266527e-01
2.530187880928038702e-01 -1.577680353022857807e-01 6.216031257703206192e-01
2.557365052372785330e-01 -1.574917535630872834e-01 6.233437886878139267e-01
2.584775116704435827e-01 -1.572147151138142962e-01 6.250698563646799322e-01
2.612416124988174992e-01 -1.569368792256437273e-01 6.267808658102655972e-01
2.640286073842159631e-01 -1.566582087073594698e-01 6.284763514401841000e-01
2.668382886101542950e-01 -1.563786687765710837e-01 6.301558419947642653e-01
2.696704419589449064e-01 -1.560982274208363163e-01 6.318188637630142157e-01
2.725248456965593813e-01 -1.558168547577894192e-01 6.334649392661351186e-01
2.754012706844821690e-01 -1.555345231109242499e-01 6.350935892032439911e-01
2.751480997825203612e-01 -1.555751924677171438e-01 6.349599215295885779e-01
2.751767578430629468e-01 -1.555688256176495921e-01 6.349662787687080368e-01
2.751841861550510804e-01 -1.555573975062806980e-01 6.349537878330748786e-01
2.751911472736849329e-01 -1.555468809940895314e-01 6.349425558577703743e-01
2.751975139809325621e-01 -1.555372215392799018e-01 6.349322489672071246e-01
2.752033368094677357e-01 -1.555283475314737374e-01 6.349227960910763802e-01
2.752086603446173285e-01 -1.555201947840893495e-01 6.349141286365458381e-01
2.752135255328773678e-01 -1.555127043100582307e-01 6.349061835604586923e-01
2.752179699572686045e-01 -1.555058219470697722e-01 6.348989028787018762e-01
2.752220281149550529e-01 -1.554994979619178097e-01 6.348922332617802367e-01
2.752257316715135960e-01 -1.554936866882535018e-01 6.348861256615792037e-01
2.752291096936760884e-01 -1.554883461945884837e-01 6.348805349685747723e-01
2.752321888632446312e-01 -1.554834379787677634e-01 6.348754196957219209e-01
2.752349936732015334e-01 -1.554789266875751252e-01 6.348707416877521492e-01
2.752375466075251409e-01 -1.554747798593917041e-01 6.348664658538740735e-01
2.752398683064161133e-01 -1.554709676875097590e-01 6.348625599214772208e-01
2.752419777172284698e-01 -1.554674628037951145e-01 6.348589942105667960e-01
2.752438922341918781e-01 -1.554642400781713063e-01 6.348557414244363484e-01
2.752456278253201383e-01 -1.554612764364829980e-01 6.348527764590790046e-01
2.752471991500449744e-01 -1.554585506914413495e-01 6.348500762261478636e-01
2.752486196659647000e-01 -1.554560433892707150e-01 6.348476194919160376e-01
2.752499017278543514e-01 -1.554537366672720244e-01 6.348453867276350193e-01
2.752510566781095624e-01 -1.554516141236953475e-01 6.348433599725417098e-01
2.752520949295679809e-01 -1.554496606985576179e-01 6.348415227081420920e-01
2.752530260419459029e-01 -1.554478625635471456e-01 6.348398597420064071e-01
2.752538587916230073e-01 -1.554462070215293368e-01 6.348383571014277749e-01
2.752546012360512773e-01 -1.554446824136938854e-01 6.348370019351422533e-01
2.752552607724448319e-01 -1.554432780350132326e-01 6.348357824235368874e-01
2.752558441920353594e-01 -1.554419840559883859e-01 6.348346876955651696e-01
2.752563577298340336e-01 -1.554407914508510180e-01 6.348337077524054406e-01
2.752568071099789071e-01 -1.554396919322147685e-01 6.348328333976780424e-01
2.752571975877641797e-01 -1.554386778903876776e-01 6.348320561727748279e-01
2.752575339880451444e-01 -1.554377423379394163e-01 6.348313682976061134e-01
2.752578207403543198e-01 -1.554368788590894945e-01 6.348307626162608130e-01
2.752580619115053140e-01 -1.554360815625300818e-01 6.348302325466402829e-01
2.752582612353174918e-01 -1.554353450384834967e-01 6.348297720344087125e-01
2.752584221395533715e-01 -1.554346643200144873e-01 6.348293755108830316e-01
2.752585477713205830e-01 -1.554340348461378252e-01 6.348290378537569945e-01
2.752586410201133260e-01 -1.554334524284329000e-01 6.348287543513104758e-01
2.752587045383895759e-01 -1.554329132218698062e-01 6.348285206695867267e-01
2.752587407618065640e-01 -1.554324136946299006e-01 6.348283328219392896e-01
2.752587519262618687e-01 -1.554319506043320698e-01 6.348281871412356780e-01
2.752587400844485055e-01 -1.554315209740340931e-01 6.348280802539771894e-01
2.752587071210777503e-01 -1.554311220697891793e-01 6.348280090569368150e-01
2.752586547665961669e-01 -1.554307513805138208e-01 6.348279706959584212e-01
2.752585846095799149e-01 -1.554304066007981822e-01 6.348279625454410491e-01
2.752584981084603699e-01 -1.554300856143344123e-01 6.348279821893085817e-01
2.752583966022710826e-01 -1.554297864771818083e-01 6.348280274055873029e-01
2.752582813203395817e-01 -1.554295074043610114e-01 6.348280961502235087e-01
2.752581533913229794e-01 -1.554292467569314828e-01 6.348281865425239312e-01
2.752580138514996722e-01 -1.554290030299761427e-01 6.348282968519955993e-01
2.752578636521633149e-01 -1.554287748413095138e-01 6.348284254873785004e-01
2.752577036668060195e-01 -1.554285609219028808e-01 6.348285709840481017e-01
2.752575346970848047e-01 -1.554283601061542397e-01 6.348287319959895481e-01
2.752573574791861155e-01 -1.554281713239611118e-01 6.348289072838191327e-01
2.752571726891235304e-01 -1.554279935926947132e-01 6.348290957067752593e-01
2.752569809473246476e-01 -1.554278260099030140e-01 6.348292962162620512e-01
2.752567828234147584e-01 -1.554276677469036971e-01 6.348295078474178732e-01
2.752565788405663683e-01 -1.554275180427532876e-01 6.348297297117148075e-01
2.752563694789558202e-01 -1.554273761986363356e-01 6.348299609922285480e-01
2.752561551792966354e-01 -1.554272415728308876e-01 6.348302009377957411e-01
2.752559363462839248e-01 -1.554271135760518785e-01 6.348304488569580517e-01
2.752557133514160204e-01 -1.554269916671575102e-01 6.348307041136647122e-01
2.752554865359569947e-01 -1.554268753491863386e-01 6.348309661219788680e-01
2.752552564665047274e-01 -1.554267641211311557e-01 6.348312334701862181e-01
2.752550220862995389e-01 -1.554266578221619455e-01 6.348315102658462772e-01
2.752547863024070729e-01 -1.554265555261189480e-01 6.348317870460263856e-01
2.752545464575789635e-01 -1.554264575206586452e-01 6.348320732095078522e-01
2.752543054936971711e-01 -1.554263628178977064e-01 6.348323592444532482e-01
2.752540606751790464e-01 -1.554262718992216741e-01 6.348326545789446662e-01
2.752538149581038596e-01 -1.554261837190993034e-01 6.348329497225203566e-01
2.752535655468116849e-01 -1.554260989146944993e-01 6.348332541183520084e-01
2.752533154101580171e-01 -1.554260163914110149e-01 6.348335582911969199e-01
2.752530645847412472e-01 -1.554259359393625750e-01 6.348338623760546584e-01
2.752528131405811429e-01 -1.554258573684836608e-01 6.348341663656498213e-01
2.752525582390878411e-01 -1.554257815417897370e-01 6.348344795700872067e-01
